popn_density_uk_2015.asc
ncols         312
nrows         312
xllcorner     -10
yllcorner     49
cellsize      0.0416666666667
NODATA_value  -9999
[rows 192 to 223 of 312, columns 144 to 215 of 312]
-9999 -9999 -9999 -9999 -9999 -9999 -9999 -9999 -9999 -9999 -9999 -9999 -9999 -9999 -9999 -9999 -9999 -9999 -9999 -9999 -9999 -9999 -9999 326.4544 283.2686 261.6962 224.8715 220.5884 231.5628 236.5391 251.1667 220.6828 220.5674 218.4771 120.1892 94.52901 94.52901 94.52901 94.52901 90.45766 80.44948 68.21503 64.70531 52.42043 48.65384 48.65384 48.65384 48.65384 48.65384 48.65384 77.81125 58.87645 108.1228 120.358 120.358 120.358 120.358 120.358 120.358 120.358 120.358 120.358 120.358 120.358 120.358 120.358 334.1396 1050.248 1137.557 1294.579 1294.579 1294.579
-9999 -9999 -9999 -9999 -9999 -9999 -9999 -9999 -9999 -9999 -9999 -9999 -9999 -9999 -9999 -9999 -9999 -9999 -9999 -9999 -9999 -9999 326.4544 326.4544 326.4544 326.4544 309.5744 240.1639 284.7644 325.6763 324.965 305.4981 267.2866 113.2435 94.52901 94.52901 94.52901 94.52901 94.52901 94.52901 94.52901 94.52901 310.7946 372.4357 179.1693 53.42076 48.65384 48.65384 268.3757 1135.353 1220.786 699.6397 688.4059 335.4397 144.6141 132.0656 120.358 120.358 120.358 120.358 120.358 251.1294 755.5916 878.8691 527.1414 116.895 130.6341 1093.098 1294.579 1294.579 1294.579 1294.579
-9999 -9999 -9999 -9999 -9999 -9999 -9999 -9999 -9999 -9999 -9999 -9999 -9999 -9999 -9999 -9999 -9999 -9999 -9999 -9999 -9999 -9999 359.7184 328.5677 326.4544 326.4544 326.4544 326.4544 326.4544 326.4544 326.4544 452.2005 527.5758 119.1301 94.52901 94.52901 94.52901 94.52901 94.52901 94.52901 94.52901 125.9096 392.2208 545.1235 545.1235 319.2902 49.65096 48.65384 441.5667 1239.867 1274.308 1274.308 1277.731 1298.156 1228.898 1261.979 1095.192 1005.697 1092.845 1180.9 1186.746 1221.639 1345.138 1345.138 675.9274 104.4305 98.6967 142.5715 704.6378 1126.02 1174.302 964.0149
-9999 -9999 -9999 -9999 -9999 -9999 -9999 -9999 -9999 -9999 -9999 -9999 -9999 -9999 -9999 -9999 -9999 -9999 -9999 -9999 -9999 -9999 3075.686 1820.485 345.2316 367.783 373.9356 333.4404 329.1633 351.3393 532.5537 882.9526 893.7151 199.2202 94.52901 94.52901 94.52901 94.52901 94.52901 94.52901 340.6336 542.8547 545.1235 545.1235 545.1235 542.5849 383.0754 1009.978 1187.708 1274.308 1274.308 1274.308 1274.308 1283.086 1291.703 1335.227 1345.138 1345.138 1345.138 1345.138 1345.138 1345.138 1345.138 1218.915 303.0433 98.6967 98.6967 98.6967 98.6967 98.6967 98.77789 98.6967
-9999 -9999 -9999 -9999 -9999 -9999 -9999 -9999 -9999 -9999 -9999 -9999 -9999 -9999 -9999 -9999 -9999 -9999 -9999 -9999 -9999 -9999 3075.686 2913.39 771.3023 405.3963 405.3963 400.0144 576.8909 872.4384 868.2769 912.419 912.419 364.8083 94.52901 94.52901 94.52901 227.5617 483.144 194.8914 525.7701 643.3111 664.311 698.7525 692.8112 545.6944 591.5719 964.9019 1229.895 1274.308 1274.308 1274.308 1274.308 1274.308 1274.421 1341.476 1345.138 1345.138 1345.138 1345.138 1345.138 1345.138 1345.138 1345.035 658.2997 98.6967 98.6967 98.6967 98.6967 98.6967 98.6967 98.6967
-9999 -9999 -9999 -9999 -9999 -9999 -9999 -9999 -9999 -9999 -9999 -9999 -9999 -9999 -9999 -9999 -9999 -9999 -9999 -9999 -9999 -9999 1487.301 1363.011 421.2006 405.3963 405.3963 405.3963 433.9086 886.0899 910.7689 912.1675 908.6611 815.4514 504.7054 381.4895 652.705 1072.529 1140.734 1133.366 807.5469 758.8112 761.3854 763.3669 727.9146 514.6413 514.6373 514.6373 580.9406 612.635 714.1293 1165.479 1080.901 1274.308 1240.671 1235.56 1332.854 1345.138 1345.138 1345.138 1345.138 1345.138 1345.138 1345.138 978.0069 101.8432 98.6967 98.6967 98.6967 98.6967 98.6967 98.6967
-9999 -9999 -9999 -9999 -9999 -9999 -9999 -9999 -9999 -9999 -9999 -9999 -9999 -9999 -9999 -9999 -9999 -9999 -9999 -9999 -9999 276.6015 333.7597 340.006 340.7726 341.9203 333.8264 414.3697 837.2249 899.7698 899.8521 894.8625 823.3695 614.7632 638.5505 975.0357 979.124 1047.066 1117.386 938.6461 531.0897 488.338 521.5302 606.9786 573.878 514.6373 514.6373 514.6373 514.6373 514.6373 514.6373 515.899 521.191 850.7224 958.9802 974.548 1044.426 1247.301 1334.91 1205.815 1159.563 1167.278 1186.669 1094.294 906.0584 370.4995 164.7664 98.6967 98.6967 98.6967 98.6967 98.6967
-9999 -9999 -9999 -9999 -9999 -9999 -9999 -9999 -9999 -9999 -9999 -9999 -9999 -9999 -9999 -9999 -9999 -9999 -9999 -9999 -9999 276.6015 805.6146 926.4669 1160.995 456.4551 276.6015 276.6815 628.4734 662.1136 771.1644 738.7411 526.3602 506.7662 507.1728 801.0105 979.124 979.3464 813.8381 464.6514 460.2411 460.0714 484.3844 460.0714 664.0393 611.589 704.7961 514.6373 514.6373 514.6373 514.6373 534.905 619.4667 744.2697 901.481 974.0563 974.0563 952.0815 947.82 917.9241 917.9241 917.9241 917.9241 917.9241 917.9241 916.2288 446.0144 130.7515 98.6967 104.0101 135.0677 131.2291
-9999 -9999 -9999 -9999 -9999 -9999 -9999 -9999 -9999 -9999 -9999 -9999 -9999 -9999 -9999 -9999 -9999 -9999 -9999 -9999 -9999 -9999 1293.411 1293.396 1203.16 425.6039 276.6015 276.6015 385.0805 506.7662 506.7662 506.2213 506.7662 506.7662 506.7662 778.562 979.124 1180.113 1066.104 1513.27 1501.419 728.1682 1254.183 896.1687 1205.788 1282.6 1279.713 614.0146 534.9885 709.304 776.1549 938.0921 974.0563 974.0563 974.0563 974.0563 974.0563 934.0352 917.9241 917.9241 917.9241 917.9241 917.9241 917.9241 917.9241 892.8082 190.736 226.7763 225.9189 315.1494 352.6161 405.3484
-9999 -9999 -9999 -9999 -9999 -9999 -9999 -9999 -9999 -9999 -9999 -9999 -9999 -9999 -9999 -9999 -9999 -9999 -9999 -9999 -9999 1293.411 1293.411 773.8997 284.941 276.6015 276.6015 276.6015 285.3587 308.9507 305.4336 806.004 1020.325 1141.126 1083.096 1672.141 1728.19 1821.336 1828.974 1812.995 1810.711 1510.436 1287.138 1282.6 1285.109 1341.71 1344.022 1327.37 1061.649 974.0563 974.0563 974.0563 974.0563 974.0563 974.0563 974.0563 974.0563 925.233 764.4398 821.7014 801.5368 750.9528 787.0475 858.0018 917.9241 847.2333 518.7874 483.5699 483.5699 483.5699 483.5699 483.5699
-9999 -9999 -9999 -9999 -9999 -9999 -9999 -9999 -9999 -9999 -9999 -9999 -9999 -9999 -9999 -9999 -9999 -9999 -9999 -9999 -9999 1293.411 1285.568 471.6389 338.4449 301.0572 276.6015 276.6015 276.6015 276.6015 411.6443 1497.32 1513.692 1513.692 1706.208 1831.469 1831.469 1831.613 1831.442 1817.283 1810.711 1809.84 1403.889 1291.924 1453.998 1486.018 1486.018 1486.018 1473.797 1229.537 988.7158 974.0563 974.0563 974.0563 900.5218 864.608 813.8588 704.6723 629.5835 629.5835 629.5835 629.5835 629.5835 621.0574 589.0054 488.7519 483.5699 483.5699 483.5699 483.5699 483.5699 483.5699
-9999 -9999 -9999 -9999 -9999 -9999 -9999 -9999 -9999 -9999 -9999 -9999 -9999 -9999 -9999 -9999 -9999 -9999 -9999 -9999 1293.411 1293.411 1293.387 1137.089 901.6166 1138.811 679.5837 277.032 551.0564 747.3057 915.8281 1501.533 1513.692 1513.692 1535.869 1599.082 1576.253 1769.341 2052.807 2027.865 1975.14 2146.296 3094.663 2544.21 1558.984 1614.865 1760.084 1768.829 1552.347 1185.118 264.5722 410.1868 597.4055 678.549 634.1587 645.9131 629.606 629.5835 629.5835 629.5835 629.5835 629.5835 662.9642 695.1087 636.1387 501.1375 483.5699 483.5699 483.5699 483.5699 483.5699 483.5699
-9999 -9999 -9999 -9999 -9999 -9999 -9999 -9999 -9999 -9999 -9999 -9999 -9999 -9999 -9999 -9999 -9999 -9999 -9999 -9999 -9999 -9999 1293.411 1293.411 1425.181 1920.606 1795.669 1352.074 1251.463 1235.839 1235.839 1237.374 1334.879 1462.246 1481.164 1336.922 1499.812 1826.393 2080.805 2016.747 2006.034 2225.285 3140.333 3140.038 2114.191 1953.745 1953.857 1953.857 959.0166 171.7067 171.7067 171.7067 228.5034 770.2886 1169.36 1392.475 1307.345 1233.998 1061.428 705.5162 1042.09 796.1257 818.9854 822.1287 788.6821 648.1994 483.573 483.5699 483.5699 483.5699 483.5699 483.5699
-9999 -9999 -9999 -9999 -9999 -9999 -9999 -9999 -9999 -9999 -9999 -9999 -9999 -9999 -9999 -9999 -9999 1092.916 1092.916 1092.916 1092.916 1092.916 1092.916 1588.882 2603.705 3057.454 3045.045 1835.342 1601.245 1274.827 1235.839 1216.316 1132.536 1147.06 1111.466 1079.749 1337.289 2009.062 1911.678 1886.36 1915.634 2856.003 3146.949 2760.365 2152.364 2061.562 2022.431 1482.82 282.0105 171.7067 171.7067 171.7067 171.7067 171.7067 1213.161 1395.012 1395.204 1395.204 1346.5 1207.983 1395.204 1205.311 897.9205 822.1287 822.1287 806.8702 637.6604 624.7061 532.5719 467.1704 408.4221 385.9459
-9999 -9999 -9999 -9999 -9999 -9999 -9999 -9999 -9999 -9999 -9999 -9999 -9999 -9999 -9999 -9999 -9999 -9999 1092.916 1092.916 1092.916 1092.916 1092.916 1262.718 2954.759 3057.454 2938.332 2337 1706.638 1459.375 1221.202 1182.978 1079.749 1079.749 1079.749 1079.749 1138.849 1517.828 1785.408 1886.36 2195.135 3129.556 2577.863 2185.552 2185.552 2185.552 2185.552 1905.942 254.2206 171.7067 171.7067 171.7067 171.7067 171.7067 172.4609 603.4757 1251.326 1395.204 1395.204 1395.204 1395.204 1395.204 1288.087 824.793 822.1287 822.1287 822.1287 822.1287 748.5344 248.4379 171.1699 171.1699
-9999 -9999 61.27033 61.27033 61.27033 -9999 -9999 -9999 -9999 -9999 -9999 -9999 61.27033 61.27033 61.27033 265.6285 314.9185 314.9185 821.2353 1092.914 1092.916 1092.916 1092.916 1092.916 1320.27 2211.873 2960.691 2695.39 1599.758 1233.141 1188.222 1154.455 1146.288 1091.091 1079.749 857.0124 467.0166 355.8711 369.9521 616.3297 1238.406 1881.839 1086.968 1701.493 1482.657 763.1862 856.9257 274.4502 171.7067 171.7067 171.7067 171.7067 171.7067 168.8051 168.9498 155.0726 522.7586 1172.593 1395.204 1395.204 1395.204 1338.112 1307.258 1261.596 859.6273 822.1287 822.1287 822.1287 470.0842 171.1699 171.1699 171.1699
-9999 -9999 61.27033 61.27032 61.27033 61.27033 61.27033 61.27033 61.27033 61.27033 61.27033 61.27033 61.27033 61.27033 136.7543 306.7196 314.9185 314.9185 314.9185 522.5876 958.7411 1019.344 920.3724 1015.751 982.9852 947.8613 1458.168 1796.932 1104.57 703.6841 797.5969 784.5827 831.4979 603.7098 443.8127 332.346 273.8021 273.0242 273.0242 273.0242 273.0242 273.0242 273.0242 314.0031 352.6998 273.0242 273.0242 254.5219 171.7067 171.7067 171.7067 171.7067 138.493 94.19054 99.04943 91.66959 130.2198 596.27 909.9366 879.9233 718.3874 359.4731 522.2852 756.1234 445.1832 674.9122 700.5627 495.571 179.5141 171.1699 171.1699 171.1699
61.27033 61.27033 61.27033 61.27033 61.27033 61.27033 61.27033 61.27033 61.27033 61.27033 61.27033 61.27033 61.27033 61.27033 61.27072 146.2398 313.2876 314.9185 314.9185 314.9185 332.7042 537.0244 700.4639 677.1293 457.5354 587.471 630.9978 509.449 414.0509 336.0853 338.6639 338.6639 338.6639 338.6639 338.6639 338.6639 334.3683 305.8594 296.0153 276.6378 275.4344 273.0242 273.0242 273.0242 273.0242 273.0242 273.0242 257.2149 171.7067 171.7067 171.7067 171.566 136.2584 87.93946 87.87484 87.87484 87.87484 94.03136 295.3649 337.1217 574.9554 1195.771 1317.798 1351.913 808.9604 444.6288 444.1278 320.1659 171.1699 171.1699 171.0302 170.7394
51.18678 58.7584 61.27033 61.27033 61.27033 61.27033 61.27033 61.27033 61.27033 61.27033 61.27033 61.27033 61.27033 61.27033 61.27033 73.02583 237.1525 314.9185 314.9185 314.9185 314.9185 314.9185 314.9185 310.2503 284.2312 263.4883 262.0333 262.0333 262.0333 277.2321 286.9285 333.5768 338.6639 338.6639 338.6639 338.6639 338.6639 338.6639 386.7391 421.013 412.893 286.2848 273.0242 273.0242 273.0242 273.0242 273.0242 272.8073 199.2763 170.8502 161.348 128.7454 88.14229 87.87484 87.87484 87.87484 87.87484 87.87484 208.9244 333.9323 699.3983 1210.628 903.8712 528.8259 486.4824 444.6288 442.5411 416.2101 559.0981 526.5623 165.9764 166.0831
46.14676 58.72635 61.27033 61.27033 61.27033 61.27033 61.27033 61.27033 61.27033 61.27033 61.27033 61.27033 61.27033 61.27033 61.27033 61.27033 95.3909 274.4987 314.9185 314.9185 314.9185 314.9185 314.9185 314.9185 314.9185 297.8399 262.0333 262.0333 262.0333 262.0333 262.1887 306.321 338.6639 338.6639 338.6639 338.6639 339.5468 417.9269 386.2801 455.2538 458.7559 453.0753 400.1859 341.7773 308.2593 261.1453 237.9633 201.6911 160.9652 156.97 148.5903 128.9006 89.42351 87.87483 87.87483 87.87483 87.87483 87.87483 115.5087 309.1739 337.1217 337.1217 337.4577 378.6905 429.4665 462.8452 654.6895 1088.164 908.601 302.5286 165.3612 165.3612
57.94933 61.27033 61.27033 61.27033 61.27033 61.27033 61.27033 61.27033 61.27033 61.27033 61.27033 61.27033 61.27033 61.27033 61.27033 61.27033 61.27033 97.98343 136.4742 194.0997 314.9185 314.9185 314.9185 314.7443 257.0462 257.3257 262.0333 262.0333 262.0333 262.0333 262.0333 279.4942 297.2465 300.4738 288.7971 291.9714 288.7744 323.3736 457.743 458.7559 458.7559 458.7559 458.7559 380.8619 202.5 156.5318 156.5318 156.5318 156.5318 156.5318 156.5318 156.5318 114.4784 87.87484 87.87484 87.87484 87.87484 87.87484 87.87484 155.1769 339.2269 337.1217 337.4946 416.0762 834.239 1027.921 1145.493 1197.321 1121.528 206.7638 165.3612 165.3612
61.15656 61.27033 61.27033 61.27033 61.27033 61.27033 61.27033 61.27033 61.27033 61.27033 61.27033 61.27033 61.27033 61.27033 61.27033 61.27033 61.27033 61.27033 61.27033 81.41712 255.3291 314.3855 290.6776 174.1426 61.27033 78.48571 164.1798 262.0333 262.0333 262.0333 264.2863 273.9062 276.2598 276.4416 276.4416 276.4416 276.4416 280.0984 286.5237 343.5295 454.4813 469.2258 540.4398 588.9716 156.5318 156.5318 156.5318 156.5318 156.5318 156.5318 156.5318 156.5318 150.3803 92.53385 87.87484 87.87484 87.87484 87.87484 87.87484 295.4854 435.9414 396.6039 400.086 444.2234 688.3405 1025.106 1023.915 994.2306 536.5497 176.7603 165.3612 165.3612
55.78777 61.27033 61.27033 61.27033 61.27033 61.27033 61.27033 61.27033 61.27033 61.27033 61.27033 61.27033 61.27033 61.27033 61.27033 61.27033 61.27033 61.27033 61.27033 61.27033 84.0309 98.57957 61.27033 61.27033 61.27033 61.27033 66.2876 232.5913 262.0333 262.1112 271.5334 274.2968 276.4416 276.4416 276.4416 276.4416 276.4416 276.4416 291.1643 394.9612 557.1342 575.6935 1430.181 2434.938 1581.368 186.6685 156.5318 156.5318 156.5318 156.5318 156.5318 156.5318 156.5318 105.1708 87.87485 87.87485 87.87485 109.7825 308.4843 447.7079 448.9681 448.9681 448.9681 510.5319 1065.227 1040.144 986.1285 932.6076 913.4286 745.0597 224.3475 165.3612
54.9408 54.53043 56.77867 61.27033 61.27033 61.27033 61.27033 61.27033 59.95276 58.96061 61.27033 61.27033 61.27033 61.27033 61.27033 61.27033 61.27033 61.27033 61.27033 61.27033 61.27033 61.27033 61.27033 61.27033 61.27033 61.27033 61.27033 145.0291 262.0333 262.0333 262.0333 267.4723 276.4416 276.4416 276.4416 276.4416 276.4416 276.4416 315.64 576.3383 579.1638 579.1638 723.7047 2383.457 2412.444 613.1768 156.5318 156.5318 156.5318 156.5318 166.7147 245.3141 235.608 226.0254 87.87485 87.87485 87.87485 124.6413 414.571 448.9681 448.9681 448.9681 448.9681 449.4063 1085.207 1297.85 1350.531 1955.875 1209.516 920.0604 816.5022 216.657
45.006 45.006 46.49844 54.3064 61.26473 59.70728 52.33363 48.95902 45.36818 49.60954 57.22595 56.74477 54.74423 58.51278 61.27033 61.27033 61.27033 61.27033 61.27033 61.27033 61.27033 61.27033 61.27033 61.27033 62.93185 61.27033 61.27033 61.9965 95.70581 98.95013 142.2298 137.545 119.2162 193.7644 268.5368 248.8395 252.4628 195.8181 164.6542 569.2809 579.1638 551.0349 516.7545 2248.047 1913.72 2061.215 176.5798 156.5318 156.5318 160.7498 189.7276 269.5507 186.6743 102.4442 87.87484 87.87484 87.87484 166.1835 420.3643 448.9681 858.7068 752.6982 740.2693 710.2046 989.4458 1299.949 2423.31 3525.677 3159.558 1236.97 920.0604 430.851
45.006 45.006 45.006 45.006 47.36518 45.25136 45.006 45.006 45.006 45.006 45.006 45.006 52.16262 61.25946 61.27033 61.27033 61.27033 61.27033 61.27033 61.27033 61.27033 77.10786 87.97245 123.701 100.137 80.51046 82.45845 79.20377 63.05675 62.84721 77.30284 90.59695 90.59695 91.91196 95.17565 106.2554 90.59695 348.5516 527.3875 559.9997 452.0561 350.7 201.7877 465.9028 233.3288 228.1242 191.2728 178.8106 215.1749 215.1909 275.5227 234.6112 91.62545 87.87484 89.04687 103.5145 176.1969 300.8965 487.4257 1529.466 2718.337 2372.514 1449.921 1024.413 1024.413 1244.933 2105.929 3186.073 2331.275 1251.634 371.122 287.5652
45.006 45.006 45.006 45.006 45.006 45.006 45.006 45.006 45.006 45.006 45.006 45.006 53.53534 61.27033 61.27033 61.27033 61.27033 61.27033 61.27033 61.27033 85.77499 149.6325 163.9698 163.9698 124.7056 98.19106 90.59695 90.59695 85.1883 87.80133 90.59695 90.59695 90.59695 90.59695 90.59695 90.59695 144.4404 508.8307 392.8351 205.6085 201.7877 201.7877 201.7877 201.7877 201.7877 201.7877 201.7877 220.1076 258.073 282.4722 282.4722 265.8969 130.3301 107.9432 217.5325 276.542 261.5275 279.241 583.5125 2073.604 2784.894 2760.319 1228.293 770.2614 1015.406 1073.037 900.5994 1802.039 524.7482 278.8749 278.8749 278.8749
45.006 45.006 45.006 45.006 45.006 45.006 45.006 45.006 45.006 45.006 45.16311 47.21952 57.64695 61.27033 61.27033 61.27033 61.27033 61.27033 61.27033 61.27033 115.1596 163.9698 163.9698 163.9698 163.9698 147.0413 97.70016 90.59695 90.59695 90.59695 90.59695 90.59695 90.59695 90.59695 90.59695 90.59695 90.59695 91.1168 127.9032 201.7877 201.7877 201.7877 201.7877 201.7877 201.7877 201.7877 201.7877 201.7877 203.0559 254.2592 282.4722 282.4722 282.4722 281.3003 277.8914 281.5243 280.9613 279.7983 279.241 279.241 499.0992 765.1091 283.4786 303.9358 330.4385 313.4097 278.8749 278.8749 278.8749 278.8749 278.8749 278.8749
45.006 45.006 45.006 45.006 45.006 45.006 45.006 45.006 45.006 49.84511 59.63352 61.27033 61.27033 61.27033 61.27033 61.27033 61.27033 61.27033 61.27033 61.66719 150.6685 161.6109 163.9698 163.9698 163.9698 163.9698 128.3488 90.59695 90.59695 92.2798 90.59695 90.59695 90.59695 123.3703 221.9202 141.5007 217.9621 506.6884 474.0091 207.8304 201.7877 201.7877 201.7877 201.7877 201.7877 201.7877 201.7877 201.7877 204.9291 273.7136 281.3163 282.222 282.3056 282.4722 282.4722 282.4722 282.4722 281.3123 279.241 279.241 279.241 285.6402 311.707 321.8502 321.8502 371.9148 329.3637 322.6944 386.5671 490.5495 472.3924 174.6088
45.006 45.006 45.006 45.006 45.006 45.006 45.006 45.006 45.006 50.01498 61.27033 61.27033 61.27033 61.27033 61.27033 61.27033 61.27033 61.27033 61.27033 61.27033 65.22938 71.17352 110.7447 136.3607 163.9725 164.0353 161.2732 133.4036 142.7889 162.0386 126.2282 125.2406 254.8618 478.088 629.5043 613.5447 551.2491 627.9261 617.7615 415.7296 210.7876 201.7877 201.7877 201.7877 228.562 232.4891 224.5848 299.749 530.0203 673.7619 293.0987 275.0721 278.9182 282.4055 282.4722 281.5452 279.9321 279.4737 284.3282 294.3149 295.2615 321.2355 321.8502 322.8082 517.1813 577.0692 594.3736 592.9031 594.3736 594.3736 577.1597 133.4655
45.006 45.006 45.006 45.006 45.006 45.006 45.006 45.006 45.006 49.7694 61.27033 61.27033 61.27033 61.27033 61.27033 61.27033 61.27033 61.27033 61.27033 61.27033 61.27033 61.27033 61.27033 81.37225 130.5222 164.0705 164.0729 164.0729 164.0729 164.0729 164.0729 164.1444 386.9216 553.3831 629.5043 629.5043 629.5043 629.5043 538.9801 306.7988 278.8261 233.881 221.4476 236.5806 251.2092 252.9016 252.9016 804.2296 1189.148 987.5701 293.4641 274.4797 274.4797 275.0439 277.0596 277.4631 278.8457 279.2413 293.166 321.8502 321.8502 321.8502 321.8502 321.8502 339.3642 472.4806 593.6201 594.3736 594.3736 594.3736 594.3736 382.3117
45.006 45.006 45.006 45.006 47.11365 47.08129 49.3353 53.57667 55.86923 59.8126 61.27033 61.27033 61.27033 61.27033 61.27033 61.27033 61.27033 61.27033 61.27033 61.27033 61.27033 61.27033 63.83015 152.555 164.0729 164.0729 164.0729 164.0729 164.0729 164.0729 164.0729 164.0729 164.0729 330.4532 548.1013 629.5043 629.5043 629.5043 237.2457 84.79909 141.8007 193.0125 241.6304 252.9016 252.9016 252.9016 354.4291 1067.733 1170.977 505.5889 274.4797 274.4797 274.4797 274.4797 274.4797 274.4797 275.1555 264.9341 304.8392 324.053 324.6276 325.7896 326.0529 332.5507 342.1794 445.3799 539.834 925.3448 1888.412 920.1609 648.124 572.7679
