popn_density_uk_2015.asc
ncols         312
nrows         312
xllcorner     -10
yllcorner     49
cellsize      0.0416666666667
NODATA_value  -9999
[rows 160 to 191 of 312, columns 144 to 215 of 312]
10.95662 10.83602 10.70049 10.37702 10.36946 10.4184 10.40819 8.204883 6.250327 11.28866 13.67735 13.91603 13.91603 13.77899 13.6311 13.61274 11.6692 6.182306 6.182306 6.182306 6.182306 6.054728 4.391549 3.462885 3.462885 3.462885 3.462885 3.462885 3.462885 3.462885 6.366757 7.088885 6.802359 9.019918 17.20128 24.07518 26.60875 26.60875 26.60875 26.60875 26.60875 26.65304 27.40875 27.83472 28.83895 28.86948 28.86948 28.86948 28.86948 28.86948 28.86948 28.86948 28.86948 28.87219 31.20339 35.07922 32.49646 44.64701 38.35199 28.86948 -9999 -9999 -9999 -9999 -9999 -9999 -9999 -9999 -9999 -9999 -9999 -9999
11.18841 11.18841 11.18735 10.90587 10.76293 10.75614 11.18841 11.18841 11.17989 18.30409 22.97927 15.99766 14.51905 16.6022 13.90933 13.61274 13.5746 7.918979 6.182306 6.182306 6.182306 6.182306 5.889124 5.024325 5.465662 5.711436 4.602109 3.462885 3.462885 3.462885 3.462885 3.462885 5.526524 22.25209 26.60875 26.60875 26.60875 26.60875 26.60875 26.60875 26.60875 26.60875 26.60875 26.60875 27.98333 28.86948 28.86948 28.86948 28.86948 28.86948 28.86948 28.86948 36.21657 65.27859 73.7185 73.7185 73.17339 73.7185 73.7185 -9999 -9999 -9999 -9999 -9999 -9999 -9999 -9999 -9999 -9999 -9999 -9999 -9999
10.64194 10.98758 11.1746 11.18841 11.18841 11.18333 11.18841 11.18841 20.90261 34.95663 32.2552 26.97881 21.29711 20.32861 16.87296 14.48715 13.61274 12.19498 6.884139 6.182306 6.182306 6.182306 6.182306 6.182306 6.182306 6.153251 7.141597 4.448533 3.462885 3.462885 3.462885 4.475056 13.09733 26.23004 26.60875 26.60875 26.60875 26.60875 26.60875 26.60875 26.60875 26.60875 26.60875 26.60875 27.16638 28.76404 28.86948 28.86948 28.86948 28.86948 34.92389 49.51082 65.41601 73.7185 73.7185 73.7185 73.7185 73.7185 73.7185 73.7185 -9999 -9999 -9999 -9999 -9999 -9999 -9999 -9999 -9999 -9999 -9999 -9999
10.11311 10.11311 10.16405 10.28991 10.38126 10.41301 10.82316 15.94554 35.32293 35.14967 32.22851 31.64322 28.75612 21.87887 20.38593 20.20187 15.96825 13.6132 13.04732 10.06336 9.077578 6.182306 6.182306 6.182306 6.182306 8.425567 8.102309 3.462885 3.462885 3.462885 7.78299 34.10066 26.60875 26.60875 26.60875 26.60875 26.60875 26.60875 26.60875 26.60875 26.60875 26.60875 26.60875 26.60928 27.52812 27.54615 28.12526 27.46101 39.55302 41.68607 67.98193 73.7185 73.7185 73.7185 73.7185 73.7185 229.0885 685.702 784.6207 832.6483 860.2636 -9999 -9999 -9999 -9999 -9999 -9999 -9999 -9999 -9999 -9999 -9999
5.26427 9.890844 10.07866 10.11311 10.11311 10.11311 10.11311 13.77539 33.1262 34.57728 30.71581 30.89878 31.22687 31.62106 21.6805 16.24104 13.72336 13.61274 13.61274 13.55176 12.99456 6.911003 6.182306 6.182306 6.24303 11.15811 9.747872 4.289746 28.81685 56.09838 88.12692 85.73915 40.83907 28.58704 26.60875 26.60875 26.60875 26.60875 26.60875 26.60875 26.60875 26.60875 26.60875 26.60875 26.60875 26.60875 26.60875 26.60875 38.16492 73.22942 73.7185 73.7185 73.7185 73.7185 73.7185 73.7185 352.4935 857.9722 910.074 953.2712 917.3013 -9999 -9999 -9999 -9999 -9999 -9999 -9999 -9999 -9999 -9999 -9999
4.39933 5.566958 4.922831 7.447252 10.11311 10.11311 12.03767 14.08252 250.3881 122.3342 390.2013 30.82857 28.1237 25.08197 21.40991 18.92669 16.04335 16.10716 13.03203 12.84725 12.84426 11.323 10.15443 10.39712 11.9042 12.84426 19.74539 64.33034 92.01402 92.58841 92.58841 92.58841 92.58841 81.45829 37.08387 31.81408 27.97261 26.60875 26.60875 26.60875 26.60875 26.60875 26.60875 26.60875 26.60875 26.60875 26.60875 26.60875 54.25327 73.7185 73.7185 73.7185 73.7185 73.7185 73.7185 73.7185 350.2341 1042.53 1124.117 1124.616 1116.869 -9999 -9999 -9999 -9999 -9999 -9999 -9999 -9999 -9999 -9999 -9999
4.398579 4.398579 4.398579 5.9975 9.618795 12.35658 13.47181 17.94533 556.7955 976.7003 432.3314 30.6961 30.31744 22.88969 21.02239 21.18187 21.93521 21.87131 18.43964 13.62713 12.84426 12.84426 16.0384 37.07661 30.61583 57.37377 87.14162 92.5884 92.5884 92.5884 92.5884 92.5884 92.5884 92.5884 92.0665 91.96529 35.83915 26.60875 26.60875 26.60875 26.60875 26.60875 26.60875 26.60875 26.60875 26.60875 26.60875 32.05647 63.79624 73.7185 73.7185 73.7185 73.7185 73.7185 132.8124 1493.517 1732.856 1701.056 1501.231 1441.133 1761.151 2169.325 -9999 -9999 -9999 -9999 -9999 -9999 -9999 -9999 -9999 -9999
9.543416 10.34182 4.398579 5.713343 14.23869 16.80087 17.13838 17.97896 18.28023 51.07805 23.25577 27.03298 26.37043 24.9171 21.73034 22.18858 85.94367 73.29985 46.77526 44.29533 30.30768 91.95097 147.7736 89.77782 92.5884 92.5884 92.5884 92.5884 92.5884 92.5884 92.5884 92.5884 92.5884 92.5884 68.00399 41.13472 28.97085 26.60875 26.60875 26.60875 26.60875 26.60875 26.60875 26.60875 26.60875 26.60875 26.60875 26.60875 31.66866 65.03094 66.05685 71.35443 73.71851 276.2949 1668.13 2182.888 2182.865 2179.686 2170.547 2169.325 2169.325 2168.893 2166.524 -9999 -9999 -9999 -9999 -9999 -9999 -9999 -9999 -9999
24.48558 24.7452 20.87573 32.22379 18.54209 16.80087 17.00283 18.26867 18.28023 18.28023 21.53553 22.09506 22.17572 22.17572 21.76726 21.18945 45.67916 339.4614 241.8607 51.27162 49.41995 73.37997 98.06024 92.58839 92.58839 92.58839 92.58839 92.58839 92.58839 92.58839 92.58839 92.58839 92.58839 84.17194 34.48331 26.60875 26.60875 26.60875 26.60875 26.60875 26.60875 26.60875 26.60875 26.60875 26.60875 26.60875 26.60875 26.60875 26.60875 26.60875 26.90188 27.89835 411.5457 1252.968 1814.487 1977.894 2124.37 1982.414 2081.686 2132.915 2166.728 2165.906 2165.591 2165.591 -9999 -9999 -9999 -9999 -9999 -9999 -9999 -9999
20.67024 29.89125 34.24636 95.98823 183.8233 16.80087 16.80087 16.99072 17.88976 18.28023 18.55921 19.64729 22.1383 21.84235 21.33718 28.92987 65.66096 66.35682 66.35682 67.09564 76.07205 91.60191 92.5884 92.5884 92.5884 92.5884 92.5884 92.5884 92.5884 92.5884 92.5884 92.5884 92.5884 92.5884 59.56417 26.60875 26.60875 26.60875 26.60875 26.60875 26.60875 26.60875 26.60875 26.60875 26.60875 26.60875 26.60875 26.60875 26.60875 26.60875 26.60875 149.5165 1112.3 1208.341 1200.289 1208.851 1208.851 1208.851 1324.799 1680.899 2069.039 2054.306 2014.999 2018.587 -9999 -9999 -9999 -9999 -9999 -9999 -9999 -9999
18.59917 22.68344 22.4667 32.82516 20.61011 16.80087 16.80087 17.19495 17.78511 18.28023 18.28386 21.64632 22.17572 -9999 66.35682 66.35682 66.35682 66.35682 66.35682 66.35682 66.37256 73.00653 86.17557 92.58839 92.58839 92.58839 92.58839 92.58839 92.58839 92.58839 92.58839 92.58839 92.58839 83.57874 36.96075 26.60875 26.60875 26.60875 26.60875 26.60875 26.60875 26.60875 26.60875 26.60875 26.60875 26.60875 26.60875 26.60875 26.60875 26.60875 26.60875 130.6581 505.6284 440.7009 380.7913 552.973 1064.988 1003.182 1449.923 1849.141 1869.927 1869.927 1869.927 1869.927 -9999 -9999 -9999 -9999 -9999 -9999 -9999 -9999
20.26061 18.05612 18.05612 21.62372 26.24835 16.91499 16.80087 17.77761 18.28023 18.28023 -9999 -9999 -9999 66.35682 66.35682 66.35682 66.35682 66.35682 66.35682 66.35682 66.35682 66.35682 72.83205 88.8937 92.58839 92.58839 92.58839 91.11591 92.58839 92.58839 92.58839 86.47521 61.59044 61.46988 30.46571 26.60875 26.60791 26.4467 26.3116 26.60875 26.60875 26.60875 26.60875 26.60875 33.17898 39.05465 49.77612 83.42899 129.2411 136.4986 90.57767 261.181 299.2283 299.2283 299.2283 301.6309 715.319 789.3082 792.2517 978.2092 1869.927 1847.066 1469.724 997.1812 590.7619 -9999 -9999 -9999 -9999 -9999 -9999 -9999
18.05612 18.05612 18.05612 18.05612 20.27989 -9999 -9999 -9999 -9999 -9999 -9999 -9999 66.35682 66.35682 66.35682 66.35682 66.35682 66.35682 66.35682 66.35682 66.35682 66.35682 66.37408 81.68896 92.43899 84.9835 47.32432 26.40077 41.00798 42.00487 43.92624 33.05907 25.27216 25.27216 25.63392 26.07521 25.69188 25.27873 25.30644 25.90909 27.5736 32.93554 26.65615 53.59972 99.32815 113.9822 113.9822 211.73 299.2283 286.2499 295.6126 299.2283 299.2283 299.2283 299.2283 299.2283 560.5952 619.811 571.4211 547.1652 1408.183 1502.115 608.9246 590.7619 590.7619 -9999 -9999 -9999 -9999 -9999 -9999 -9999
18.05612 18.05612 18.05612 -9999 -9999 -9999 -9999 -9999 -9999 -9999 -9999 -9999 -9999 66.35682 66.35682 66.35682 66.35682 66.35682 66.35682 66.35682 66.35682 66.35682 66.35682 65.07475 49.64489 31.32549 25.27216 25.27216 25.27216 25.27216 25.27216 25.27216 25.27216 25.27216 25.27216 25.27216 25.27216 25.27216 25.27216 25.27216 78.52446 113.5155 101.6835 113.9822 113.9822 113.9822 113.9822 115.8409 182.3264 118.6456 139.0606 226.4843 288.6828 284.6367 370.2744 441.7454 498.4147 511.5306 511.5306 511.5306 518.7313 555.675 584.3718 590.7619 590.7619 590.7619 -9999 -9999 -9999 -9999 -9999 -9999
-9999 -9999 -9999 -9999 -9999 -9999 -9999 -9999 -9999 -9999 -9999 66.35681 66.35683 66.35682 66.35682 66.35682 66.35682 66.35682 66.35682 66.35682 66.35682 66.35682 66.35682 58.98212 31.84993 25.27216 25.27216 25.27216 25.27216 25.27216 25.27216 25.27216 25.27216 25.27216 25.27216 25.27216 25.27216 25.27216 25.27216 25.45756 74.48001 97.60615 104.9084 113.9822 113.9822 113.9822 113.9822 113.9822 113.9822 113.9822 113.9822 113.9822 118.8098 113.9822 225.4445 234.0388 375.8483 451.2488 500.4154 504.1839 512.8447 529.4637 569.2271 590.7619 609.53 699.9542 821.379 847.9772 -9999 -9999 -9999 -9999
-9999 -9999 -9999 -9999 -9999 -9999 -9999 -9999 -9999 -9999 66.35682 66.35682 66.35682 66.35682 66.35682 66.35682 66.35682 66.35682 66.35682 66.35682 66.35682 66.02753 44.23064 38.77057 27.57392 25.27216 25.27216 25.27216 25.27216 25.27216 25.27216 25.27216 25.27216 25.27216 25.27216 25.27216 25.27216 25.27216 25.27216 26.22199 28.57531 28.81846 29.03066 49.19144 59.23837 64.19884 66.61713 79.98615 92.66423 91.8981 64.79071 38.16938 51.59162 99.75813 108.8078 124.5643 259.4861 334.0155 372.1709 369.3767 390.2444 375.5412 437.6203 470.7067 785.6931 847.9772 847.9772 847.9772 -9999 -9999 -9999 -9999
-9999 -9999 -9999 -9999 -9999 -9999 -9999 -9999 -9999 -9999 66.35682 66.35682 66.35682 66.35682 66.35682 66.35682 66.35682 66.35682 66.35682 66.35682 66.35682 58.7859 25.51734 25.27216 25.27216 25.27216 25.27216 25.27216 25.27216 25.27216 25.27216 25.27216 25.27216 25.27216 25.27216 25.27216 25.27216 25.27216 25.27216 25.27216 26.3315 28.79281 28.81846 28.81846 28.81846 28.81846 28.81846 28.81846 28.81846 28.81846 28.81846 28.81846 28.81846 28.81846 76.70117 144.3783 241.7117 335.3648 368.5092 368.5092 368.5092 368.5092 461.1224 697.9192 849.6513 848.1519 848.0909 848.5096 621.8743 500.1374 500.1374 -9999
-9999 -9999 -9999 -9999 -9999 -9999 -9999 -9999 -9999 83.15482 74.16993 74.60365 68.27306 68.57514 67.32518 66.35682 66.35682 66.35682 66.35682 66.35682 66.35682 64.4212 54.82637 37.89916 25.27216 25.27216 25.27216 25.27216 25.27216 25.27216 25.27216 25.27216 25.27216 25.27216 25.27216 25.27216 25.27216 25.27216 25.27216 25.27216 26.42312 28.67622 28.81846 28.81846 28.81846 28.81846 28.81846 28.81846 28.81846 28.81846 28.81846 28.81846 28.81846 28.81846 28.81846 186.7958 452.7061 432.934 377.6753 398.9022 406.5911 527.9052 813.0441 853.1364 853.1364 900.7532 941.7232 792.4318 545.4526 500.1374 500.1374 500.1374
-9999 -9999 -9999 -9999 -9999 -9999 -9999 -9999 -9999 83.15482 83.15482 83.15482 82.99463 82.93835 82.07205 67.96777 66.35682 66.35682 66.35682 66.35682 66.35682 66.35682 66.35682 43.988 25.27216 25.27216 25.27216 25.27216 25.27216 25.27216 25.27216 25.27216 25.27216 25.27216 25.27216 25.27216 25.27216 25.27216 25.27216 25.27216 25.27216 25.672 27.36325 28.81813 28.81846 28.81846 28.81846 28.81846 28.81846 28.81846 28.81846 28.81846 28.81846 28.81846 29.75777 422.2058 471.9766 471.8662 468.4905 471.9766 471.9766 589.3023 845.4131 853.1364 853.1364 1543.995 2236.163 1500.933 500.1454 500.1374 500.1374 500.1374
-9999 -9999 -9999 -9999 -9999 -9999 -9999 -9999 83.15482 83.15482 83.15482 83.15482 83.15482 83.15482 83.15482 81.34298 77.81782 72.39763 67.38026 66.35682 66.35682 66.35682 66.35682 48.63287 25.27216 25.27216 25.27216 25.27216 25.27216 25.27216 25.27216 25.27216 25.27216 25.27216 25.27216 25.27216 25.27216 25.27216 25.27216 25.27216 25.27216 25.27216 25.27216 26.00349 28.74203 28.81846 28.81846 28.81846 28.81846 28.81846 28.81846 29.49858 28.93718 33.37127 35.95309 89.3765 209.6156 317.0146 463.8497 471.9766 460.9275 617.8198 853.1364 853.1364 853.1364 1575.934 1731.697 1714.677 880.4651 461.9873 489.2452 485.9528
-9999 -9999 -9999 -9999 -9999 -9999 -9999 -9999 83.15482 83.15482 83.15482 83.15482 83.15482 83.15482 83.15482 83.15482 83.15482 83.15482 81.8101 68.77815 65.69044 64.69447 62.33062 60.20133 54.14333 37.95415 45.05582 45.26459 41.49877 27.63624 25.27216 25.27216 25.27216 25.27216 25.27216 25.27216 25.27216 25.27216 25.27216 25.27216 25.27216 25.27216 25.27216 25.45237 28.92136 30.28897 32.8823 31.68479 29.37575 28.8598 30.91159 36.11747 35.99472 37.47351 37.63135 37.63135 37.63135 37.63615 193.602 265.6593 313.7133 250.813 299.9653 628.001 541.2209 261.0622 67.28975 67.28975 68.20368 70.94127 81.18453 102.8832
-9999 -9999 -9999 -9999 -9999 -9999 -9999 -9999 -9999 -9999 83.15482 83.15482 83.15482 83.15482 83.15482 83.15482 83.15482 83.15482 83.15482 82.74158 67.98737 62.28515 61.3007 61.3007 61.3007 61.3007 61.3007 61.3007 61.3007 59.89237 47.55407 38.12976 25.49146 25.27216 25.27216 25.27216 25.27216 25.27216 25.27216 25.27216 26.51458 33.30187 34.89541 36.03138 37.51748 37.63135 37.63135 37.63135 37.18818 37.07443 37.63135 37.63135 37.63135 37.63135 37.63135 37.63135 37.63135 37.63135 43.02878 60.4171 80.99795 70.53043 67.28975 67.28975 67.28975 67.28975 67.28975 67.28975 67.28975 67.28975 84.67465 124.1439
-9999 -9999 -9999 -9999 -9999 -9999 -9999 -9999 -9999 -9999 -9999 83.15482 83.15482 83.15482 83.15482 83.15482 83.15482 83.15482 83.15482 80.10927 65.62106 61.58009 61.3007 61.3007 61.3007 61.3007 61.3007 61.3007 61.3007 61.3007 61.3007 61.3007 55.62312 48.31008 37.92789 28.84807 25.89576 25.4087 25.27216 25.27216 28.08778 37.63135 37.63135 37.63135 37.63135 37.63135 37.63135 37.63135 37.63135 37.63135 37.63135 37.63135 37.63135 37.63135 37.63135 37.63135 37.63135 37.63135 59.60515 67.28975 67.28975 67.28975 67.28975 67.28975 67.28975 67.28975 65.99062 64.37241 67.15511 67.28975 34.62305 30.61782
-9999 -9999 -9999 -9999 -9999 -9999 -9999 -9999 -9999 -9999 -9999 -9999 83.15482 83.15482 83.15482 83.15482 83.15482 83.15482 81.29494 66.14141 61.3007 61.3007 61.3007 61.3007 61.3007 61.3007 61.3007 61.3007 61.3007 61.3007 61.3007 61.3007 61.3007 61.3007 61.3007 59.33652 59.83025 58.0274 56.05578 41.70876 37.02209 37.63135 37.63135 37.63135 37.63135 37.63135 37.63135 37.63135 37.63135 37.63135 37.63135 37.63135 37.63135 37.63135 37.63135 37.63135 40.95227 55.94236 67.27216 67.28975 67.28975 67.28975 67.28975 67.28975 67.28975 59.33736 18.34428 16.3216 45.32079 62.60509 23.94312 16.22513
-9999 -9999 -9999 -9999 -9999 -9999 -9999 -9999 -9999 -9999 -9999 -9999 -9999 83.15482 83.15482 83.15482 83.15482 83.15482 69.09259 61.3007 61.3007 61.3007 61.3007 61.3007 61.3007 61.3007 61.3007 61.3007 61.3007 61.3007 61.3007 61.3007 61.3007 61.3007 61.3007 61.3007 61.3007 61.3007 61.3007 61.3007 45.95168 37.63135 37.63135 37.63135 37.63135 37.63135 37.63135 37.63135 37.63135 37.63135 37.63135 37.63135 37.63135 37.63135 37.63135 37.63135 51.26394 67.28975 67.28975 67.28975 67.28975 67.28975 67.28975 67.28975 67.28975 67.28687 25.62882 16.22513 16.22513 18.99985 16.22513 16.22513
-9999 -9999 -9999 -9999 -9999 -9999 -9999 -9999 -9999 -9999 -9999 -9999 -9999 83.15482 83.15482 83.15482 83.15482 83.15482 72.97162 61.3007 61.3007 61.3007 61.3007 61.3007 61.3007 61.3007 61.3007 61.3007 61.3007 61.3007 61.3007 61.3007 61.3007 61.3007 61.3007 61.3007 61.3007 61.3007 61.3007 61.3007 45.78017 37.63636 37.77338 37.63135 37.63135 37.63135 37.63135 37.63135 37.63135 37.63135 37.63135 37.63135 37.63135 37.63135 45.61738 65.09747 67.15829 67.28975 67.28975 67.28975 67.28975 67.28975 67.28975 67.28975 67.28975 67.28975 60.56694 16.58542 16.22513 16.22513 16.22513 16.22513
-9999 -9999 -9999 -9999 -9999 -9999 -9999 -9999 -9999 -9999 -9999 -9999 -9999 -9999 83.15482 83.15482 83.15482 83.15482 76.69046 71.7509 84.40055 61.3007 61.3007 61.3007 61.3007 61.3007 61.3007 61.3007 61.3007 61.3007 61.3007 61.3007 61.3007 61.3007 61.3007 84.40702 120.9907 56.21528 53.41596 50.83105 49.2672 47.17787 48.50317 45.82959 43.36567 42.9971 38.51361 37.63135 37.63135 37.63135 43.85629 72.12383 103.7664 103.788 117.8267 119.8304 109.495 67.92682 67.28975 67.28975 72.13628 70.12988 67.28975 67.28975 67.28975 67.28975 65.57777 27.05544 16.22513 16.22513 16.22513 16.22513
-9999 -9999 -9999 -9999 -9999 -9999 -9999 -9999 -9999 -9999 -9999 -9999 -9999 -9999 -9999 83.15482 131.1637 184.1801 297.6758 488.4818 209.5687 61.3007 61.3007 61.3007 61.3007 61.3007 69.35743 95.66508 143.756 146.2258 87.45687 68.15269 152.1285 171.0284 183.7108 187.5491 75.89958 48.65384 48.65384 48.65384 48.65384 48.65384 48.65384 48.65384 48.65384 48.65384 46.38696 40.99835 78.44156 101.9869 118.4077 120.358 120.358 120.358 120.358 120.358 115.8994 100.601 105.194 107.4808 119.3504 106.0442 81.57771 67.80668 67.28975 67.28975 67.28975 63.07408 48.11582 32.9778 16.38576 16.22513
-9999 -9999 -9999 -9999 -9999 -9999 -9999 -9999 -9999 -9999 -9999 -9999 -9999 -9999 -9999 -9999 515.944 515.944 515.944 515.944 128.4498 61.3007 61.3007 61.3007 61.3007 61.3007 107.1859 220.5884 220.5884 220.5884 218.2397 211.3594 220.5884 220.5884 163.7627 58.34145 48.65384 48.65384 48.65384 48.65384 48.65384 48.65384 48.65384 48.65384 48.65384 48.65384 48.65384 48.65384 66.70127 116.969 120.358 120.358 120.358 120.358 120.358 120.358 120.358 120.358 120.358 120.358 120.358 120.358 120.358 108.8759 67.44886 67.28975 67.28975 67.28975 67.28975 66.67014 49.68488 28.58792
-9999 -9999 -9999 -9999 -9999 -9999 -9999 -9999 -9999 -9999 -9999 -9999 -9999 -9999 -9999 -9999 -9999 515.944 515.944 503.6677 192.7571 61.3007 61.3007 61.3007 61.3007 61.3007 88.88873 220.5884 220.5884 220.5884 220.5884 220.5884 220.5884 220.5884 207.8871 110.7319 57.16091 48.65384 48.65384 48.65384 48.65384 48.65384 48.65384 48.65384 48.65384 48.65384 48.65384 48.65384 48.65384 51.9646 71.31149 113.7626 120.358 120.358 120.358 120.358 120.358 120.358 120.358 120.358 120.358 120.358 120.358 113.2768 68.08949 67.28975 67.28975 67.28975 67.28975 67.28975 62.56293 30.808
-9999 -9999 -9999 -9999 -9999 -9999 -9999 -9999 -9999 -9999 -9999 -9999 -9999 -9999 -9999 -9999 -9999 515.944 515.944 515.944 486.9564 61.47467 61.3007 61.3007 61.3007 63.39233 208.9506 220.5884 220.5884 220.5884 220.5884 220.5884 220.5884 220.5884 220.5884 220.5884 176.4605 48.77039 51.96487 49.96318 48.65384 48.65384 48.65384 48.65384 48.65384 48.65384 48.65384 48.65384 48.65384 48.65384 48.65384 85.98984 120.358 120.358 120.358 120.358 120.358 120.358 120.358 120.358 120.358 120.358 120.358 120.0334 111.6156 71.26099 67.28975 67.28975 67.28975 114.8798 347.8169 350.3908
-9999 -9999 -9999 -9999 -9999 -9999 -9999 -9999 -9999 -9999 -9999 -9999 -9999 -9999 -9999 -9999 -9999 -9999 515.944 515.944 -9999 -9999 -9999 -9999 220.5884 220.5884 220.5884 220.5884 220.5884 220.5884 220.5884 220.5884 220.5884 220.5884 180.2105 152.1614 101.8287 93.67015 94.52901 70.80818 48.65384 48.65384 48.65384 48.65384 48.65384 48.65384 48.65384 48.65384 48.65384 48.65384 48.65384 76.94299 118.9359 120.358 120.358 120.358 120.358 120.358 120.358 120.358 120.358 120.358 120.358 120.358 120.358 114.8915 104.3018 92.09408 497.1908 1167.956 1294.579 1294.579
