popn_density_uk_2015.asc
ncols         312
nrows         312
xllcorner     -10
yllcorner     49
cellsize      0.0416666666667
NODATA_value  -9999
[rows 224 to 255 of 312, columns 144 to 215 of 312]
45.006 45.006 45.006 47.21518 60.81536 61.27033 61.27033 61.27033 61.27033 61.27033 61.27033 61.27033 61.27033 61.27033 61.27033 61.27033 61.27033 61.27033 61.27033 61.27033 61.27033 61.27033 52.36329 74.36713 67.58454 160.9765 160.9042 164.0729 164.0729 164.0729 164.0729 164.0729 164.0729 164.0729 196.1023 425.0353 617.467 575.6663 85.1861 84.79908 84.79908 84.79908 208.2835 252.9016 589.3843 747.4188 252.9016 475.4709 1514.375 1892.939 515.6595 274.4797 274.4797 274.4797 920.5762 1656.648 1299.109 215.9743 251.4334 344.5349 344.5722 344.1992 344.5722 344.5722 344.5722 363.4995 633.9108 2689.07 3871.078 3874.04 2905.076 245.59
45.006 45.006 45.03362 53.52771 61.27033 61.27033 61.27033 61.27033 61.27033 61.27033 61.27033 61.27033 61.27033 61.27033 61.27033 61.27033 61.27033 61.27033 61.27033 61.27033 60.85873 54.99111 41.31063 41.07638 41.07638 61.39528 85.6436 162.6307 164.0729 164.0729 164.0729 164.0729 164.0729 158.5346 104.8348 85.81261 98.35043 144.1368 84.79908 84.79908 143.4812 187.7028 252.543 1396.916 3106.967 3042.694 2333.781 2221.173 2284.623 2284.623 1738.556 1490.887 1900.079 315.2395 276.6394 1617.39 1169.447 215.9479 257.9912 340.8427 344.5722 344.5722 344.5722 344.5722 352.8255 608.0053 756.3227 1115.645 3595.347 3238.781 1806.883 148.723
46.81216 48.77142 55.06739 58.10605 61.27033 61.27033 61.27033 61.27033 61.27033 61.27033 61.27033 61.27033 61.27033 61.27033 61.27033 61.27033 61.27033 61.27033 61.27033 61.27033 59.07683 43.4992 48.78802 56.18893 41.64687 41.07638 41.07638 66.59803 108.418 128.1361 162.0651 129.3702 115.7948 92.36897 84.79908 84.79908 84.79908 84.79908 84.79908 84.79908 84.79908 158.5426 252.9016 1051.71 2456.05 3155.086 2916.117 2718.025 2661.369 2591.389 2874.582 3611.419 3612.214 2315.582 220.7959 215.9479 215.9479 215.9479 215.9479 245.7773 407.9821 435.7346 344.5722 357.5422 569.2999 694.5739 657.9634 756.3228 1025.851 1576.026 571.0499 148.723
51.64311 51.64311 51.64311 53.17302 61.27033 61.13585 60.57276 61.27033 61.27033 61.27033 61.27033 61.27033 61.27033 61.27033 61.27033 61.27033 61.27033 61.27033 61.27033 61.27033 60.23792 56.5254 61.20482 52.09696 41.07836 41.07638 41.07638 41.07638 41.07638 45.4886 47.01531 41.86371 69.4229 83.6172 84.79908 84.79908 84.79908 84.79908 84.79908 84.79908 90.8401 187.0659 252.9016 642.0432 1998.042 3022.146 3066.208 3087.905 3109.006 3522.915 3612.214 3612.214 3566.689 2844.542 608.8964 215.9479 215.9479 215.9479 438.794 1317.942 1488.74 1378.645 406.5448 318.9814 683.5942 436.4928 150.9448 320.359 210.1089 155.631 155.5051 148.723
51.64311 51.64311 51.64311 51.72783 55.20339 54.22297 59.74419 61.27033 61.27033 61.27033 61.27033 61.27033 61.27033 61.27033 61.27033 61.27033 61.27033 61.27033 60.26895 53.14549 46.75475 42.01816 41.29936 41.07638 41.07638 41.07638 41.07638 41.07638 41.07638 41.07638 41.07638 41.07638 41.07638 61.58796 84.79908 84.79908 84.79908 84.79908 84.79908 84.79908 124.3961 251.6 252.9016 947.6186 3022.146 3025.414 3065.886 3085.655 3233.038 3545.735 3612.214 3612.214 3612.214 3022.915 839.2238 227.1978 218.5865 303.1982 256.45 1099.343 1498.737 1323.495 472.7023 250.7233 267.6148 169.2965 148.723 148.723 148.723 148.723 148.723 146.9733
51.64311 51.64311 51.64311 51.64311 51.64311 53.76406 59.84807 61.27033 61.27033 61.27033 61.27033 61.27033 61.27033 61.27033 61.27033 61.27033 61.27033 61.27033 52.17221 41.19368 41.07638 41.07638 41.07638 41.07638 41.07638 41.07638 41.07638 41.07638 41.07638 41.07638 41.07638 41.07638 41.07638 42.83428 60.49818 84.79908 84.79908 84.79908 84.79908 243.2922 331.6172 393.4367 360.2119 541.7665 2271.172 1578.224 1813.651 2336.849 3598.483 3612.214 3612.214 3607.604 2123.754 1432.554 1079.888 839.6998 810.1132 1969.936 2969.184 2905.043 2963.851 1590.843 250.7233 250.7233 250.7233 246.304 178.1349 148.723 148.6943 144.0385 141.7344 127.8608
51.64311 51.64311 51.64311 51.64311 51.64311 51.64311 52.13416 60.73844 61.27033 61.27033 61.27033 61.27033 61.27033 61.27033 61.27033 61.27033 61.27033 61.27033 61.27033 58.81859 47.71937 41.59052 41.07638 41.07638 41.07638 41.80713 52.24622 63.31272 53.82199 41.07638 41.07638 41.07638 41.07638 41.07638 43.86024 50.78214 73.18468 73.54311 165.1781 373.9831 495.047 495.047 495.047 495.047 464.5212 369.76 369.7541 1248.955 2630.368 2257.306 1391.105 1258.928 1079.888 1079.888 1079.888 1079.888 1079.888 1640.772 2772.774 2946.074 2925.316 1434.376 250.7233 250.7233 250.7233 250.7233 246.927 162.5914 132.9683 125.7903 125.7903 125.7903
51.64311 51.64311 51.64311 51.64311 51.64311 51.64311 51.83922 55.34211 61.03519 61.27033 61.27033 61.27033 61.27033 61.27033 61.27033 61.27033 61.27033 61.27033 61.27033 61.27033 61.27033 58.79496 49.90092 47.85329 50.62468 71.82165 94.88663 96.50449 94.95332 73.78068 48.76488 42.77392 43.32121 41.07638 43.40421 49.16499 65.22054 108.2089 475.8681 495.047 473.5189 472.4308 309.8106 463.9944 421.1431 365.5356 369.7541 369.7541 369.7541 369.7541 347.6367 291.8648 373.8011 654.7577 655.4785 719.5201 654.9565 494.7508 673.1767 545.613 484.0322 282.3507 250.7233 250.7233 250.7233 247.0143 211.8454 175.6152 125.7903 125.7903 125.7903 125.7903
51.64311 51.64311 51.64311 51.64311 51.64311 51.64311 57.28629 61.27033 61.27033 61.27033 61.27033 61.27033 61.27033 61.27033 61.27033 61.27033 61.27033 61.27033 61.27033 61.27033 61.27033 61.27033 61.27033 62.88465 91.67159 96.50449 96.50449 96.50449 96.50449 94.60841 76.61769 77.85374 91.35295 65.50906 84.51404 94.81082 94.44928 134.5055 186.7748 234.4786 153.1074 188.0172 190.6655 217.7968 199.289 269.9819 369.7541 369.7541 659.092 1146.563 987.0303 141.4605 118.9695 211.5197 433.7181 481.6422 481.6422 481.6422 481.6422 481.6422 481.6422 427.1589 231.8018 250.4714 250.7233 243.327 186.4486 125.7903 125.7903 125.7903 125.7903 125.7903
51.64311 51.64311 51.64311 51.64311 51.64311 51.69597 56.92642 61.2539 61.27033 61.27033 61.27033 61.27033 61.27033 61.27033 61.27033 61.27033 61.27033 61.27033 61.27033 61.27033 61.27033 61.27033 61.62342 72.83727 87.28454 96.43666 96.50449 96.50449 96.50449 96.50449 96.50449 96.50449 96.50449 96.50449 96.50449 96.50449 96.50449 96.50449 96.50449 96.50449 96.50449 125.3285 182.7832 190.6655 190.6655 192.3197 211.2468 466.1664 1408.214 1027.041 359.7736 118.9695 118.9695 118.9695 120.836 194.1674 445.464 481.6422 481.6422 481.6422 409.0921 192.1746 118.9695 153.2208 203.2345 209.0648 201.4757 125.7903 125.7903 125.7903 125.7903 125.7903
51.64311 51.64311 51.64311 51.64311 51.64311 51.65363 60.65204 61.27033 61.27033 61.27033 61.27033 61.27033 61.27033 61.27033 61.27033 61.27033 61.27033 61.27033 61.27033 61.27033 61.27033 61.32698 81.4914 96.50449 96.50449 96.50449 96.50449 96.50449 96.50449 96.50449 96.50449 96.50449 96.50449 96.50449 96.50449 96.50449 96.50449 96.50449 96.50449 96.50449 96.50449 96.50449 1232.292 1137.292 275.2202 190.6655 190.6655 360.8503 544.2117 217.9681 118.9695 118.9695 118.9695 118.9695 118.9695 118.9695 128.015 331.6711 341.8399 259.2311 134.5689 118.9695 118.9695 118.9695 118.9695 121.9359 125.7096 125.7903 125.7903 125.7903 129.2942 139.0245
51.64311 51.64311 51.64311 51.64311 51.64311 51.72511 61.08659 61.27033 61.27033 61.27033 61.27033 61.27033 61.27033 61.27033 61.27033 61.27033 61.27033 61.27033 61.27033 61.27033 61.27033 75.76997 96.50449 96.50449 96.50449 96.50449 96.50449 96.50449 96.50449 96.50449 96.50449 96.50449 96.50449 96.50449 96.50449 96.50449 96.50449 96.50449 96.50449 96.50449 96.50449 395.7258 3059.333 2520.238 256.9807 190.6655 190.6655 190.6655 190.0364 151.2744 118.9695 118.9695 118.9695 118.9695 118.9695 118.9695 118.9695 118.9695 118.9695 118.9695 118.9695 118.9695 118.9695 118.9696 129.7908 127.1923 125.7903 125.7903 126.8016 131.6782 136.9934 141.9888
51.80195 55.0479 53.27184 58.04156 52.02922 52.17268 60.60604 61.27033 61.27033 61.27033 61.27033 61.27033 61.27033 61.27033 61.27033 61.27033 61.27033 61.27033 61.27033 61.27033 64.6263 82.21432 94.51524 96.50449 96.50449 96.50449 96.50449 96.50449 96.50449 96.50449 96.50449 96.50449 96.50449 96.50449 96.50449 96.50449 96.50449 96.50449 96.50449 96.50449 96.50449 96.50449 188.3774 153.3817 190.6591 190.6655 190.6655 190.6655 190.6655 177.5689 155.5636 156.7153 143.5788 119.6405 118.9695 118.9695 118.9695 118.9695 118.9695 118.9695 118.9695 118.9695 122.5533 171.3666 208.4658 142.5018 137.6691 136.014 137.7402 142.0584 142.0584 142.0584
67.3084 71.25461 70.79291 71.25461 69.10837 67.03541 67.8524 61.27576 61.27033 61.27033 61.27033 61.27033 61.27033 61.27033 61.27033 61.27033 61.27033 61.27033 61.27033 61.27033 61.60137 88.52244 96.50449 96.50449 96.50449 96.50449 96.50449 96.50449 96.50449 96.50449 96.50449 96.50449 96.50449 96.50449 96.50449 96.50449 96.50449 96.50449 96.50449 96.50449 96.50449 96.50449 96.50449 111.0807 171.7879 190.6655 190.6655 190.6655 190.6655 190.6655 190.6655 190.6655 174.0497 105.1047 113.5082 118.9695 118.9695 118.9695 118.9695 118.9695 150.6029 213.8704 193.6667 238.6143 238.6394 191.9735 142.439 142.0584 142.0584 142.0584 142.0584 142.0584
71.25461 71.25461 71.25461 71.25461 71.25461 71.25461 71.25461 69.11739 61.79578 61.27033 61.27033 61.27033 61.27033 61.27033 61.27033 61.27033 61.27033 61.27033 61.27033 61.27033 61.29517 81.98287 96.50449 96.50449 96.50449 96.50449 96.50449 96.50449 96.50449 96.50449 96.50449 96.50449 96.50449 96.50449 96.50449 96.50449 96.50449 96.50449 96.50449 96.50449 96.50449 96.50449 96.50449 103.4298 176.6309 190.6894 190.6655 190.6655 190.6655 190.6658 190.7221 131.5401 81.16199 75.00558 82.25224 111.2595 118.9695 118.9695 118.9695 121.8767 246.595 253.3161 253.3161 253.3161 214.7643 142.0584 142.0584 142.0584 142.0584 154.0954 173.7082 191.9244
71.25461 71.25461 71.25461 71.25461 71.25461 71.25461 71.25461 70.77402 62.23218 61.27033 61.27033 61.27033 61.27033 61.27033 61.27033 61.27033 61.27033 61.27033 61.27033 61.27033 61.27033 66.91576 96.40061 96.50449 96.50449 96.50449 96.50449 96.50449 96.50449 96.50449 96.50449 96.50449 96.50449 96.50449 96.50449 96.50449 114.2792 107.3829 104.7869 114.7992 98.11116 96.50449 96.50449 123.403 195.3839 193.3794 192.5124 193.7872 196.961 197.0581 197.1233 190.5249 85.79629 75.00558 75.00558 78.07349 94.49201 117.5823 118.9695 161.0646 253.3161 253.3161 253.3161 253.3161 251.3969 160.2414 142.0584 142.0584 150.8027 223.3461 217.08 212.2554
71.25461 71.25461 71.25461 71.25461 71.25461 71.25461 71.22442 64.22221 61.27033 61.27033 61.27033 61.27033 61.27033 61.27033 61.27033 61.27033 61.27033 61.27033 61.27033 61.27033 61.27033 63.40809 94.85451 96.75868 96.50449 96.50449 96.50449 96.50449 96.50449 96.50449 96.50449 96.50449 96.50449 96.50449 96.50449 96.51868 136.1325 147.0319 147.1417 149.7589 123.0406 115.3732 165.3596 184.7716 197.702 198.3798 198.3798 198.3798 198.3798 195.0604 177.3308 104.9338 96.77582 75.00558 75.00558 75.76845 125.4047 122.2511 130.8907 157.9801 202.0884 183.3531 197.7556 241.5419 253.3161 214.071 205.9938 203.8964 242.4368 251.557 220.1573 212.2554
71.25461 71.25461 71.25461 71.25461 71.25461 71.25461 69.16946 61.58401 61.27033 61.27033 61.27033 61.27033 61.27033 61.27033 61.27033 61.27033 61.27033 61.27033 61.27033 61.27033 61.27033 62.57013 102.3195 103.5429 97.76126 96.52267 98.88257 97.91988 96.50449 96.50449 96.50449 96.50449 96.50449 96.50449 96.50449 96.50449 106.4075 148.8356 149.7589 149.7589 150.2304 190.9837 198.3798 198.3798 200.9037 764.688 825.6458 211.9496 198.3798 180.8662 102.4886 75.00558 75.00558 75.00558 75.00558 75.00558 86.12703 137.7744 140.4528 140.4528 140.4528 140.4528 140.4528 166.8893 240.378 253.3161 253.3161 253.3161 253.3161 252.0192 221.2689 212.2554
71.25461 71.25461 71.25461 71.25461 71.25461 71.25461 68.69544 61.27033 61.27033 61.27033 61.27033 61.27033 61.27033 61.27033 61.27033 61.27033 61.27033 61.27033 61.27033 61.27033 61.27033 61.27033 68.41392 105.8611 105.335 105.1096 106.2393 105.8244 101.8742 97.49473 96.50449 96.50449 96.50449 96.50449 96.50449 100.6396 111.1437 139.3926 149.7589 149.8005 165.5464 232.7968 713.7787 298.384 657.084 2324.72 2503.702 1269.846 101.3069 118.4016 145.1307 85.06757 75.00558 75.00558 75.00558 75.52481 115.4075 140.4528 140.4528 140.4528 140.4528 140.4528 140.4528 140.4528 155.1234 251.0644 253.3161 253.3161 253.3161 251.5114 216.1405 212.2554
71.25461 71.25461 71.25461 71.25461 71.25461 68.39825 62.48121 61.27033 61.27033 61.27033 61.27033 61.27033 61.27033 61.73959 61.68855 61.27033 61.27033 61.27033 61.27033 61.27033 61.42342 69.24202 99.48595 106.2393 106.2393 106.2393 106.2393 106.2393 106.2393 103.1687 98.51352 97.71675 99.59365 117.8164 132.9497 141.0422 149.7589 149.7589 149.7589 167.6637 201.0374 2198.632 2904.582 1358.365 198.3798 201.8439 686.5349 361.593 75.00558 75.00558 75.00558 75.00558 75.00558 75.00558 75.00558 97.94052 140.4528 140.4528 140.4528 140.4528 140.4528 140.4528 140.4528 149.707 220.4751 252.7942 253.3161 253.3161 251.5598 247.4391 232.7127 212.2554
71.25461 71.25461 116.6888 203.8212 112.1002 62.2013 61.27033 61.27033 61.27033 61.27033 61.27033 119.2975 530.1373 510.2452 313.2803 100.7095 177.9998 408.4217 316.8763 324.0834 208.4141 136.2187 106.2393 106.2393 106.2393 106.2393 106.2393 106.2393 106.2393 106.2393 106.2393 109.8629 142.2568 149.7589 149.7589 149.7589 149.7589 183.1918 169.4619 196.4603 352.3339 1387.233 719.9142 240.3595 219.5171 108.4125 75.00558 75.00558 75.00558 75.00558 75.00558 75.00558 75.00558 75.00558 75.00558 102.1969 140.4528 140.4528 140.4528 140.4528 140.4528 140.4528 140.4528 142.8321 242.5851 416.0855 236.7567 235.8219 241.1009 216.4279 213.2636 212.2554
206.4411 228.811 262.4647 390.7774 363.0903 147.1767 213.8167 316.2271 308.4432 223.8625 491.4547 890.2204 953.7607 802.3247 449.7517 441.9683 580.1183 572.1388 555.4199 555.4196 573.6109 674.4415 538.1185 117.285 106.2393 106.2393 106.2393 106.2393 106.2393 106.2393 106.2393 113.9725 149.2573 149.7589 149.7589 149.7589 149.7589 167.8356 193.2872 231.9985 231.9985 231.9985 231.9985 231.9985 231.9985 199.0356 81.45356 75.00558 75.00558 75.00558 75.00558 75.00558 75.00558 75.00558 77.43425 130.5673 140.4528 140.4528 140.4528 140.4528 140.4528 140.4528 140.4528 173.871 772.5322 3692.909 2477.507 1011.191 201.6299 203.6689 211.0102 211.1131
390.7774 390.7774 390.7774 390.7774 390.7774 390.7774 390.7774 390.7774 390.7774 408.0562 930.5934 953.7607 953.7607 919.2617 586.9461 449.7517 488.7728 588.9771 580.2897 573.7119 556.7198 646.1644 702.0777 392.3569 157.7327 106.2393 106.2393 106.2393 106.2393 106.2393 106.2393 116.6854 149.677 149.7589 149.7589 149.7589 194.5831 231.0233 231.982 231.9985 231.9985 231.9985 231.9985 231.9985 220.4672 151.8608 81.35651 75.00558 75.00558 75.00558 75.00558 75.00558 75.00558 75.00558 75.00558 110.5077 140.4528 140.4528 140.4528 140.4528 141.3309 144.1692 142.6542 200.4971 207.4577 958.6131 2828.847 1686.76 201.6299 201.6299 201.8531 202.0287
390.7774 390.7774 390.7774 390.7774 390.7774 390.7774 390.7774 390.7774 390.7774 411.3557 943.5093 953.7607 953.7607 953.7607 952.4783 642.5267 449.7517 557.2619 590.4039 590.4039 583.7505 631.1006 692.6298 692.7629 263.5799 106.2393 106.2393 106.2393 106.2393 106.2393 106.2393 110.3786 148.2457 149.7589 198.6412 228.6215 228.6266 231.9985 231.9985 231.9985 231.9985 190.6325 225.3261 161.4579 128.2662 75.23711 78.16451 75.00558 75.00558 77.05202 92.17593 82.58155 112.5537 88.34989 116.7271 246.8792 159.9726 177.4917 193.647 193.6837 194.2671 207.3945 205.9882 207.4577 207.4577 207.2418 204.5693 201.6299 201.6299 201.6299 201.6299 201.6299
390.7774 390.7774 390.7774 390.7774 390.7774 390.7774 390.7774 391.6869 397.9362 396.8474 581.2099 860.5323 953.7607 953.7607 953.7607 946.1677 704.4718 585.449 590.4039 590.4039 590.4039 604.718 692.671 702.0777 429.5601 123.1672 210.2192 353.4974 182.3584 106.2393 106.2393 111.8662 197.1361 436.8252 507.1392 513.7349 411.1359 393.9342 303.1582 231.9985 180.6413 79.53379 90.4299 86.01298 75.00558 101.6213 175.1211 151.5732 124.521 173.2245 158.0519 170.8678 258.8546 776.6601 805.1661 637.468 224.9494 207.4577 207.4577 207.4577 207.4577 207.4577 207.4577 207.4577 207.4577 205.2585 202.8609 201.6299 201.6299 201.6299 201.6299 201.6299
390.7774 390.7774 390.7774 390.7774 390.7774 390.7774 390.7774 398.0993 407.226 407.226 407.226 441.6104 752.7028 953.7607 953.7607 953.7607 907.8607 604.996 590.4039 590.4039 590.4039 601.3849 642.6303 638.7506 629.9861 597.1504 626.275 541.1019 190.1985 106.2393 106.2393 143.6874 378.6913 515.0908 515.0908 515.0908 515.0908 515.0908 436.1873 333.0449 294.4739 105.6771 104.231 108.9975 119.0842 182.3715 185.0118 185.0118 185.0118 185.0118 185.0118 244.875 804.1663 814.6525 814.6525 587.8169 207.4577 207.4577 207.4577 207.4577 207.4577 207.4577 207.4577 207.4577 207.4577 204.7289 201.8938 201.7518 201.6299 201.6299 201.6299 201.6299
390.7774 -9999 -9999 -9999 390.7774 390.7774 390.7774 391.9618 404.0007 407.226 407.226 407.226 642.3801 953.7607 953.7607 953.7607 953.7607 898.0147 713.3863 723.14 697.524 626.9811 629.5444 629.5444 629.5444 629.5444 629.5444 542.0773 180.3627 106.2393 107.3722 417.0996 515.0908 515.0908 515.0908 515.0908 515.0908 515.0908 515.0908 515.0908 515.0908 361.9207 184.5049 185.0118 185.0118 185.0118 185.0118 185.0118 185.0118 185.0118 185.0118 411.4642 805.9133 814.6525 814.6525 729.6326 543.7326 210.1539 208.4866 208.682 207.5973 207.5113 207.7747 208.5503 210.04 207.7193 206.0215 201.6523 201.6538 201.6299 201.6299 201.6299
-9999 -9999 -9999 -9999 -9999 402.202 403.4662 404.5396 406.906 407.226 407.226 407.226 613.221 843.8362 863.3394 822.7263 893.6463 953.7607 953.7607 953.7607 953.7607 926.678 655.0246 629.5444 629.5444 629.5444 629.5444 636.0151 927.8385 1040.223 940.7386 1277.742 980.9078 862.7222 524.8782 515.0908 515.0908 515.0908 515.0908 515.0908 490.4741 338.7107 185.0118 185.0118 185.0118 185.0118 185.0118 185.0118 185.0118 185.0118 185.0118 273.8601 767.4835 814.6525 809.3156 751.9532 627.3593 291.8195 214.0498 214.287 213.2479 213.7693 214.1969 214.287 214.287 214.0566 213.0841 211.259 210.6587 202.8752 201.6299 201.6299
-9999 -9999 -9999 -9999 -9999 -9999 407.226 407.226 407.226 407.226 407.226 407.226 407.226 407.226 408.0263 407.226 418.2489 782.665 784.6416 941.9586 953.7607 953.7606 754.1722 -9999 -9999 1592.761 1592.761 1567.85 1098.61 692.0439 602.3554 876.9363 1221.392 1592.761 1502.356 1147.392 515.0908 515.0908 515.0908 515.0908 445.3637 188.4434 185.0118 185.0118 185.0118 185.0118 185.0118 185.0118 185.0118 185.0118 160.581 93.02991 181.312 341.9965 256.9241 84.69958 84.69958 84.69958 160.8308 214.287 214.287 214.287 214.287 214.287 214.287 214.287 214.287 214.287 214.287 212.3015 351.7082 1301.413
-9999 -9999 -9999 -9999 -9999 -9999 -9999 -9999 407.226 407.226 407.226 407.226 407.226 407.226 407.226 407.226 407.226 407.226 407.226 499.2996 877.6268 -9999 -9999 1592.761 1592.761 1592.761 1431.549 724.4918 507.8947 507.8947 507.8947 507.8947 701.5354 1592.657 1592.761 906.04 514.4578 514.3044 512.8884 511.8671 508.641 208.4485 185.0118 185.0118 185.0118 185.0118 185.0118 185.0118 185.0118 185.0118 143.3309 84.69958 84.69958 84.69958 84.69958 84.69958 84.69958 84.69958 95.58834 179.9591 214.287 214.287 214.287 214.287 214.287 214.287 214.287 214.287 214.287 214.287 319.1572 1748.24
-9999 -9999 -9999 -9999 -9999 -9999 -9999 -9999 -9999 -9999 407.226 407.226 407.226 407.226 407.226 407.226 407.226 407.226 407.226 407.226 953.7502 1512.512 1592.761 1592.761 1287.328 784.947 507.8947 507.8947 507.8947 507.8947 507.8947 507.9077 568.8939 925.6396 797.2194 533.4709 508.5887 508.5835 508.5835 508.5835 498.401 246.9904 223.3572 226.4743 229.4894 228.1012 107.1932 138.7769 143.1254 100.619 84.80528 84.69958 84.69958 84.69958 84.69958 84.69958 84.69958 84.69958 114.0692 200.6055 214.287 214.287 214.287 214.287 214.287 214.287 214.287 214.287 214.287 217.5108 215.0529 269.1087
-9999 -9999 -9999 -9999 -9999 -9999 -9999 -9999 -9999 -9999 -9999 -9999 -9999 -9999 -9999 -9999 -9999 -9999 -9999 -9999 -9999 1550.96 1592.761 746.5977 507.8947 507.8947 507.8947 507.8947 507.8947 507.8947 507.8947 508.2403 508.368 508.5835 508.5835 508.5835 508.5835 508.5835 508.5835 501.7581 404.3145 251.8796 251.2854 251.2854 251.2854 172.2617 94.26483 84.69958 84.69958 84.69958 84.69958 84.69958 84.69958 84.69958 84.69958 84.69958 84.69958 84.69958 84.69958 94.29305 198.4108 224.6779 246.9075 244.7314 247.6444 245.8545 244.1814 239.5141 236.4846 247.8825 244.4619 236.8368
