popn_density_uk_2015.asc
ncols         312
nrows         312
xllcorner     -10
yllcorner     49
cellsize      0.0416666666667
NODATA_value  -9999
[rows 224 to 255 of 312, columns 216 to 287 of 312]
150.4312 148.723 148.723 148.723 122.652 96.74512 96.73834 96.73834 96.73834 96.73834 96.73834 124.3221 260.5646 333.583 346.7157 417.9429 451.331 399.2506 425.5625 386.0602 359.7758 445.0489 451.331 260.0938 171.4778 173.5451 173.5451 173.5451 128.8064 91.55733 91.18066 91.18066 91.18066 91.18066 91.18066 91.18066 91.18066 96.25215 107.2861 107.2861 107.2861 107.2861 107.2861 107.2861 107.2861 107.2861 107.2861 107.2861 111.5442 121.7255 160.4574 153.4494 172.4368 1267.677 2360.651 1825.915 359.7292 241.4157 241.4157 241.4157 241.4157 331.5113 482.1179 494.0101 506.197 506.197 -9999 -9999 -9999 -9999 -9999 -9999
148.723 148.723 148.723 148.723 128.6488 101.5642 96.73834 96.73834 96.73834 102.0595 117.0789 171.7635 337.8581 451.331 451.331 451.331 451.331 451.331 451.331 451.331 451.331 451.331 430.6889 296.6376 173.5451 173.5451 173.5451 173.5451 159.7353 94.77048 91.18066 91.18066 91.18066 91.18066 91.18066 91.18066 91.29314 99.67912 107.2861 107.2861 107.2861 107.2861 107.2861 107.2861 107.2861 107.2861 107.3991 112.6079 114.1506 131.0378 131.0378 131.0378 131.0378 499.434 1915.594 929.5646 134.8384 166.6566 168.1045 231.021 241.4157 241.4157 242.4872 328.4437 495.7967 506.197 -9999 -9999 -9999 -9999 -9999 -9999
148.723 148.723 148.723 148.723 148.723 141.2041 100.4772 196.6303 156.4455 171.4162 172.5334 172.5334 208.586 195.8111 226.7046 323.4458 442.987 451.331 448.0209 342.5596 242.4124 196.1135 173.5729 173.5451 173.5451 173.5451 173.5451 173.5451 170.3452 98.29864 91.18066 91.18066 91.18066 91.18066 91.18066 91.18066 92.4074 98.8193 106.1633 107.2861 107.2861 107.2861 107.2861 107.2861 107.2861 107.2861 108.7133 123.3987 129.847 131.0378 131.0378 131.0378 131.0378 131.0378 131.0378 131.0378 131.0378 131.0378 131.0378 137.3145 172.1712 198.8823 212.2215 426.1003 482.2487 506.197 -9999 -9999 -9999 -9999 -9999 -9999
148.723 148.723 162.3798 270.9149 269.0304 323.5215 386.8474 601.1013 467.471 246.9616 172.5334 172.5334 172.5334 172.5334 179.2449 186.149 274.325 351.7129 223.7884 186.0322 177.8528 173.5843 176.1913 173.5959 173.5451 173.5451 173.5451 173.5451 173.2739 119.9372 101.417 104.6842 93.48193 91.18066 91.18066 91.18066 91.18066 91.18066 98.56209 107.2861 107.2861 107.2861 107.2861 107.2861 107.2861 107.2861 107.2861 107.2861 108.0107 112.4547 129.8995 131.0378 131.0378 131.0378 131.0378 131.0378 131.0378 131.0378 131.0378 131.0378 131.0378 131.0378 143.5852 283.1089 309.2215 341.3232 311.4064 -9999 -9999 -9999 -9999 -9999
140.897 142.6594 224.722 375.0432 377.7503 514.1417 622.5861 570.0004 569.2244 283.3135 172.5334 172.5334 172.5334 172.5334 172.5334 179.2309 187.6022 187.6022 187.6022 187.6022 187.5597 186.0884 187.6014 176.9963 173.5451 173.5451 173.5451 173.5451 164.5077 144.7079 142.2961 142.2961 140.2337 106.9075 91.22233 91.18066 91.18066 91.22561 104.9579 107.8069 107.6765 107.2861 107.2861 107.2861 107.2861 107.2861 107.2861 107.2861 107.2861 107.7601 128.815 131.0378 131.0378 131.0378 131.0378 131.0378 131.0378 134.1229 151.1989 169.547 157.2767 169.0598 182.6023 173.7288 285.8412 311.4064 311.4064 -9999 -9999 -9999 -9999 -9999
125.7903 125.7903 212.4021 366.6804 375.0432 375.0432 376.2249 376.641 280.1616 179.9448 172.5334 172.5334 172.5334 172.5334 173.9713 184.9816 187.6022 187.6022 187.6022 187.6022 187.6022 187.6022 187.6022 187.4221 180.5683 171.7564 165.1429 158.645 143.3266 142.2961 142.2961 142.2961 142.2961 142.4938 128.0581 130.1217 134.605 138.3264 139.2862 141.1308 131.8251 108.7306 107.2861 107.2861 107.2861 107.2861 107.2861 107.2861 108.4225 118.2156 131.0124 131.0378 131.0378 131.0378 131.0378 131.0378 150.7117 223.9174 287.5833 311.3945 311.4064 311.2879 311.4064 311.4064 311.4064 311.4064 -9999 -9999 -9999 -9999 -9999 -9999
125.7903 125.7903 158.5878 255.7045 373.6121 375.0432 375.0432 375.0432 373.3651 186.8127 172.5334 172.5334 174.3565 178.5123 187.1489 187.6022 187.6022 187.6022 187.6022 187.6022 187.6022 187.6022 187.6022 187.6022 183.0065 146.7889 142.2961 142.2961 142.2961 142.2961 142.2961 142.2961 142.2961 144.1244 144.7229 144.7229 144.7229 144.7229 144.7229 144.7229 131.4553 128.945 122.446 128.8834 133.7265 124.752 117.2001 107.2861 115.961 130.1271 131.0378 131.0378 131.0378 131.0378 127.9793 123.7649 156.7895 292.3201 311.4064 311.4064 311.4064 311.4064 311.4064 311.4064 311.4064 311.4064 -9999 -9999 -9999 -9999 -9999 -9999
125.7903 125.7903 125.7903 125.7903 165.5889 396.7992 433.2014 426.5358 408.337 177.179 172.5334 172.5334 182.5474 187.6022 187.6022 187.6022 187.6022 187.6022 187.6022 187.6022 187.6022 187.6022 187.6022 187.6022 177.6676 148.7937 142.4129 142.2961 142.2961 142.2961 142.2961 142.2961 142.2961 142.5601 144.0937 144.7229 144.7229 144.7229 144.7229 146.9249 156.5731 159.109 159.109 159.109 159.109 159.109 155.5207 112.9357 111.4229 111.6523 113.2613 116.2535 118.4906 117.8972 112.106 111.4358 113.4377 139.8215 180.4941 259.0864 297.6649 298.764 305.3512 310.6744 311.4064 311.4064 -9999 -9999 -9999 -9999 -9999 -9999
125.7903 125.7903 125.7903 125.7903 243.4376 468.7539 473.0171 473.0171 385.9042 172.5334 172.5334 244.1426 294.7076 242.6609 187.6022 187.6022 187.6022 187.6022 187.6022 187.6022 187.6022 187.6022 182.7285 167.8493 154.7638 154.3278 153.441 151.5128 150.6304 149.7267 142.2975 142.2961 142.394 142.3136 142.9838 144.1731 144.7229 144.7229 150.1665 157.0014 159.109 159.109 159.109 159.109 157.4491 149.1905 118.4174 111.4358 111.4358 111.4358 111.4358 111.4358 111.4358 111.4358 111.4358 111.7964 115.32 130.3977 132.4802 138.4484 133.2248 133.8092 134.1387 163.5634 310.4678 -9999 -9999 -9999 -9999 -9999 -9999 -9999
230.1031 1198.576 1807.924 1931.551 1401.959 473.0171 473.0171 473.0171 431.9045 304.8374 206.9808 328.695 346.0713 341.4244 302.7472 188.3248 187.6022 187.6022 187.6022 180.7398 166.3306 171.8405 158.5525 154.3278 154.3278 154.3278 154.3278 154.3278 154.3278 146.0313 142.2961 142.2961 143.6839 143.9931 142.853 143.4626 144.698 147.4209 156.0655 159.109 159.109 159.109 159.109 144.5132 126.0462 111.4358 111.4358 111.4358 111.4358 111.4358 111.4358 111.4358 111.4358 111.4358 111.4358 116.4399 125.8431 129.5693 132.4802 132.4802 132.4802 132.4802 132.4802 132.4802 -9999 -9999 -9999 -9999 -9999 -9999 -9999 -9999
543.3459 2500.697 2586.444 2445.315 724.6489 174.0073 280.1266 473.0171 406.4349 346.0713 346.0713 346.0713 346.0713 346.0713 345.0488 290.7186 302.4567 191.622 187.6022 178.4864 167.2536 154.3278 154.3278 154.3278 154.3278 346.5716 1548.62 1902.915 281.5176 150.1023 142.8523 142.2961 142.9131 143.203 142.4897 142.9881 146.2612 153.5589 159.109 159.109 159.109 159.109 159.109 142.1179 111.4358 111.4358 111.4358 111.4358 111.4358 111.4358 111.4358 111.4358 111.4358 112.5567 125.2579 132.4018 132.4802 132.4802 132.4802 132.4802 132.4802 132.4802 132.4802 132.4802 -9999 -9999 -9999 -9999 -9999 -9999 -9999 -9999
142.0584 253.5612 980.4105 267.8029 142.0584 160.8451 336.9769 699.1393 559.1337 346.0713 346.0713 346.0713 346.0713 346.0713 346.0713 346.0713 337.899 293.7615 196.8142 183.0457 178.4452 165.3416 154.3278 154.3278 154.3278 194.2239 2224.506 3120.461 1073.664 154.3278 153.5382 148.1454 143.2002 142.2969 143.055 144.3522 158.7724 158.9362 159.109 159.109 157.1887 157.7101 156.4709 148.2692 112.487 111.4358 111.4358 111.4358 111.4358 111.4358 111.4358 111.4358 111.4358 114.6266 131.6781 132.4802 132.4802 132.4802 132.4802 132.4802 132.4802 132.4802 132.4802 -9999 -9999 -9999 -9999 -9999 -9999 -9999 -9999 -9999
142.0584 142.0584 146.049 228.8351 507.0709 769.2393 812.835 812.835 739.6673 398.3518 346.0713 346.0713 346.0713 346.0713 346.0713 320.9568 267.7604 266.8962 245.9782 198.9773 178.5613 154.3278 154.3278 154.3278 154.3278 154.3278 320.2376 167.3089 154.3278 154.3278 154.3278 154.3278 154.3259 152.6372 157.4319 158.8355 159.109 159.109 159.109 148.248 143.349 141.7258 141.9847 140.1442 138.213 132.0766 126.161 111.4358 111.4358 111.4358 111.4358 111.4358 120.0148 131.957 132.4802 132.4802 132.4802 132.4802 132.4802 132.4802 132.4802 132.4802 132.4802 -9999 -9999 -9999 -9999 -9999 -9999 -9999 -9999 -9999
142.0584 142.0584 177.8623 631.7858 812.835 812.835 812.835 812.835 812.3703 568.9629 333.3051 346.0713 343.9825 346.0713 343.2441 295.6002 266.8962 266.8962 266.8962 266.8962 204.8923 154.3278 154.3278 154.3278 154.3278 154.3278 154.3278 154.3278 152.6882 149.3998 150.0063 153.7347 154.3278 157.3215 159.109 159.109 159.109 159.109 159.109 152.8251 143.7743 140.9964 140.9964 140.9964 140.9964 140.9964 139.0066 123.2312 114.7667 111.4358 229.5903 512.6664 131.3497 132.4802 132.4802 132.4802 132.4802 132.4802 132.4802 132.4802 132.4802 132.4802 132.4802 -9999 -9999 -9999 -9999 -9999 -9999 -9999 -9999 -9999
194.2827 174.8082 142.0584 388.7085 812.1515 812.835 812.835 811.604 490.0055 266.8962 267.8296 294.9781 270.9633 296.7336 284.2088 266.8962 266.8962 266.8962 267.3664 290.1451 222.0079 154.3278 169.2427 226.0684 191.1909 154.6335 145.1957 145.3465 127.3287 112.3765 112.7551 118.6789 147.3575 189.097 213.6454 215.1244 191.4999 213.1149 230.0614 241.8281 231.981 144.3745 140.9964 140.9964 140.9964 140.9964 140.9964 140.9964 137.2587 130.7095 899.7059 2808.757 2259.869 133.5111 132.4802 132.4802 132.4802 132.4802 132.4802 132.4802 132.4802 132.4802 -9999 -9999 -9999 -9999 -9999 -9999 -9999 -9999 -9999 -9999
212.2554 209.335 188.6019 377.5402 719.6737 812.835 812.835 812.835 514.6724 266.8962 266.8962 266.8962 266.8962 266.8962 266.8962 266.8962 267.3057 267.2697 274.8904 318.6871 317.636 269.8705 316.3484 320.0032 320.0032 213.3801 118.6723 111.9609 111.9609 111.9609 111.9609 111.9609 112.6663 127.3697 212.7461 242.6208 242.6208 242.6208 242.6208 242.6208 239.153 201.7302 141.0104 140.9964 140.9964 140.9964 140.9964 140.9964 140.9964 140.9964 264.294 736.5188 1294.09 327.3426 132.4802 132.4802 132.4802 132.4802 132.4802 132.4802 -9999 -9999 -9999 -9999 -9999 -9999 -9999 -9999 -9999 -9999 -9999 -9999
212.2554 212.2554 212.2554 212.2554 277.6685 425.3217 554.9915 482.7975 376.5146 266.8962 316.9196 333.7299 288.5896 403.0132 316.1589 284.9769 303.9884 305.2027 317.4788 320.0032 320.0032 319.8293 317.8448 308.3389 309.9693 286.9768 168.2611 111.9609 111.9609 111.9609 111.9609 111.9609 111.9609 113.3926 228.056 242.6208 242.6208 242.6208 242.6208 242.6208 242.6208 242.6196 208.8303 194.9399 194.7735 250.8987 267.0336 202.0325 145.8946 142.2307 140.9964 140.9964 140.9964 140.5976 137.1343 132.4802 132.4802 132.4802 132.4802 -9999 -9999 -9999 -9999 -9999 -9999 -9999 -9999 -9999 -9999 -9999 -9999 -9999
212.2554 212.2554 212.2554 212.2554 212.2554 212.2554 212.2554 328.9223 530.9827 433.3517 494.7511 535.5279 867.7225 1326.583 408.1965 315.8869 320.0032 320.0032 737.0856 1228.118 395.7931 308.4154 304.746 304.6868 304.6868 304.6868 278.1259 111.9609 111.9609 111.9609 111.9609 111.9609 111.9609 111.9609 214.4469 242.6208 242.6208 242.6208 242.6208 242.6208 242.6208 296.8896 482.4699 492.8678 492.8678 492.8678 478.0334 453.9986 422.5666 374.1601 354.2241 362.1485 371.4898 379.4976 390.6978 140.0539 132.4802 -9999 -9999 -9999 -9999 -9999 -9999 -9999 -9999 -9999 -9999 -9999 -9999 -9999 -9999 -9999
212.2554 212.2554 212.2554 212.2554 212.2554 212.2554 212.2554 308.9596 444.9726 517.1592 536.353 571.7651 2616.257 4365.421 3974.325 1219.703 320.0032 320.0032 1122.969 2917.823 1073.527 304.6868 304.6868 304.6868 304.6868 304.6868 298.9751 170.286 141.3641 111.9609 111.9609 111.9609 111.9609 111.9609 135.9856 233.0132 242.6208 242.6208 242.6208 242.6208 250.7065 439.3926 492.8678 492.8678 492.8678 492.8678 480.5786 421.4849 419.9548 419.9548 419.9548 419.9548 419.9548 419.9548 419.9548 -9999 -9999 -9999 -9999 -9999 -9999 -9999 -9999 -9999 -9999 -9999 -9999 -9999 -9999 -9999 -9999 -9999
212.2554 212.2554 212.2554 212.2554 212.2554 212.2554 368.8133 330.9797 212.2554 223.5129 410.7619 537.1106 574.0225 1393.04 1259.79 685.9319 378.8047 391.549 410.3757 555.9026 408.055 304.6868 304.6868 304.6868 304.6868 304.6868 304.6868 297.4771 153.1239 111.9609 111.9609 111.9609 111.9609 141.5018 157.0567 180.814 272.8488 242.6208 242.6208 242.6208 242.6208 319.683 492.0106 492.8678 492.8678 492.8678 492.8678 452.8383 419.9548 419.9548 419.9548 419.9548 419.9548 419.9548 419.9548 419.9548 -9999 -9999 -9999 -9999 -9999 -9999 -9999 -9999 -9999 -9999 -9999 -9999 -9999 -9999 -9999 -9999
212.2554 212.2554 212.2554 212.2554 212.2554 212.2554 306.6596 508.9723 480.6944 436.424 535.1818 598.9445 664.8597 676.4986 790.5108 794.9669 798.0819 795.5569 787.1895 729.4177 343.4523 304.6868 304.6868 304.6868 304.6868 304.6868 310.5813 456.0225 226.9794 127.1858 111.9609 111.9609 145.2602 262.3575 451.4946 462.1447 395.3319 242.6208 242.6208 235.5383 187.3733 390.4601 378.6867 453.7425 492.8678 492.8678 492.8678 476.7223 424.27 419.9548 419.9548 419.9548 419.9548 419.9548 419.9548 -9999 -9999 -9999 -9999 -9999 -9999 -9999 -9999 -9999 -9999 -9999 -9999 -9999 -9999 -9999 -9999 -9999
210.5829 211.4714 217.5586 308.976 422.0081 313.9388 213.4351 334.4616 622.6826 657.0781 664.8597 664.8597 664.8597 705.0274 797.9524 798.0819 798.0819 793.1673 786.8514 786.83 520.942 304.6868 431.7311 1240.901 522.756 1392.873 2405.256 1943.91 367.7733 343.9518 333.3739 256.5904 423.6382 462.1447 462.1447 462.1447 461.7791 336.2302 234.5952 186.4524 158.9627 158.9627 158.9627 187.2027 233.4712 374.5474 492.8678 492.8678 432.7539 419.9548 419.9548 419.9548 419.9548 -9999 -9999 -9999 -9999 -9999 -9999 -9999 -9999 -9999 -9999 -9999 -9999 -9999 -9999 -9999 -9999 -9999 -9999 -9999
201.6299 202.1277 377.272 501.1389 501.275 486.9986 327.4239 434.7794 435.3179 437.2441 559.9109 664.8597 664.8597 813.6002 825.2595 798.0819 799.6046 905.7843 812.9805 789.1765 745.5708 1053.735 1395.461 1391.865 373.6529 502.2902 761.6826 367.8765 365.5797 365.5797 365.5797 367.6681 442.4867 462.1447 462.1447 462.1447 462.1447 462.1447 264.7169 158.9627 158.9627 158.9627 158.9627 158.9627 158.9627 158.9627 158.9627 158.9627 -9999 -9999 -9999 -9999 -9999 -9999 -9999 -9999 -9999 -9999 -9999 -9999 -9999 -9999 -9999 -9999 -9999 -9999 -9999 -9999 -9999 -9999 -9999 -9999
201.6299 206.1333 318.1493 501.275 501.275 495.8545 453.1854 435.3179 435.3179 435.3179 458.1985 721.4242 895.7888 1442.995 2981.613 1013.158 963.4066 1003.982 1005.859 1198.054 2114.204 2571.56 2545.77 1766.278 365.5797 365.5797 365.5797 365.5797 365.5797 378.1387 397.6494 401.1642 428.2206 442.2552 462.1447 462.1447 462.1447 462.1447 369.2146 158.9627 158.9627 158.9627 158.9627 158.9627 158.9627 158.9627 158.9627 158.9627 -9999 -9999 -9999 -9999 -9999 -9999 -9999 -9999 -9999 -9999 -9999 -9999 -9999 -9999 -9999 -9999 -9999 -9999 -9999 -9999 -9999 -9999 -9999 -9999
201.6299 353.2206 501.275 501.275 501.275 501.275 501.2627 456.5338 433.9561 434.4187 435.3179 865.029 1015.327 1608.087 2528.509 1164.634 1905.693 2118.073 3338.604 3821.764 3661.58 3506.788 3506.788 3467.821 1550.79 365.5797 365.5797 365.5797 390.7198 491.6116 413.8261 413.8261 413.8261 820.4703 871.759 463.8221 467.251 462.1447 441.0959 225.6612 195.1275 192.3668 188.0129 158.9627 158.9627 158.9627 160.1688 255.3032 304.084 304.084 304.084 -9999 -9999 -9999 -9999 -9999 -9999 -9999 -9999 -9999 -9999 -9999 -9999 -9999 -9999 -9999 -9999 -9999 -9999 -9999 -9999 -9999
201.6299 335.1826 501.275 501.275 501.275 501.275 501.275 483.5146 421.193 426.9538 431.7625 633.8016 1973.001 1936.336 2778.896 4069.584 4267.833 4626.945 3866.972 3863.861 5591.629 6105.886 5835.438 5430.424 4736.325 2929.497 3205.631 3178.09 1811.886 1800.069 828.4536 413.8261 413.8261 1333.466 1508.192 1489.162 1435.561 744.1234 304.5616 304.084 304.084 304.084 304.0081 295.7421 283.8151 289.7984 304.0448 304.084 304.084 -9999 -9999 -9999 -9999 -9999 -9999 -9999 -9999 -9999 -9999 -9999 -9999 -9999 -9999 -9999 -9999 -9999 -9999 -9999 -9999 -9999 -9999 -9999
201.6299 267.3105 537.0914 571.5086 535.1947 581.4648 622.567 501.0205 418.9911 418.9911 418.9911 418.9911 1525.041 2161.844 2952.78 4829.915 6239.796 6547.138 5493.758 7616.329 10322.45 11113.12 10537.45 7420.765 5674.501 5223.651 4571.065 4393.657 2610.656 1835.88 1732.153 1085.803 698.0535 1126.675 1382.768 1434.605 1506.111 1341.445 1163.346 1755.111 1617.058 1225.495 808.4532 316.7685 304.084 304.084 304.084 304.084 -9999 -9999 -9999 -9999 -9999 -9999 -9999 -9999 -9999 -9999 -9999 -9999 -9999 -9999 -9999 -9999 -9999 -9999 -9999 -9999 -9999 -9999 -9999 -9999
201.6299 201.6299 355.7027 840.8915 685.1648 659.3685 659.3685 486.1413 2901.249 3238.404 2046.476 745.2007 1730.571 2177.707 3861.388 5935.598 5972.547 6140.928 10508.26 9793.988 9279.071 10010.09 11050.4 10605.4 7424.217 7139.365 5074.458 4368.299 2014.216 1658.467 1180.843 938.9016 879.5156 879.2036 879.2036 887.8441 1089.685 1278.389 1316.114 1627.614 1935.724 2307.326 2307.326 2202.088 664.145 304.084 304.084 -9999 -9999 -9999 -9999 -9999 -9999 -9999 -9999 -9999 -9999 -9999 -9999 -9999 -9999 -9999 -9999 -9999 -9999 -9999 -9999 -9999 -9999 -9999 -9999 -9999
2828.401 995.0441 747.6376 903.458 707.4407 712.9801 686.983 720.3374 624.9059 733.6413 1240.891 2593.961 2126.543 2277.845 3874.04 4041.774 3803.134 3752.678 7548.974 11436.81 9332.213 10028.67 9006.733 7901.977 4780.87 4492.88 3900.635 3345.951 2945.279 1259.068 902.9994 923.8661 879.2036 879.2036 886.9027 939.9585 947.0598 947.252 947.252 947.252 947.2521 947.252 -9999 -9999 -9999 -9999 -9999 -9999 -9999 -9999 -9999 -9999 -9999 -9999 -9999 -9999 -9999 -9999 -9999 -9999 -9999 -9999 -9999 -9999 -9999 -9999 -9999 -9999 -9999 -9999 -9999 -9999
3828.821 1977.875 903.4579 903.4579 875.6666 1161.235 1163.803 1097.192 894.1345 777.1335 950.9759 1373.232 1734.441 2887.785 3437.173 3154.756 3300.095 3680.134 6430.868 6799.653 8621.572 9653.88 7426.728 7075.513 5328.68 3531.501 3290.403 3130.739 1747.917 1214.702 1213.168 1148.73 915.5377 915.1201 922.2299 934.9498 947.252 947.252 947.252 891.579 763.86 593.754 305.8914 305.8914 305.8914 305.8914 -9999 -9999 -9999 -9999 -9999 -9999 -9999 -9999 -9999 -9999 -9999 -9999 -9999 -9999 -9999 -9999 -9999 -9999 -9999 -9999 -9999 -9999 -9999 -9999 -9999 -9999
1025.014 903.4579 903.4579 903.4579 930.403 1167.918 1168.641 970.5977 709.9316 946.0502 1086.221 1091.705 1461.133 1604.259 1514.166 1742.518 3301.434 4332.559 5169.563 5211.648 5334.658 4008.889 3309.753 2178.678 1949.97 1949.97 2000.4 1568.196 332.1603 690.7498 546.6214 822.3441 938.5653 925.9479 931.6984 943.4613 947.252 947.252 947.252 519.0693 305.8914 305.8914 305.8914 305.8914 305.8914 305.8914 305.8914 305.8914 -9999 -9999 461.5008 461.5008 461.5008 827.4008 1130.324 1130.324 1130.324 1130.324 1130.324 -9999 -9999 -9999 -9999 -9999 -9999 -9999 -9999 -9999 -9999 -9999 -9999 -9999
474.8227 527.6307 608.8503 657.7264 900.8613 1110.836 919.0966 839.756 834.9666 898.2193 1059.713 1171.572 1246.705 1337.432 1337.432 1337.432 3413.686 2194.909 3017.14 3923.281 4274.813 4005.01 3980.14 3244.004 1952.257 1949.97 1880.783 866.1815 287.2932 287.2932 293.1251 329.0358 835.2 816.3871 778.9482 649.4446 875.7062 913.1165 867.3978 335.4666 305.8914 305.8914 305.8914 305.8914 305.8914 305.8914 334.5016 450.1805 461.5008 461.5008 461.5008 461.5008 461.5008 875.506 1130.324 1130.324 1130.324 1130.324 1130.324 -9999 -9999 -9999 -9999 -9999 -9999 -9999 -9999 -9999 -9999 -9999 -9999 -9999
