GISdata/Popn density Bulgaria 2015.asc
ncols         168
nrows         96
xllcorner     22
yllcorner     41
cellsize      0.0416666666667
NODATA_value  -9999
[rows 58 to 86 of 96, columns 66 to 131 of 168]
46.88637 52.69846 53.46051 53.46051 53.46051 53.46051 48.51922 23.23112 22.44765 22.44765 22.44765 22.44765 47.84276 88.04364 89.00638 89.00638 89.00638 89.00638 89.00638 39.26437 27.34069 27.34069 27.34069 37.4994 42.51847 55.37457 48.85279 28.02493 45.26335 46.09364 46.09364 46.09364 46.09364 56.75608 82.27383 89.9715 89.9715 89.9715 89.80615 60.46827 55.41172 49.7422 131.3669 28.04152 21.36225 21.03961 21.03961 21.03961 21.03961 23.07003 30.94897 31.23199 31.23199 31.23199 31.23199 31.23199 31.62409 34.12713 34.31292 171.4526 155.0303 41.66148 146.662 326.2337 335.6653 335.6653
25.85363 27.06872 53.23349 53.46051 53.46051 53.46051 29.97295 21.77191 22.44765 22.44765 22.44765 22.44765 69.92818 89.00638 89.00638 89.00638 89.44888 89.00638 89.00638 57.01228 51.05698 51.22601 73.58393 123.0105 122.2916 125.9055 120.084 53.10226 46.09364 46.09364 46.09364 46.09364 46.09364 46.09364 62.82644 89.9715 89.9715 89.9715 89.76226 41.14985 23.00025 505.3335 625.9938 426.4324 48.07198 22.23886 21.21059 21.03961 21.03961 21.03961 25.08319 30.98068 31.23199 31.23199 31.23199 31.23199 31.23199 33.08921 34.31292 166.3917 335.6653 291.8225 335.6653 335.6653 335.6653 335.6653
28.73242 33.122 42.04659 44.38674 48.76762 52.11412 26.64644 17.1189 18.87564 19.63576 18.57491 20.2393 37.73407 89.00639 88.10432 88.70235 123.6319 118.817 96.15137 118.0034 125.9055 125.9055 125.9055 125.9055 125.9055 125.9055 125.9055 102.1765 46.09364 46.09364 46.09364 46.09364 46.09364 46.09364 69.07391 85.26438 84.60978 85.50844 44.96766 23.00025 218.2636 695.4194 701.79 339.0876 23.19458 23.00025 22.95867 21.53414 21.03961 21.03961 21.03961 28.63182 31.13305 31.23199 31.19187 30.86904 27.75998 26.4717 34.29688 34.60265 112.155 49.79947 205.075 335.6653 335.6653 335.6653
34.22044 37.08702 37.08702 37.08702 26.51133 18.56566 17.04157 16.69142 16.69142 16.69142 16.44487 15.64476 15.58086 27.87473 20.65785 70.19392 125.9055 125.9055 125.9055 125.9055 125.9055 125.9055 125.9055 125.9055 125.9055 125.9055 125.9055 88.31004 46.09364 46.09364 46.09364 46.09364 46.09364 46.09364 44.05907 34.37885 23.17338 27.11932 23.00025 23.00025 199.8249 621.0952 263.8257 23.00025 23.00025 23.00025 23.00025 22.91362 21.41437 21.03961 21.03961 21.21498 21.17532 23.26017 14.00576 13.37537 12.96764 12.96764 19.90822 23.86926 29.64849 33.41727 34.35454 324.801 335.6653 335.6653
36.89734 37.08702 37.08702 35.62342 24.71143 16.69142 16.69142 16.69142 16.69142 16.43055 16.44083 16.18137 15.54042 15.54042 15.54042 82.77103 125.9055 125.9055 125.9055 125.9055 125.9055 125.9055 125.9055 125.9055 125.9055 120.9559 118.3998 123.7781 55.68538 46.09364 46.09364 46.09364 46.09364 46.09364 39.37933 27.39546 23.8026 23.00025 23.00025 23.00025 23.00025 37.1661 23.00025 23.00025 23.00025 23.00025 22.98844 21.4498 21.03961 21.03961 20.50046 14.69448 13.60559 12.96764 12.96764 12.96764 12.96764 12.96764 12.96764 12.96764 12.96764 13.69177 36.37116 172.4783 170.5227 232.5989
37.08702 37.08702 37.08702 30.59327 16.69142 16.69142 16.69142 16.69142 16.69142 16.11281 15.54042 15.54061 15.54042 15.54042 20.54441 45.70378 56.62466 79.37341 114.5765 125.9055 125.9055 125.9055 125.9055 117.6234 84.51083 49.17159 42.84904 62.43071 38.97926 46.09364 46.09364 46.09364 46.09364 46.09364 46.09364 42.16076 23.13551 23.00025 23.00025 23.00025 23.00025 23.00025 23.00025 23.00025 23.00025 23.00025 23.00025 22.08179 21.05626 21.03961 20.96342 16.91056 13.09849 12.96764 12.96764 12.96764 12.96764 12.96764 12.96764 12.96764 12.96764 13.31132 22.76707 24.55821 24.55821 24.55821
48.79358 37.08702 37.08702 57.51653 70.30045 68.13091 56.01481 21.8296 16.69142 16.06196 15.54042 15.54042 15.54042 25.08643 39.5664 40.02043 40.02043 40.02043 89.54372 125.9055 125.9055 125.9055 125.9055 82.69347 57.35323 35.79968 35.79968 35.79968 36.19909 41.17832 45.8959 46.09364 46.09364 46.09364 45.68029 28.35156 23.00025 23.00025 23.00025 23.00025 23.00025 23.00025 23.00025 23.00025 23.00189 23.31421 23.62005 23.85086 21.88161 21.03961 20.82363 18.80769 13.78997 12.7962 12.96764 12.96764 12.96764 12.96764 12.96764 12.96764 12.96764 20.42351 24.55821 24.55821 24.55821 24.55821
74.36784 64.98367 82.32234 96.68417 98.60464 98.60464 98.60464 78.27012 19.71277 16.5386 16.1663 15.58714 15.54042 32.99086 40.02043 40.02043 40.02043 40.02043 47.43144 124.6258 125.9055 112.2705 38.23749 45.51429 76.32128 36.37128 35.79968 35.79968 35.79968 35.79968 39.13097 43.81007 44.06312 46.09162 36.21299 23.00025 23.00025 23.00025 23.00025 23.00025 23.00025 23.00025 23.00025 23.04431 24.12883 24.31753 24.31753 24.31753 12.96184 9.655641 9.687229 7.397653 7.827531 12.14888 12.96764 12.96764 12.96764 12.96764 12.96764 12.96764 12.96764 15.81645 24.55168 24.55821 24.55821 24.18366
74.38554 74.38554 78.15466 94.05434 87.2245 90.41552 98.60464 98.60464 52.91227 15.6871 15.61856 15.54094 15.54042 30.27424 40.02043 40.02043 40.02043 56.77779 122.0906 125.9055 125.9055 73.20477 12.26933 12.26933 13.21923 21.86435 33.00911 35.7597 35.79968 35.79968 35.79968 35.88969 35.79968 36.59156 29.43852 21.24028 22.98256 23.00025 23.00025 23.63284 23.7991 23.80155 23.89259 24.18448 24.31753 24.31753 24.31753 14.3858 7.417293 7.397653 7.397653 7.397653 7.723733 11.66318 12.96764 12.96764 12.96764 12.96764 12.96764 12.96764 12.96764 15.306 23.88669 24.55821 24.55821 17.03457
1024.807 187.703 74.38555 74.38555 74.38555 76.42288 97.74295 98.60464 42.11781 15.54042 15.54042 15.54042 15.54042 31.96662 40.02043 40.02043 40.02043 40.02043 73.93148 83.51756 97.35992 33.90739 12.26933 12.26933 20.86034 27.27659 31.85147 34.04065 34.88597 35.46231 35.79968 35.79968 35.78067 35.79067 21.49254 16.49765 16.79682 18.71822 21.23703 23.98085 23.9077 24.31753 24.31753 24.31753 24.31753 24.31753 23.87348 9.542156 7.397653 7.397653 7.397653 7.397653 7.698479 12.58734 12.96764 12.96764 12.96764 12.96764 12.96764 12.96764 10.32131 7.550719 9.007969 10.7946 12.31378 10.41828
3796.744 2743.005 174.8654 66.90462 74.71772 77.78929 91.30853 95.90874 70.98487 47.49154 37.8796 38.78643 41.63642 47.49435 40.42328 40.02043 40.02043 45.83083 70.14847 63.71715 89.171 37.58187 36.27179 15.91115 15.17133 32.33748 32.77858 32.77858 32.77858 32.83818 33.47278 33.63267 32.94678 26.01292 16.49765 16.49765 16.49765 16.49765 16.49765 16.68986 17.06627 17.14606 20.93291 24.31753 24.31753 24.31753 24.21918 13.03044 7.397653 7.397653 7.397653 7.397653 7.490137 11.89062 12.96764 12.96764 12.96764 12.96764 12.96764 12.96764 11.40199 5.365819 5.365819 5.365819 5.365819 5.365819
2157.592 367.887 46.96072 64.32422 75.28196 75.28196 75.28196 75.28196 75.39531 65.88834 53.71649 53.71649 53.71649 53.71649 50.48361 56.30062 45.54512 59.55131 90.67732 90.67732 90.67732 81.6639 90.67732 58.34004 12.26933 26.42689 34.53965 36.61553 35.1579 33.60097 32.77858 32.77858 32.77858 27.80592 16.49765 16.49765 16.49765 16.49765 16.49765 16.49765 16.49765 16.49765 21.15814 24.31753 24.31753 24.31753 24.31753 20.7342 7.397653 7.397653 7.397653 7.397653 7.397653 7.443075 8.288721 12.21864 12.96764 12.96764 12.96764 12.96764 11.06435 5.365819 5.365819 5.365819 5.365819 5.365819
46.96072 46.96072 46.96072 71.54784 75.28196 75.92608 83.03754 91.88061 93.70355 63.85093 53.71649 53.71649 53.71649 53.71649 71.84344 90.67732 88.81676 88.55254 90.67732 90.67732 90.67732 90.67732 90.67732 90.07349 25.9412 26.93535 38.23676 39.4894 39.4894 39.43457 35.34836 32.77858 32.77858 31.20194 16.49765 16.49765 16.49765 16.49765 16.49765 16.49765 16.49765 16.49765 20.77901 24.31753 24.31753 24.31753 24.31753 21.3312 7.397653 7.397653 7.397653 7.397653 7.397653 7.397653 7.397653 -9999 -9999 12.96764 12.96764 12.96764 -9999 -9999 5.365819 5.365819 5.365819 5.365819
46.96072 46.96072 75.46939 93.39056 92.31337 93.71944 95.36612 95.36612 70.70963 53.71649 53.71649 53.71649 53.71649 54.05035 87.43002 90.67732 90.67732 90.67732 90.67732 90.67732 90.67732 90.67732 90.67732 94.73914 84.17798 39.49594 39.4894 39.46637 39.14869 36.02939 34.17188 32.31443 31.97089 31.58409 24.87996 19.8795 20.47674 19.97596 16.49765 16.49765 16.49765 16.89379 23.03787 24.31753 24.31753 24.31753 24.31753 23.014 15.13932 7.598756 7.397653 7.397653 7.397653 7.397653 7.397653 -9999 -9999 -9999 -9999 -9999 -9999 -9999 -9999 5.365819 5.365819 5.365819
46.96072 47.01302 90.06535 95.36612 95.36612 95.36612 95.36612 95.36612 93.73641 61.42275 53.71649 53.71649 53.71649 53.71649 64.48016 56.687 80.87154 99.35638 99.76034 98.02766 97.32287 96.97121 99.9252 104.6514 78.91868 36.31847 36.62148 33.69023 31.526 31.526 31.526 31.526 31.526 31.526 31.51258 29.78355 27.8085 27.544 22.92466 20.20146 22.44917 16.68391 19.50749 24.29263 24.31753 24.31753 24.31753 24.31753 24.1449 7.397653 7.397653 7.397653 7.397653 -9999 -9999 -9999 -9999 -9999 -9999 -9999 -9999 -9999 -9999 -9999 5.365819 5.365819
47.15142 54.53515 95.36613 95.36613 95.36613 95.36613 95.36613 95.08828 61.85806 53.71649 53.71649 53.71649 53.71649 50.74467 28.9235 25.34967 48.601 103.582 104.702 104.702 104.702 104.702 104.702 104.702 104.6122 64.53532 31.526 31.526 31.526 31.526 31.526 31.526 31.526 30.87011 28.1182 27.51317 27.54981 27.54981 27.54981 27.54341 27.54981 18.08747 16.49765 18.96993 24.31753 -9999 -9999 -9999 -9999 -9999 -9999 -9999 -9999 -9999 -9999 -9999 -9999 -9999 -9999 -9999 -9999 -9999 -9999 -9999 -9999 -9999
84.37973 51.35084 60.19636 95.36612 95.36612 95.36612 95.36612 95.36612 94.23708 78.62122 53.71649 51.27046 41.21801 27.53472 25.34967 25.34967 45.70041 104.4925 104.702 104.702 104.702 104.702 104.702 104.702 104.702 93.5125 32.90288 31.526 31.526 31.526 31.526 30.43625 28.27987 27.58847 27.45907 27.53714 27.54981 27.54981 27.54981 27.54981 27.54981 25.33668 22.30925 19.72914 16.49765 -9999 -9999 -9999 -9999 -9999 -9999 -9999 -9999 -9999 -9999 -9999 -9999 -9999 -9999 -9999 -9999 -9999 -9999 -9999 -9999 -9999
22.18154 14.23819 14.85717 38.20978 80.25643 95.36612 95.36612 95.36612 95.36612 90.92359 45.12186 26.12441 25.25363 25.34967 25.34967 44.4591 92.98278 104.702 104.702 104.702 104.702 104.702 104.702 104.702 104.702 104.702 64.88615 31.526 31.526 30.75235 30.25211 27.62925 27.44465 27.4711 27.54579 27.54981 27.54981 27.54981 27.54981 27.54981 27.54981 27.54981 27.54981 27.54981 -9999 -9999 -9999 -9999 -9999 -9999 -9999 -9999 -9999 -9999 -9999 -9999 -9999 -9999 -9999 -9999 -9999 -9999 -9999 -9999 -9999 -9999
18.80242 13.96107 13.74999 13.74999 17.66349 53.35682 37.58394 73.286 95.36612 67.52987 25.26653 25.19075 25.21097 25.31062 25.26738 36.98374 104.4977 104.702 104.702 104.702 97.71466 39.97595 71.15314 69.81817 43.80537 57.00446 37.01767 31.526 31.526 28.88352 27.44465 27.44684 27.4548 27.50477 27.54981 27.54981 27.54981 27.54981 27.54981 27.54981 -9999 -9999 -9999 -9999 -9999 -9999 -9999 -9999 -9999 -9999 -9999 -9999 -9999 -9999 -9999 -9999 -9999 -9999 -9999 -9999 -9999 -9999 -9999 -9999 -9999 -9999
19.37238 15.63845 13.74999 13.74999 13.74999 15.61739 18.35056 20.31589 37.24183 28.62409 25.19075 25.19075 25.19075 25.19125 25.19075 25.19075 75.59521 101.1232 103.9753 104.6556 26.56234 16.00981 16.00981 16.00981 19.25882 25.98778 31.526 31.526 29.33821 27.2033 27.44465 27.49313 27.54981 27.54981 27.54981 27.54981 27.54981 27.54981 27.54981 -9999 -9999 -9999 -9999 -9999 -9999 -9999 -9999 -9999 -9999 -9999 -9999 -9999 -9999 -9999 -9999 -9999 -9999 -9999 -9999 -9999 -9999 -9999 -9999 -9999 -9999 -9999
22.07495 20.78119 13.74999 15.29928 17.18507 16.9047 18.35056 18.35056 23.92838 37.94398 68.675 73.27117 33.82011 49.91986 25.39111 34.19913 96.09961 96.63519 96.97023 97.39724 84.26583 31.7252 16.00981 15.60025 11.88132 11.40926 15.28308 11.70071 5.773918 9.471587 25.50285 27.49559 27.52746 27.54981 27.54981 27.54981 27.54981 27.54981 27.54981 -9999 -9999 -9999 -9999 -9999 -9999 -9999 -9999 -9999 -9999 -9999 -9999 -9999 -9999 -9999 -9999 -9999 -9999 -9999 -9999 -9999 -9999 -9999 -9999 -9999 -9999 -9999
28.71099 43.61188 25.7479 34.04267 19.9802 18.35056 18.35056 18.35056 20.87889 28.74777 28.80226 31.57306 81.52679 96.63519 83.85452 87.87894 96.63519 96.63519 96.63519 96.63519 96.63519 68.96449 16.00981 15.87399 7.061901 5.770353 5.770353 5.770353 5.770353 11.74881 27.44288 27.44465 -9999 -9999 -9999 -9999 -9999 -9999 -9999 -9999 -9999 -9999 -9999 -9999 -9999 -9999 -9999 -9999 -9999 -9999 -9999 -9999 -9999 -9999 -9999 -9999 -9999 -9999 -9999 -9999 -9999 -9999 -9999 -9999 -9999 -9999
44.13496 44.55003 44.55003 44.55003 32.05738 18.35056 18.35056 18.35056 18.4548 28.114 28.80226 28.80226 43.65137 91.64561 96.63518 96.63518 96.63518 96.63518 96.63518 88.29721 81.33482 45.97811 16.00981 16.00981 15.88313 12.06201 7.366462 5.770353 5.770353 18.14958 25.44986 16.64241 10.91281 8.048648 -9999 -9999 -9999 -9999 -9999 -9999 -9999 -9999 -9999 -9999 -9999 -9999 -9999 -9999 -9999 -9999 -9999 -9999 -9999 -9999 -9999 -9999 -9999 -9999 -9999 -9999 -9999 -9999 -9999 -9999 -9999 -9999
44.55003 44.55003 44.55003 44.55003 45.23257 50.13864 30.38212 18.92946 20.74657 28.37027 28.80226 39.21946 92.76926 96.63519 96.63519 96.63519 92.75779 80.98053 65.55323 36.53185 27.03309 17.366 17.48103 17.38847 17.86746 17.6955 11.54096 5.940129 5.770353 7.039291 9.911316 8.048647 8.048647 8.048647 -9999 -9999 -9999 -9999 -9999 -9999 -9999 -9999 -9999 -9999 -9999 -9999 -9999 -9999 -9999 -9999 -9999 -9999 -9999 -9999 -9999 -9999 -9999 -9999 -9999 -9999 -9999 -9999 -9999 -9999 -9999 -9999
44.55003 44.55003 44.55003 44.55003 56.43115 86.73154 55.75867 28.80226 28.80226 28.80226 28.80226 30.02102 42.2307 79.94735 73.78056 54.43861 38.73851 35.95577 35.95577 35.95577 30.67355 18.1263 17.88039 17.88039 17.88039 10.32718 8.048647 7.624502 6.976008 7.775619 8.048647 8.048647 8.048647 8.048647 8.048647 -9999 -9999 -9999 -9999 -9999 -9999 -9999 -9999 -9999 -9999 -9999 -9999 -9999 -9999 -9999 -9999 -9999 -9999 -9999 -9999 -9999 -9999 -9999 -9999 -9999 -9999 -9999 -9999 -9999 -9999 -9999
44.55003 44.60506 50.2307 58.15889 83.77412 86.73154 85.72204 36.79812 29.04448 39.08574 33.63888 31.70635 34.85894 35.02415 35.05556 35.87962 35.95577 35.95577 35.95577 35.95577 31.69614 18.2326 17.88039 17.88039 17.88039 9.123923 8.048647 8.048647 8.048647 8.048647 8.048647 8.048647 8.048647 8.048647 8.048648 -9999 -9999 -9999 -9999 -9999 -9999 -9999 -9999 -9999 -9999 -9999 -9999 -9999 -9999 -9999 -9999 -9999 -9999 -9999 -9999 -9999 -9999 -9999 -9999 -9999 -9999 -9999 -9999 -9999 -9999 -9999
44.64708 52.9579 57.60146 58.90098 84.93077 86.73154 82.5631 85.53499 85.36059 87.77428 65.61989 35.02415 35.02415 35.02415 35.02415 35.88959 35.95577 35.95577 35.95577 35.95577 27.06986 17.88039 17.88039 17.88039 17.88039 17.37739 14.33986 8.768614 8.048646 8.048646 8.048646 8.048646 8.048646 8.048647 8.048647 -9999 -9999 -9999 -9999 -9999 -9999 -9999 -9999 -9999 -9999 -9999 -9999 -9999 -9999 -9999 -9999 -9999 -9999 -9999 -9999 -9999 -9999 -9999 -9999 -9999 -9999 -9999 -9999 -9999 -9999 -9999
52.99694 57.60146 57.60146 57.60146 70.44982 76.8816 68.64351 74.20978 81.85907 79.1061 48.94286 34.56533 34.15134 33.89329 33.53908 34.51941 33.49876 32.65771 31.93869 30.5512 21.48416 17.88039 17.88039 17.88039 17.88039 17.88039 14.06637 8.048646 8.048646 8.048646 8.048646 8.048646 8.048646 8.048647 8.048647 -9999 -9999 -9999 -9999 -9999 -9999 -9999 -9999 -9999 -9999 -9999 -9999 -9999 -9999 -9999 -9999 -9999 -9999 -9999 -9999 -9999 -9999 -9999 -9999 -9999 -9999 -9999 -9999 -9999 -9999 -9999
56.07192 57.60146 57.60146 57.60146 67.17319 68.63668 68.63669 68.63669 68.63669 64.58648 34.70105 33.0938 33.07677 33.07677 33.07677 33.07677 33.07677 28.29087 17.88039 17.88039 17.88039 17.88039 17.88039 17.88039 17.88039 17.88039 16.80467 11.04721 8.166463 8.048647 8.048647 8.048647 8.048647 8.048647 -9999 -9999 -9999 -9999 -9999 -9999 -9999 -9999 -9999 -9999 -9999 -9999 -9999 -9999 -9999 -9999 -9999 -9999 -9999 -9999 -9999 -9999 -9999 -9999 -9999 -9999 -9999 -9999 -9999 -9999 -9999 -9999
