GISdata/Popn density Greece 2015.asc
ncols         312
nrows         216
xllcorner     18
yllcorner     34
cellsize      0.0416666666667
NODATA_value  -9999
[rows 96 to 127 of 216, columns 72 to 143 of 312]
-9999 -9999 -9999 35.11189 35.11189 33.07874 22.1611 13.90981 10.97574 10.97574 10.87981 10.75192 10.89249 10.30971 9.292432 9.320316 16.45739 38.9966 26.40259 8.110795 11.61302 14.75815 14.75815 19.45539 23.74517 24.183 24.183 24.183 24.183 26.96278 41.21422 77.04495 168.6669 168.6669 168.6669 168.6669 165.6755 58.46895 37.05569 37.05569 37.07177 37.30119 32.08201 26.32672 26.28899 21.15868 19.47799 22.19503 26.34346 -9999 51.78357 44.11905 41.01432 39.14542 37.2091 36.12843 36.12843 34.74676 -9999 -9999 -9999 -9999 -9999 -9999 -9999 -9999 -9999 -9999 -9999 -9999 -9999 -9999
41.03668 -9999 -9999 35.11189 35.11189 35.11189 34.04976 13.47068 10.97574 10.97574 10.97574 10.97764 11.01058 11.01126 11.01126 12.9824 32.60939 39.00177 38.98547 34.36335 25.27507 14.91667 14.94714 18.02207 19.96796 25.11886 25.28535 26.085 25.46817 26.4933 40.25699 72.7635 168.6669 168.6669 168.6669 168.6669 163.5108 98.2253 37.05569 37.05569 37.05642 37.28427 36.83188 28.54255 26.34376 26.34376 26.34376 26.34376 62.6459 67.60399 72.74505 50.16072 45.06304 45.04859 44.89292 31.1724 24.22682 21.88699 21.84635 -9999 -9999 -9999 -9999 -9999 -9999 -9999 -9999 -9999 -9999 -9999 -9999 -9999
41.03668 32.55658 35.11189 35.11189 35.11189 35.11189 35.11189 15.67226 10.97574 10.97574 10.97574 11.06498 11.40907 11.38029 11.18898 29.26218 39.00177 38.3618 36.19009 39.00177 39.00177 19.55008 21.74413 28.05457 28.07255 28.07255 28.07255 28.00246 24.25973 23.24363 24.5997 30.9596 109.7807 168.6669 168.6669 168.6669 111.8464 37.05569 37.05569 37.05569 37.15503 37.32209 37.32209 36.09211 27.21955 30.61246 59.00291 62.6459 62.6459 62.69968 68.72983 69.69882 45.33273 44.34958 44.86436 29.40451 22.15532 21.84635 21.84635 -9999 -9999 -9999 -9999 -9999 -9999 -9999 -9999 -9999 -9999 -9999 -9999 -9999
39.07119 28.37537 31.1489 35.11189 35.11189 35.11189 35.11189 31.40001 10.97576 10.97658 11.75656 12.0851 12.19276 11.47153 10.21084 35.14117 35.3054 11.88345 11.79528 18.54913 17.63249 17.14494 28.04456 28.07255 28.07255 28.07255 28.07255 26.63813 23.25028 23.24363 23.24363 23.86326 103.9544 159.7595 123.5589 154.1869 164.1484 157.0985 78.60086 44.57521 44.57521 37.32209 37.32209 30.61246 30.61246 30.61246 48.76929 62.6459 62.6459 62.6459 62.6459 59.46569 49.97043 39.58443 36.20307 35.32625 29.62723 22.40417 22.01945 22.69127 -9999 -9999 -9999 -9999 -9999 -9999 -9999 -9999 -9999 -9999 -9999 -9999
27.89051 26.11108 26.13307 31.18591 35.11189 35.11189 35.11189 21.083 12.7074 11.0383 12.0818 12.19276 12.19276 8.554474 6.002995 12.41621 9.927382 9.574816 9.030222 5.73318 2.57375 3.219811 17.83187 28.07255 28.07255 28.07255 28.07255 25.85357 23.24363 23.24363 20.44896 31.23137 76.27138 32.5069 27.52825 54.80163 132.4012 156.9719 48.6949 44.57521 44.57521 45.05835 45.26431 30.61246 30.61246 -9999 30.61246 -9999 -9999 -9999 -9999 -9999 35.3845 35.3845 35.3845 35.3845 35.3845 24.51275 22.85955 22.85955 22.85955 22.85955 -9999 -9999 -9999 -9999 -9999 -9999 -9999 -9999 -9999 -9999
26.11108 26.11108 26.11108 27.51963 34.11113 36.45897 40.89097 43.53435 24.39491 12.16613 12.19276 12.19304 12.75656 9.317581 5.034368 5.042457 6.755991 4.735518 2.535375 2.527286 2.527286 2.527286 5.572314 16.09875 18.44365 25.85895 28.07255 25.61936 21.26317 14.74026 6.063936 15.45554 23.00006 18.22586 24.84569 31.41891 146.8874 125.0712 44.57521 44.57521 44.58229 45.14333 45.26431 47.80069 49.6132 49.61641 52.58338 -9999 56.92511 -9999 -9999 -9999 -9999 -9999 35.3845 35.3845 33.92929 23.25337 22.85955 22.85955 22.85955 22.85955 22.85955 22.85955 22.85955 22.85955 -9999 -9999 -9999 -9999 -9999 -9999
27.3734 26.79345 26.11108 27.15305 29.5433 31.58377 44.1146 44.34547 71.34065 200.0098 296.6582 14.52094 14.88856 13.73645 14.0285 8.773914 5.904874 4.911091 3.70218 2.867123 5.916064 4.961741 5.771053 5.884891 4.38122 4.996522 10.54608 17.91292 8.946009 5.163338 5.163338 8.945228 11.84447 20.85729 22.79606 25.697 47.52568 28.84002 34.00328 36.12836 43.71048 45.25033 45.26431 46.35644 49.6132 51.36814 55.45201 55.39233 56.90497 56.92511 -9999 -9999 -9999 -9999 -9999 35.3845 33.72419 23.40887 22.85955 22.85955 23.91638 26.05375 27.61634 24.98978 23.99901 32.51126 34.11517 -9999 -9999 -9999 -9999 -9999
28.19969 27.60046 24.83077 25.76556 29.01954 29.54917 41.84002 46.26155 93.64429 229.454 347.9334 19.34926 14.88856 21.21698 33.8436 27.43756 24.82435 25.05086 17.61787 13.16509 7.686664 7.685496 6.991177 5.337383 3.427909 3.427909 5.246274 5.547496 5.163338 5.317079 5.178757 11.90334 15.73373 15.73373 16.1123 19.3833 22.6958 22.68089 22.67776 24.8359 35.07216 38.41778 38.80944 31.6442 35.90067 38.34158 40.54935 35.21295 44.43032 53.94343 35.21295 54.10733 54.10733 54.10733 -9999 -9999 -9999 22.85955 25.08735 31.38633 32.43512 34.11517 34.11517 33.9226 34.11405 34.11517 24.24847 20.49358 20.49358 20.49358 20.49358 51.50135
28.19969 26.90547 22.87863 22.87863 24.6006 30.06355 152.472 187.0065 126.5472 317.8755 386.2101 137.4685 50.67177 34.68733 34.69494 29.5785 26.18062 26.18062 23.5411 10.41323 7.578167 6.795343 5.933274 5.472858 3.472427 3.785673 7.074733 7.299316 6.891941 9.117661 17.53254 20.53716 25.49703 17.04606 15.73373 19.61738 24.15223 23.22135 22.67776 26.72177 30.90212 30.47629 27.91941 27.91941 28.98606 31.67235 35.11483 35.21295 35.21375 35.21295 35.21295 38.29536 53.9632 54.10733 54.10733 54.10733 54.10733 -9999 34.11517 34.11517 34.11517 34.11517 34.11517 34.11517 34.11517 34.11517 29.70477 20.49358 20.49358 20.84707 47.29433 51.50135
25.44099 23.97225 22.87863 22.87863 24.80384 40.46407 164.8557 360.1236 372.0894 394.2199 258.9706 104.8904 39.49974 34.69494 31.53239 26.53295 26.18062 24.98649 14.85524 7.690667 7.553299 5.933274 5.933274 4.958333 3.573514 3.583834 6.281047 7.42109 7.42109 12.7402 31.3359 31.3359 31.3359 29.10185 28.68672 24.45452 24.51134 23.91933 22.67776 29.24647 33.81479 33.61239 28.91792 26.80853 28.60121 35.21295 35.21295 35.21295 35.21295 35.21295 35.23759 42.67038 49.22628 47.92548 49.09528 50.61521 54.10733 -9999 -9999 34.11517 34.11517 34.11517 34.11517 34.11517 34.11517 34.11517 24.29156 20.49358 20.49358 21.01127 52.63169 42.95181
22.87863 22.87863 22.87863 22.87863 22.87863 28.21168 56.86405 69.9941 188.0971 196.3249 97.15345 88.62129 49.73449 34.00459 27.51331 26.18062 26.18062 21.488 9.321774 9.983019 10.35769 6.338288 5.933274 5.805338 3.638061 3.427909 3.530283 6.444048 7.42109 9.410933 22.95099 30.17245 31.3359 31.3359 31.33415 28.98474 25.97537 24.98839 23.99563 33.8439 33.72275 30.22939 24.3728 19.99862 22.1941 39.56061 40.75588 38.55777 35.2938 41.61732 47.42617 34.04302 33.58604 33.66201 33.66201 33.66201 -9999 -9999 -9999 -9999 34.11517 34.11517 34.11517 84.39037 35.48241 29.38011 20.50016 20.49358 20.49358 31.342 57.00789 31.25486
22.87863 22.87863 22.87863 22.87863 27.65549 30.12992 65.09524 70.04864 66.21701 67.85362 65.87363 65.04389 45.14164 33.90606 33.36922 26.76961 26.18062 24.79325 19.6631 10.58501 10.58501 7.545691 5.933274 7.719678 7.276942 8.394916 5.477127 6.481631 7.42109 7.42109 7.892836 16.54827 31.3359 31.3359 33.37006 34.6948 31.3947 26.02856 26.70057 30.095 25.56071 24.13686 23.95612 21.64543 20.30979 35.74609 44.50591 48.18636 47.73799 48.1496 48.18636 25.70172 19.58148 31.92383 31.54381 27.95826 31.55604 46.80017 47.52328 -9999 47.52328 47.52328 404.201 443.9166 267.0027 33.6028 20.49358 20.49358 20.49358 30.82247 57.57667 43.17033
21.67343 21.87296 22.87863 23.57273 37.59892 42.56112 49.67197 70.75121 73.51873 78.96858 68.93988 67.5094 47.0241 33.90606 33.90606 31.25377 26.657 55.74381 107.2762 74.30571 63.19233 16.51266 21.20434 25.77821 26.34479 23.46905 7.915179 10.77759 7.829062 7.421091 19.82941 30.23766 45.8574 52.63198 35.59285 36.97824 34.98952 27.00301 26.02856 27.33 33.76639 30.94202 33.38412 49.96676 63.4805 66.2009 89.90077 48.31353 48.18636 42.79993 29.70018 20.41989 18.40859 18.40859 18.57039 40.1752 48.75124 53.27357 47.79437 50.37625 47.52681 47.52328 1678.182 2001.471 579.7712 143.6408 86.67339 36.302 38.14013 53.1829 60.36903 52.43787
21.67343 18.95621 28.45568 39.5058 42.56112 42.56112 42.56112 65.03458 72.64948 76.30899 77.96702 77.38085 78.03478 61.76954 37.07973 28.48039 75.83401 122.0371 127.2281 127.2281 127.2281 43.34164 26.34479 26.34479 26.34479 26.13967 20.67256 19.67272 7.743871 7.42109 17.56777 23.10303 90.2302 147.7509 200.3176 56.76978 16.06793 20.8091 41.92283 37.97986 37.17904 37.17904 86.88782 116.8069 116.8069 116.8069 100.6018 44.9957 44.13841 46.85621 43.90191 38.9502 20.43207 19.4645 28.01143 57.33894 82.4601 84.55885 79.15906 71.55986 62.04215 59.65834 791.5168 401.0015 192.669 152.453 140.3568 101.6464 89.72164 69.88312 62.18742 52.43787
-9999 13.5415 25.1441 42.56112 42.56112 42.56112 42.56112 52.80684 73.50197 78.63236 79.28989 79.28988 79.28988 59.85212 36.00544 25.06764 28.20745 65.24329 121.1991 127.2281 103.5555 30.58666 26.34479 26.34479 26.34479 24.22166 21.39854 20.86065 15.22938 10.4126 14.96835 22.98736 22.98736 22.98736 -9999 18.35055 15.91124 15.91124 48.4384 69.91783 37.17904 36.22339 30.10655 75.2728 116.8069 72.11623 40.15577 34.39968 45.61117 46.24797 46.24797 52.29467 50.0258 49.76968 58.81268 84.59542 84.8497 84.8497 84.20344 66.76972 71.00875 71.40739 71.40739 129.5255 152.4536 119.8439 100.0932 100.0825 81.68322 69.74319 64.09052 52.43787
21.67343 21.67343 53.43887 67.08253 44.98201 42.56112 42.56768 43.8632 79.28989 79.28988 79.28989 79.28989 75.92599 32.42447 25.06756 26.22231 42.87804 51.13267 54.21687 127.2281 70.02221 26.34479 -9999 -9999 -9999 21.39854 21.39854 21.39854 21.39854 21.39854 22.08968 22.98624 22.98736 22.98736 -9999 -9999 15.91124 15.91124 36.8792 105.1799 26.19917 21.69845 18.59903 34.46518 105.8939 35.3256 30.64321 37.67307 46.24797 46.94361 51.4032 55.32009 51.26866 55.2977 83.79462 84.84971 84.84971 84.84971 81.68041 44.28345 39.38712 143.9121 163.0066 147.8358 167.7223 280.6765 527.2658 -9999 -9999 -9999 -9999 -9999
-9999 -9999 21.9962 79.28988 73.7261 58.24118 61.65618 79.28989 79.28988 79.28987 79.28988 79.28989 53.93404 25.06756 -9999 -9999 -9999 51.13267 155.6119 94.82491 94.82491 41.633 25.67592 24.63266 41.11039 -9999 -9999 -9999 21.39854 -9999 -9999 -9999 22.98736 22.98736 -9999 -9999 15.91124 15.91124 15.91124 15.91124 18.59903 18.59903 18.59903 32.31112 72.87012 30.49657 24.41278 25.04616 26.28302 44.7184 55.76754 55.69244 52.47703 54.29697 82.88181 84.8497 84.8497 74.1141 41.05025 36.86417 36.86417 79.76421 149.3936 118.609 95.87771 167.6144 254.3265 200.0473 105.4996 102.4484 102.4484 -9999
-9999 -9999 21.67343 -9999 -9999 -9999 -9999 -9999 -9999 -9999 -9999 -9999 -9999 -9999 -9999 -9999 -9999 984.5576 917.6735 345.0376 94.82491 89.37533 42.68262 33.07344 50.42932 82.12972 135.7277 135.7277 -9999 -9999 -9999 -9999 -9999 -9999 -9999 -9999 -9999 15.91124 15.91124 -9999 -9999 -9999 59.10848 108.0149 49.14642 17.24167 14.90244 14.90244 14.90244 14.90244 22.7734 34.3678 37.71329 31.79461 32.31921 63.1676 77.33718 63.39205 23.09743 23.93713 22.74928 99.23791 113.8957 72.42091 53.09077 58.19233 60.91449 136.4744 104.8865 96.56654 62.44136 48.23134
-9999 -9999 -9999 -9999 -9999 -9999 -9999 -9999 26.46002 26.46002 -9999 -9999 -9999 -9999 -9999 -9999 -9999 984.5576 984.5577 957.7729 547.2322 46.42166 48.59175 59.53926 97.87415 131.2917 116.3652 94.6606 -9999 -9999 -9999 -9999 -9999 -9999 -9999 -9999 -9999 -9999 -9999 -9999 -9999 -9999 116.8069 116.8069 47.81077 17.2021 14.90244 14.90244 14.90244 14.90244 18.78261 26.06948 27.10221 27.10221 28.00513 54.29035 55.90145 20.60454 10.87707 10.69228 10.72057 31.34983 32.83125 47.20406 204.2407 181.359 157.8358 63.90687 103.9019 75.67105 48.24234 29.66668
-9999 -9999 -9999 -9999 -9999 -9999 -9999 -9999 26.46002 26.46002 26.46002 29.57381 39.9363 -9999 -9999 -9999 441.7521 296.8441 220.0809 845.8612 902.5584 54.38244 52.27105 104.5564 135.7277 135.7277 114.941 63.37038 42.77351 41.48801 23.72318 23.72318 23.72318 -9999 -9999 -9999 -9999 -9999 -9999 -9999 -9999 -9999 -9999 -9999 -9999 14.90244 14.90244 14.90244 14.90244 17.58471 27.04535 25.9683 24.02379 22.69453 23.1496 38.60398 39.3204 57.23377 58.59286 14.7786 10.65899 10.65899 16.15959 52.92334 344.2386 596.0319 579.2663 147.326 84.48503 85.12075 74.97887 61.65125
-9999 -9999 -9999 -9999 -9999 -9999 -9999 -9999 26.46002 26.46002 32.67694 38.64798 88.80635 102.2985 102.3981 106.3916 137.1058 81.68501 70.8528 214.3873 732.7408 179.3029 7.321839 30.69161 112.0024 117.44 70.58958 37.31659 41.87425 42.40108 25.87404 23.69858 22.30082 32.06968 32.48986 32.48986 32.48986 -9999 -9999 -9999 -9999 -9999 -9999 -9999 -9999 -9999 -9999 54.86638 -9999 -9999 17.40004 17.40004 17.40004 17.40004 17.40894 28.63038 35.56843 59.07412 65.69819 58.08039 75.98452 134.8247 262.694 96.71017 334.5384 632.5988 744.3134 591.3173 849.4741 206.0228 109.7438 92.81895
-9999 -9999 -9999 -9999 -9999 -9999 -9999 -9999 32.91295 26.46002 36.78685 39.9363 66.41402 87.91595 27.9906 28.97513 22.52372 16.27361 16.27361 17.41736 36.42842 8.269975 7.060585 9.770686 9.864327 9.903826 9.903826 9.903826 25.40207 30.008 23.74549 22.20224 21.62241 32.15104 32.48986 32.34826 31.9224 31.76847 31.76847 -9999 -9999 -9999 -9999 -9999 -9999 -9999 -9999 54.86638 -9999 -9999 -9999 -9999 20.59558 17.40004 23.55696 79.76279 75.30402 68.78724 68.78724 68.78724 179.2654 438.3457 271.111 78.36803 574.0652 649.2572 793.6053 1898.591 1410.924 246.1999 263.0345 221.7874
-9999 -9999 -9999 -9999 -9999 -9999 -9999 43.70303 42.26522 32.20528 26.60849 33.46956 55.49567 85.85835 24.89114 24.89114 23.36962 16.59415 16.27361 16.27361 16.27361 11.17222 9.903826 9.903826 9.903826 9.903826 9.903826 9.903826 12.74695 22.09698 22.95214 21.49677 22.15514 32.37892 32.18143 31.91925 31.76847 31.76847 31.76847 32.48819 31.9418 -9999 -9999 -9999 54.86638 54.86638 54.86638 54.86638 54.86638 54.86638 60.85893 93.69213 90.14332 81.18562 83.93394 93.69213 91.40382 79.49298 70.95243 68.89988 581.2772 959.2233 307.2178 870.5028 4106.047 4052.571 7161.396 4690.321 2798.578 314.4644 310.4016 388.7438
-9999 -9999 -9999 -9999 -9999 -9999 45.31354 43.71766 43.70303 43.67102 35.80924 26.46002 30.99632 42.74139 24.89114 20.44151 14.79134 14.97391 15.68944 16.17051 16.26945 13.64951 9.903827 9.903827 9.903827 9.903827 9.903827 9.903827 12.41431 23.26424 23.44962 21.8277 20.62551 29.99772 31.76847 31.76847 31.76847 32.55098 38.63406 65.68572 68.1217 78.93906 78.91272 -9999 54.86638 54.86638 54.86638 54.86638 54.86638 48.62773 52.97556 92.85855 93.69213 93.69213 93.69213 93.69213 93.69213 107.0329 458.6869 644.1951 1538.92 1439.458 1167.226 2098.209 12687.92 17300.49 11865.31 8263.287 3211.086 705.1912 217.9797 539.6476
-9999 -9999 -9999 -9999 -9999 46.00709 46.00709 44.72657 43.83588 44.1073 41.40232 26.82463 26.1791 24.89114 23.33788 14.45673 14.57371 14.57527 14.46873 14.47315 11.5068 9.858498 9.292848 9.903826 9.903826 9.903826 9.901371 9.625946 10.64703 20.9764 23.11652 12.70175 6.523496 21.58939 31.76847 31.76847 31.70441 64.71654 78.93906 78.93906 78.59317 76.71838 73.36733 77.11945 -9999 -9999 54.86638 54.86638 54.86638 40.99631 45.07871 70.54721 90.70744 93.69212 93.69213 93.69213 93.69212 231.7435 386.6909 390.9809 393.119 2023.701 5780.464 14849.04 13244.64 22637.77 14622.99 6427.79 664.5027 476.613 244.7207 447.9569
-9999 -9999 58.7369 58.7369 51.80928 47.08662 54.0369 63.82677 53.09772 48.89808 45.47829 38.95844 27.02611 24.81423 17.41483 14.45261 14.45261 14.52274 13.96075 10.93662 7.789344 7.927971 7.799069 8.072951 9.537193 9.769821 9.515683 8.81768 8.81768 8.750095 7.487303 6.459275 6.459275 14.22338 28.89856 21.36705 13.27097 22.739 75.93921 78.73704 73.45919 73.00946 77.46481 153.9423 270.183 262.5609 262.4671 91.11951 52.37848 36.56804 36.56625 36.56625 67.28393 -9999 -9999 -9999 -9999 390.9809 390.9809 390.9809 474.8634 1210.636 11342.01 17088.93 18388.81 16088.44 7149.99 2638.517 284.8763 311.4476 247.1253 372.0405
-9999 -9999 58.7369 58.73806 60.04848 85.99075 96.3075 62.56959 69.85661 80.61536 81.67117 37.39018 28.89428 23.21719 16.98194 13.86636 14.45257 13.29949 11.61855 10.51168 9.348504 7.87871 7.780193 7.780193 8.334157 8.828012 8.81768 8.81768 8.81768 7.91616 6.459275 6.459275 6.758905 7.975152 10.96969 8.982052 8.982052 22.4687 46.76138 58.44725 71.86592 76.03142 78.4086 167.6955 262.9873 262.5609 262.5609 185.9366 122.334 36.56625 36.56625 -9999 -9999 -9999 -9999 -9999 -9999 390.9809 390.9809 390.9809 393.3028 -9999 -9999 -9999 7514.265 4141.874 3897.01 1094.331 248.3534 246.8817 191.6751 184.2367
-9999 -9999 60.25623 61.80352 62.24704 115.6684 133.7345 105.9434 97.65459 90.69714 90.69714 58.86264 23.01428 23.01431 22.96685 15.9891 13.17775 11.57864 10.89015 10.02547 9.540124 8.302963 9.069548 10.95491 12.30188 12.40325 9.111776 8.81768 8.81768 8.625875 6.868752 6.470426 7.357207 8.982052 8.982052 7.03616 7.921892 16.44125 25.60867 25.60867 41.77813 55.67325 44.12984 69.08616 73.73067 130.5099 80.75687 50.35653 24.40528 22.80784 10.46806 10.46806 -9999 -9999 -9999 -9999 -9999 -9999 390.9809 -9999 -9999 -9999 -9999 -9999 -9999 3529.847 3232.964 598.2156 267.3321 204.8064 167.5452 124.3716
-9999 -9999 -9999 62.24704 62.24704 101.6799 112.5762 90.69714 90.69714 90.69714 90.4198 86.64472 36.19079 30.20695 26.45569 25.81722 14.47471 12.67744 13.37715 10.06326 8.612885 8.64814 9.824558 11.3194 12.46147 12.06123 8.601053 8.651797 8.393959 7.958795 7.934224 7.378467 7.282623 8.128837 5.910459 3.440622 5.942105 24.03165 25.60867 25.60867 25.60867 25.4128 23.43438 22.15792 22.15792 23.17898 24.40528 23.8442 17.32446 15.66658 10.46806 10.46806 10.46806 160.078 160.078 160.078 160.078 160.078 160.078 160.078 -9999 -9999 -9999 -9999 -9999 -9999 1105.575 596.5748 241.6816 180.3934 144.7954 89.55191
-9999 -9999 -9999 -9999 -9999 -9999 90.69714 90.69714 87.01434 71.94275 53.72691 99.76371 41.15113 41.15113 41.15113 35.75718 25.36707 15.80666 15.80666 9.901319 8.617712 10.61779 12.06341 10.26011 9.144143 8.677355 8.345769 8.345769 7.86418 7.885773 7.934223 7.934223 7.934223 6.626856 3.440599 3.653587 7.417911 9.646798 14.79387 22.955 22.6163 21.47223 22.15791 22.15792 22.15792 22.47518 24.33168 22.49031 10.46806 10.46806 10.46806 10.46806 10.46806 -9999 -9999 -9999 -9999 -9999 160.078 160.078 160.078 160.078 -9999 -9999 -9999 -9999 1047.039 639.7521 -9999 213.0619 213.3486 109.6012
-9999 -9999 -9999 -9999 -9999 -9999 -9999 117.9571 94.55401 47.57933 74.60365 138.5317 41.59584 41.10965 38.89001 27.93221 16.96535 15.80666 15.80666 14.91583 11.78269 14.3759 14.62915 14.42293 10.58593 8.322003 8.345768 6.940377 6.403485 7.854226 7.934223 7.934223 7.934223 6.428097 3.469787 6.014602 8.565996 8.565996 10.6783 21.18066 19.55579 19.1984 19.82287 20.18665 20.01222 19.18699 19.13731 12.84218 10.97569 12.53515 13.6592 18.07545 18.37419 -9999 73.19276 -9999 73.19275 73.19275 160.078 160.078 160.078 160.078 -9999 -9999 -9999 -9999 -9999 -9999 -9999 457.2052 415.0471 116.3428
-9999 -9999 -9999 -9999 -9999 -9999 -9999 150.8536 150.4809 130.5714 149.0175 147.9783 101.2431 39.65918 39.2592 37.77787 25.42573 21.87219 23.3094 18.51924 14.62915 14.46899 12.65378 8.569171 8.406144 8.237008 7.632553 6.468839 6.348117 7.41569 7.934222 7.99476 9.070114 9.341015 7.981438 8.978458 8.565995 10.03566 20.22946 21.18456 25.17236 56.64033 38.52341 23.04811 22.89808 21.42321 25.53584 26.50202 26.32016 19.46836 18.37419 18.37419 18.37419 73.19275 73.19274 73.19276 73.19276 -9999 160.078 160.078 160.078 -9999 -9999 -9999 -9999 -9999 -9999 -9999 -9999 515.0624 127.3893 112.5254
