GISdata/Popn density Ireland 2015.asc
ncols         144
nrows         120
xllcorner     -11
yllcorner     51
cellsize      0.0416666666667
NODATA_value  -9999
[rows 60 to 89 of 120, columns 0 to 66 of 144]
-9999 -9999 -9999 -9999 -9999 -9999 -9999 -9999 -9999 -9999 -9999 -9999 -9999 -9999 -9999 -9999 -9999 -9999 -9999 -9999 63.52133 32.88198 30.96637 37.75166 5.072645 2.89864 1.280175 1.570553 1.612653 1.778582 1.919626 1.935318 1.200233 2.463621 3.09107 3.759936 5.673668 3.766829 4.057007 11.09143 35.12073 15.35756 27.91779 28.00898 33.30869 67.09339 46.3254 27.51406 24.85153 30.08503 43.41146 68.91828 43.37186 27.52695 23.91041 23.79368 20.21278 19.81501 36.80476 30.64718 19.47866 8.095996 7.28018 10.16092 9.922563 16.56694 16.56707
-9999 -9999 -9999 -9999 -9999 -9999 -9999 -9999 -9999 -9999 -9999 -9999 -9999 -9999 -9999 -9999 -9999 -9999 -9999 10.9677 11.13161 12.31936 12.23142 10.39162 4.182889 2.815168 0.7213382 1.620465 2.558126 2.749462 2.753515 2.803238 3.726392 4.5196 4.418901 3.140138 2.430827 3.399822 22.0767 34.4349 35.12073 35.12073 34.37795 32.56609 31.99012 48.56237 61.57497 55.71062 29.72592 32.78257 56.46213 39.65784 33.61243 32.09067 26.46702 24.54007 22.38806 23.35186 25.25297 17.8755 22.39044 17.78408 11.43322 11.56309 9.893816 10.29347 9.399753
-9999 -9999 -9999 -9999 -9999 -9999 -9999 -9999 -9999 -9999 -9999 -9999 -9999 -9999 -9999 -9999 -9999 -9999 -9999 10.9677 14.46826 14.66886 14.66886 14.23238 11.58997 10.98136 8.729045 3.263324 7.354554 5.582995 5.468627 5.44276 4.781276 4.89335 6.42104 1.929093 1.486023 21.21018 35.12073 34.14434 35.04538 38.64535 38.43189 41.12823 47.34935 52.58741 64.01932 61.56628 54.82605 59.94943 55.05564 58.13092 52.20559 30.15478 24.60394 24.20262 23.13884 12.60314 11.66006 13.54438 13.49801 13.45665 12.77064 15.211 18.9391 18.57589 13.49502
-9999 -9999 -9999 -9999 -9999 -9999 -9999 -9999 -9999 -9999 -9999 -9999 -9999 -9999 -9999 -9999 -9999 -9999 -9999 -9999 -9999 -9999 -9999 -9999 11.57418 10.98136 16.35814 16.35814 13.86149 11.52714 6.353045 5.621912 4.910799 5.665166 12.06278 6.107896 9.12634 25.29745 21.4249 14.49667 14.59921 17.59053 15.32031 70.47125 89.28188 76.81165 68.07407 83.63136 110.8874 132.378 84.25693 67.22627 39.03383 20.53393 23.06578 20.22162 15.59366 10.61963 9.696149 12.36405 13.80814 22.06758 22.5623 18.89119 18.3694 33.22406 133.261
-9999 -9999 -9999 -9999 -9999 -9999 -9999 -9999 -9999 -9999 -9999 -9999 -9999 -9999 -9999 -9999 -9999 -9999 -9999 -9999 -9999 -9999 -9999 -9999 16.35814 16.35814 16.35814 16.35814 14.22868 12.53538 14.0018 39.11157 40.24906 53.37041 43.25087 21.72842 21.06684 19.25299 11.91805 10.01292 18.98593 22.17233 35.86071 69.19711 115.4069 121.8214 559.2565 302.1964 150.1284 135.0151 127.5564 42.69575 30.20752 101.8581 96.23254 61.99818 14.44307 11.72928 11.29167 15.7287 12.60849 13.00603 16.77007 20.08151 24.47249 48.00419 181.496
-9999 -9999 -9999 -9999 -9999 -9999 -9999 -9999 -9999 -9999 -9999 -9999 -9999 -9999 -9999 -9999 -9999 -9999 -9999 -9999 -9999 -9999 -9999 -9999 -9999 -9999 -9999 16.35814 12.52674 27.47199 33.62472 30.85 30.88007 62.67533 44.27255 24.2919 20.81063 21.33374 19.23711 11.39307 21.86583 35.33702 52.17627 79.43751 765.0233 1907.029 3613.323 1200.265 729.1147 125.9557 152.0076 102.6932 63.73659 65.17028 90.01341 38.8543 25.35511 20.28613 16.00519 15.53901 14.76291 12.06514 17.00135 14.31388 14.09291 10.93332 10.44156
-9999 -9999 -9999 -9999 -9999 -9999 -9999 -9999 -9999 -9999 -9999 -9999 -9999 -9999 -9999 -9999 -9999 -9999 -9999 -9999 -9999 -9999 -9999 -9999 -9999 -9999 -9999 -9999 -9999 27.56159 27.56159 27.56159 29.52372 62.67533 27.34583 20.80924 20.80924 21.14938 21.39915 12.90773 17.72888 35.33702 51.71219 86.91306 128.885 898.8112 53.22863 53.22863 59.67391 68.62057 93.65618 83.80524 65.47942 52.87532 70.3068 32.47393 29.44272 31.30944 29.53613 16.85902 10.94818 12.97399 16.77954 19.21501 17.78172 17.33833 15.53239
-9999 -9999 -9999 -9999 -9999 -9999 -9999 -9999 -9999 -9999 -9999 -9999 -9999 -9999 -9999 -9999 -9999 -9999 -9999 -9999 -9999 -9999 -9999 -9999 -9999 -9999 -9999 -9999 -9999 -9999 -9999 -9999 -9999 -9999 -9999 -9999 -9999 -9999 -9999 -9999 -9999 -9999 -9999 -9999 -9999 14.80355 21.76715 66.90566 71.99156 47.82247 35.80145 39.83725 41.31825 34.05336 35.44885 24.02214 31.85986 109.8293 327.2191 26.02912 18.08407 16.65601 15.16284 15.51652 18.57897 11.0024 10.21582
-9999 -9999 -9999 -9999 -9999 -9999 -9999 -9999 -9999 -9999 -9999 -9999 -9999 -9999 -9999 -9999 -9999 -9999 -9999 -9999 -9999 -9999 -9999 -9999 -9999 -9999 -9999 22.59081 22.59081 22.59081 22.59081 22.59081 22.59081 -9999 -9999 -9999 -9999 -9999 -9999 -9999 5.478538 5.478538 5.478538 7.912813 18.46245 15.16115 15.38862 33.65773 45.60854 29.33088 21.66426 29.7028 39.37666 24.93688 15.37622 14.63392 11.63664 12.6676 12.47436 13.16336 17.00031 18.40758 18.5464 15.70214 18.51299 30.1742 16.1671
-9999 -9999 -9999 -9999 -9999 -9999 -9999 -9999 -9999 -9999 -9999 -9999 -9999 -9999 -9999 -9999 -9999 -9999 -9999 -9999 -9999 -9999 -9999 -9999 -9999 -9999 -9999 -9999 -9999 22.59081 22.59081 22.59081 22.59081 22.59081 22.59081 -9999 -9999 -9999 -9999 6.413719 6.359337 5.532315 3.591937 9.47593 17.92269 10.64539 6.034449 9.752624 14.76463 17.93842 19.27736 19.9267 23.1014 16.62364 6.828162 4.519395 9.132222 9.600541 8.897386 10.90594 15.50639 16.48684 15.97966 12.59597 23.85541 47.93467 40.6417
-9999 -9999 -9999 -9999 -9999 -9999 -9999 -9999 -9999 -9999 -9999 -9999 -9999 -9999 -9999 -9999 -9999 -9999 -9999 -9999 -9999 -9999 -9999 -9999 -9999 -9999 -9999 -9999 -9999 -9999 -9999 -9999 -9999 22.59081 22.59081 22.59081 -9999 -9999 45.57691 12.69773 12.86673 17.56559 1.81663 2.522263 3.473472 3.064125 2.02737 1.490613 3.68301 5.436643 8.764894 33.12703 161.7031 20.43305 8.279474 5.575879 3.050285 2.118948 3.390113 5.4124 5.673936 11.6984 12.1376 11.01749 11.47963 41.85437 23.43033
-9999 -9999 -9999 -9999 -9999 -9999 -9999 -9999 -9999 -9999 -9999 -9999 -9999 -9999 -9999 -9999 -9999 -9999 -9999 -9999 -9999 -9999 -9999 -9999 -9999 -9999 -9999 -9999 -9999 -9999 -9999 -9999 -9999 -9999 -9999 -9999 -9999 -9999 45.57691 32.99323 13.35163 35.20264 8.437638 5.136544 4.500507 3.912807 2.860009 2.40027 4.129233 4.620245 9.561567 16.56009 12.14516 11.89318 9.857904 5.560643 4.341654 3.342421 3.25683 1.680974 0.7100322 10.09093 7.85947 9.053955 9.290675 14.3627 15.83525
-9999 -9999 -9999 -9999 -9999 -9999 -9999 -9999 -9999 -9999 -9999 -9999 -9999 -9999 -9999 -9999 -9999 -9999 -9999 -9999 -9999 -9999 -9999 -9999 -9999 -9999 -9999 -9999 -9999 -9999 -9999 -9999 -9999 -9999 -9999 -9999 -9999 23.49831 32.02653 27.24927 23.45264 23.50881 12.11967 9.117076 9.227671 10.65846 13.8208 15.37904 10.10717 5.870878 13.34749 14.94745 8.648812 8.79791 7.8103 7.865223 8.5823 7.287657 4.225823 4.293305 13.18921 13.45004 13.28432 10.5037 15.29851 14.61785 13.82771
-9999 -9999 -9999 -9999 -9999 -9999 -9999 -9999 -9999 -9999 -9999 -9999 -9999 -9999 -9999 -9999 -9999 -9999 -9999 -9999 -9999 -9999 -9999 -9999 -9999 -9999 -9999 -9999 -9999 -9999 -9999 -9999 -9999 -9999 -9999 -9999 17.25337 17.25337 23.47682 46.99485 63.2222 55.61982 9.893571 10.58082 10.448 19.40362 27.02226 17.54117 13.34169 20.62964 21.6605 14.45362 6.453494 11.94532 6.332835 15.50632 18.80883 13.44883 14.19337 12.30605 23.18106 22.59989 17.59218 15.60417 29.94457 22.51943 23.72464
-9999 -9999 -9999 -9999 -9999 -9999 -9999 -9999 -9999 -9999 -9999 -9999 -9999 -9999 -9999 -9999 -9999 -9999 -9999 -9999 -9999 -9999 -9999 -9999 -9999 -9999 -9999 -9999 -9999 -9999 -9999 -9999 -9999 -9999 -9999 -9999 -9999 14.25297 18.28489 22.69765 21.01441 11.03843 14.02066 21.73073 20.7413 17.67087 20.43436 38.95543 81.96441 36.09135 20.78122 12.00623 8.982635 16.0127 20.67856 13.65777 8.982882 11.57296 25.44774 40.15119 34.61438 34.59886 36.27531 36.27531 27.66129 33.37541 46.10119
-9999 -9999 -9999 -9999 -9999 -9999 -9999 -9999 -9999 -9999 -9999 -9999 -9999 -9999 -9999 -9999 -9999 -9999 -9999 -9999 -9999 -9999 -9999 -9999 -9999 -9999 -9999 -9999 -9999 -9999 -9999 -9999 -9999 -9999 -9999 -9999 -9999 64.78481 75.4686 36.33083 15.74473 10.54489 8.942511 7.723678 21.70466 26.66797 57.46893 596.7267 1180.964 165.1702 37.34094 18.42829 15.65456 20.69292 21.30091 13.91553 10.27736 8.353598 11.57258 22.26209 23.70296 22.88308 31.36081 29.63242 17.27601 22.29939 275.0354
-9999 -9999 -9999 -9999 -9999 -9999 -9999 -9999 -9999 -9999 -9999 -9999 -9999 -9999 -9999 -9999 -9999 -9999 -9999 -9999 -9999 -9999 -9999 -9999 -9999 -9999 -9999 -9999 -9999 -9999 -9999 -9999 -9999 -9999 -9999 35.51175 30.05443 32.29826 20.1851 12.48886 10.39491 7.027433 9.066915 9.229671 13.36096 27.49185 30.61645 257.0467 217.9102 65.16145 59.7281 74.78346 36.16131 17.10466 20.72666 15.11164 16.19828 10.29288 5.394632 22.20511 102.3087 104.9496 125.0664 83.40094 16.38666 23.27502 19.49459
-9999 -9999 -9999 -9999 -9999 -9999 -9999 -9999 -9999 -9999 -9999 -9999 -9999 -9999 -9999 -9999 -9999 -9999 -9999 -9999 -9999 -9999 -9999 -9999 -9999 -9999 -9999 -9999 -9999 -9999 -9999 -9999 -9999 -9999 12.29891 21.11909 20.42604 19.43921 15.5197 9.769845 8.15851 7.97473 8.045717 9.830934 15.28878 20.50228 29.13703 28.39186 59.82996 73.36887 94.11623 34.22104 63.67868 64.48273 16.52707 14.26869 13.51147 22.50875 11.39313 25.15844 44.70499 71.65463 32.46354 14.48956 10.71536 6.621156 8.310934
-9999 -9999 -9999 -9999 -9999 -9999 -9999 -9999 -9999 -9999 -9999 -9999 -9999 -9999 -9999 -9999 -9999 -9999 -9999 -9999 -9999 -9999 -9999 -9999 -9999 -9999 -9999 -9999 -9999 -9999 -9999 -9999 11.34257 11.84057 12.12475 18.13162 15.63461 12.7148 17.57683 13.99793 12.13443 9.874154 12.38053 12.26592 11.31212 10.47707 11.67454 11.51198 56.57134 113.5128 88.62048 56.58124 108.8576 75.99683 47.64933 90.24583 75.36399 153.1884 79.51622 89.10538 81.52717 33.34681 28.01208 12.17492 10.06753 9.243421 9.124665
-9999 -9999 -9999 -9999 -9999 -9999 -9999 -9999 -9999 -9999 -9999 -9999 -9999 -9999 -9999 -9999 -9999 -9999 -9999 -9999 -9999 -9999 -9999 -9999 -9999 -9999 -9999 -9999 -9999 -9999 -9999 41.73994 92.91363 12.05264 12.47504 11.47027 11.28113 14.22466 14.73625 11.93555 13.36654 13.19853 11.70231 10.29907 10.37482 10.02754 8.789929 9.100441 124.1146 134.1784 124.0422 68.59265 50.06575 56.13696 55.73677 227.2715 1020.13 809.551 128.1386 84.7063 89.59916 48.17966 39.8885 37.93284 26.42325 12.09994 11.86273
-9999 -9999 -9999 -9999 -9999 -9999 -9999 -9999 -9999 -9999 -9999 -9999 -9999 -9999 -9999 -9999 -9999 -9999 -9999 -9999 -9999 -9999 -9999 -9999 -9999 -9999 -9999 -9999 8.576076 8.576076 8.015073 7.406391 9.264568 5.721736 5.971583 21.93225 181.4698 13.41373 12.74318 8.204685 8.604644 7.099456 6.038552 6.306513 8.340301 15.2504 10.61222 21.62993 15.57572 15.45254 27.50146 47.9698 30.46854 39.81205 187.2698 996.5035 2660.905 1607.495 451.1622 208.04 73.51283 39.2506 34.82451 30.21264 17.82904 9.05082 12.43007
-9999 -9999 -9999 -9999 -9999 -9999 -9999 -9999 -9999 -9999 -9999 -9999 -9999 -9999 -9999 -9999 -9999 -9999 -9999 -9999 -9999 -9999 -9999 -9999 -9999 -9999 8.12361 8.12361 8.226871 10.52015 11.51346 9.626596 5.623818 5.506087 6.532589 9.847218 11.60859 11.70083 14.60113 13.70681 4.618733 6.985157 8.370308 13.77722 20.60419 33.67454 16.29221 35.48482 50.80481 33.42338 23.38235 24.9863 30.97637 54.74642 93.02621 274.3634 239.5623 121.831 295.4847 85.98929 45.60518 27.03414 31.03251 70.0594 50.81619 33.80153 33.72094
-9999 -9999 -9999 -9999 -9999 -9999 -9999 -9999 -9999 -9999 -9999 -9999 -9999 -9999 -9999 -9999 -9999 -9999 -9999 -9999 -9999 -9999 -9999 -9999 -9999 8.12361 8.12361 8.209807 14.10367 15.58717 15.58717 10.30674 6.192838 7.651472 9.94211 11.68386 16.55817 18.75343 18.16034 23.12809 28.81522 32.28072 15.00938 15.06023 16.40246 22.07648 18.7262 18.37307 24.54029 32.30872 38.07917 39.3996 61.85517 87.80899 63.77374 36.94262 31.83128 44.01323 49.6531 47.11862 32.24475 29.8003 32.05066 37.0243 33.94196 24.46543 26.27973
-9999 -9999 -9999 -9999 -9999 -9999 -9999 -9999 -9999 -9999 -9999 -9999 -9999 -9999 -9999 -9999 -9999 -9999 -9999 -9999 -9999 -9999 -9999 -9999 -9999 -9999 -9999 -9999 -9999 -9999 -9999 60.72638 49.33977 18.65648 13.59856 14.5989 17.00285 17.65115 19.84919 19.65272 15.81564 12.12847 10.41504 10.73961 16.92798 22.30804 22.03012 19.75994 26.93002 72.86723 36.50937 33.95288 24.83674 26.8665 65.86548 31.25296 20.5535 22.38012 36.54689 29.93715 26.74057 27.82073 26.25704 23.38246 20.96787 20.53838 26.86493
-9999 -9999 -9999 -9999 -9999 -9999 -9999 -9999 -9999 -9999 -9999 -9999 -9999 -9999 -9999 -9999 -9999 -9999 -9999 -9999 -9999 -9999 -9999 -9999 -9999 -9999 -9999 -9999 -9999 33.03654 32.66276 44.31549 52.38723 27.50954 20.81093 20.75525 42.2965 20.32019 20.99607 21.16619 16.88969 16.67529 19.19545 16.70297 14.01884 30.48273 52.88756 30.2501 23.90672 14.64545 17.19876 29.84608 20.50759 15.38954 28.15409 21.95858 21.4769 27.58196 57.45676 38.13356 23.21686 38.74295 26.00142 14.46738 21.09108 24.72701 28.08717
-9999 -9999 -9999 -9999 -9999 -9999 -9999 -9999 -9999 -9999 -9999 -9999 -9999 -9999 -9999 -9999 -9999 -9999 -9999 -9999 -9999 -9999 -9999 -9999 -9999 22.16673 22.16673 33.67759 38.30921 25.60362 36.01117 30.25501 29.97374 15.04293 23.586 81.05878 208.6032 21.70564 20.17834 21.82493 22.76614 20.48093 19.68055 18.06441 16.09857 31.47005 294.5893 42.73539 25.94397 19.78861 12.97199 18.49607 17.73788 20.26613 16.0734 18.76205 26.34899 19.75045 24.71944 22.58591 23.41853 33.997 32.87311 18.97236 24.70224 20.86396 16.27083
-9999 -9999 -9999 -9999 -9999 -9999 -9999 -9999 -9999 -9999 -9999 -9999 -9999 -9999 -9999 -9999 -9999 -9999 -9999 -9999 -9999 -9999 -9999 -9999 -9999 22.16673 22.16673 34.60185 38.82354 25.50299 25.82808 23.7337 31.75033 27.37097 20.62976 17.93541 13.32311 12.50242 24.5477 23.58552 45.89062 43.88612 22.70232 23.98899 23.47089 23.36233 20.92806 16.2963 21.35189 22.81442 23.1104 16.02809 20.25583 23.87718 17.87887 29.85196 37.66765 59.72235 76.46178 32.46618 25.74396 23.12655 18.83814 25.18021 24.01729 19.46283 11.64624
-9999 -9999 -9999 -9999 -9999 -9999 -9999 -9999 -9999 -9999 -9999 -9999 -9999 -9999 -9999 -9999 -9999 -9999 -9999 -9999 -9999 -9999 -9999 -9999 -9999 -9999 -9999 38.57949 37.8176 35.13176 23.88046 30.40492 27.35782 14.18062 14.32598 13.48343 10.94241 7.861481 12.96155 31.46323 111.5121 51.2019 23.01955 22.37259 19.79318 16.10593 13.88267 11.54272 24.68193 31.9901 34.79985 25.96637 25.39503 24.51999 57.80434 107.5427 54.33413 22.87548 15.87767 13.60747 31.40307 30.16553 14.88062 24.1433 22.28737 12.76515 10.23419
-9999 -9999 -9999 -9999 -9999 -9999 -9999 -9999 -9999 -9999 -9999 -9999 -9999 -9999 -9999 -9999 -9999 -9999 -9999 -9999 -9999 -9999 35.36674 35.36674 -9999 -9999 81.95 70.4458 66.25504 79.27338 86.13497 59.48763 54.62354 20.91592 13.84876 12.40477 8.978294 11.0964 13.42793 15.92897 12.05806 16.75113 20.61818 15.73754 6.804996 5.384416 5.651711 7.217381 12.51656 17.79215 15.81466 22.46303 19.52289 19.2192 17.19715 19.93365 24.12144 16.53995 10.09743 5.404089 7.748528 10.27721 11.60595 12.84489 13.84214 17.59458 14.97185
-9999 -9999 -9999 -9999 -9999 -9999 -9999 -9999 -9999 -9999 -9999 -9999 -9999 -9999 -9999 -9999 9.823938 8.817547 4.23739 4.593116 5.639228 -9999 24.00899 35.36674 35.36674 -9999 81.95 74.87924 75.84066 89.38222 463.5233 438.1396 71.38289 36.59484 17.11522 15.08716 19.15227 29.72901 12.18389 8.216403 6.744593 4.52422 4.822613 5.328045 6.207219 6.88922 8.725546 9.109673 11.49597 13.0655 14.72356 13.22058 17.89941 20.33479 16.45978 15.20185 17.43883 7.382782 4.753461 6.664671 17.30494 20.55265 14.74151 19.93896 29.82366 66.78154 71.48571
