GISdata/Popn density Czech Republic 2015.asc
ncols         216
nrows         96
xllcorner     11
yllcorner     48
cellsize      0.0416666666667
NODATA_value  -9999
[rows 29 to 57 of 96, columns 67 to 133 of 216]
-9999 -9999 11.61619 11.61619 17.00169 54.78551 100.13 152.9511 368.6608 447.885 438.9397 230.7329 134.8535 63.38179 84.74354 163.0252 255.2964 163.1757 427.864 54.73166 95.62637 43.09338 47.65335 64.32791 40.15661 27.71256 24.75273 38.51723 743.2065 865.3018 926.0007 916.0808 437.1936 229.8183 88.97374 119.8082 215.3225 54.96308 36.62423 51.46345 49.36358 72.93723 16.19696 16.29192 16.29192 16.29192 -9999 4.980776 4.980776 -9999 -9999 -9999 -9999 -9999 -9999 -9999 -9999 -9999 -9999 -9999 -9999 -9999 -9999 -9999 -9999 -9999 -9999
229.6361 274.5205 209.9052 124.6023 205.8344 198.4951 45.97077 82.86432 118.6519 268.3428 386.2104 109.5794 159.5546 57.88414 50.65331 54.99574 38.31496 193.1378 473.8514 122.8249 74.93162 54.65048 42.32959 87.70786 50.4617 22.36205 26.51625 31.88468 256.7543 788.0388 653.7892 902.9102 1131.849 1187.56 200.0491 294.5377 391.2093 95.30124 35.37359 89.91756 91.00002 37.35775 13.9288 16.29192 16.29192 14.03131 10.16873 5.247176 5.893309 34.35178 -9999 -9999 -9999 -9999 -9999 -9999 -9999 -9999 -9999 -9999 -9999 -9999 -9999 -9999 -9999 -9999 -9999
288.16 397.508 259.4107 257.4598 832.9617 872.7332 388.173 469.0222 156.6755 66.92171 37.94183 32.12176 29.75073 33.69375 79.69151 43.37241 173.4094 565.4241 634.9059 584.506 85.69605 49.7382 78.59014 89.43663 158.3284 22.95678 25.96355 42.99632 92.68326 42.01995 90.96952 126.1341 195.6928 410.3942 134.7329 117.4979 99.93465 51.04948 61.1166 75.52373 70.38616 27.36706 93.30335 49.49649 10.59297 14.87676 14.13976 10.9731 29.0029 46.17453 161.9048 106.7792 16.8114 16.80922 -9999 -9999 -9999 -9999 109.4473 109.4473 24.4315 -9999 -9999 -9999 -9999 -9999 -9999
1538.534 1498.913 104.419 245.0588 610.2983 815.4969 993.6309 684.8635 114.396 44.88443 25.45882 24.13896 31.53433 44.44771 52.03069 24.02667 45.45183 136.9899 369.5643 380.1353 95.84961 89.59988 305.9443 106.0703 12.35642 8.334068 13.85003 28.00845 83.29304 51.12376 55.51335 102.3339 73.45275 89.94677 194.8364 250.4914 201.6075 63.29528 37.2447 56.97108 79.01836 82.26944 156.9913 430.8809 81.93928 44.52593 45.58015 55.80893 145.5403 109.6032 210.3858 80.79253 41.76464 46.50313 25.419 30.22839 33.14473 35.51552 102.8315 106.7805 38.36158 117.7335 44.82573 -9999 -9999 -9999 -9999
385.6907 227.6085 92.30549 45.50428 43.11041 107.9733 546.2644 396.811 39.12457 27.59023 28.67407 36.11673 33.6083 35.60378 33.68776 28.50235 27.37991 39.66279 34.36871 54.13508 62.66117 35.0741 17.13545 8.334069 8.334069 8.334069 11.03122 24.43876 34.09023 39.01265 72.97115 132.1499 502.3909 248.3482 76.89996 70.56508 346.6921 300.6077 67.52245 55.45469 123.4939 320.0767 88.01892 267.2738 126.4128 42.81982 48.8786 49.98516 81.92055 129.9585 300.8519 211.6231 168.9591 36.56936 25.16128 22.15319 31.55169 34.56657 78.05146 50.20837 81.86254 350.1835 38.59425 15.1717 -9999 -9999 -9999
172.0932 63.42677 57.6698 36.52496 36.73829 74.55319 78.50395 407.5114 334.3515 58.26892 52.42701 37.30371 34.63126 35.48749 34.76706 16.14913 21.65978 26.25702 21.12549 41.50727 64.06212 50.81637 28.94471 29.60012 15.69806 13.02924 19.83902 41.00416 112.9212 87.63441 100.0311 119.204 287.5886 197.983 69.11005 63.49311 63.25833 96.72171 116.0413 74.45022 67.51022 94.29463 97.68501 57.3221 67.87457 96.92222 162.2217 40.82805 29.15272 150.2376 288.1146 301.9792 248.7141 81.17715 77.29842 18.18637 32.57257 44.24577 158.1348 72.18668 50.8715 136.3458 33.14428 15.1717 -9999 -9999 -9999
38.20375 17.66988 32.74321 59.00449 39.7006 164.5009 392.3987 675.6176 761.9371 253.7464 96.5043 56.64181 42.49423 47.0104 25.60892 51.13189 33.89808 27.16809 24.28538 19.03392 36.26286 53.71526 27.87064 69.49866 77.65446 57.34785 43.03441 78.03231 249.8852 169.8792 46.22594 58.94434 36.11217 32.05412 33.24448 65.17453 84.88583 219.2179 110.8863 52.72763 83.08209 129.2022 85.29411 46.61447 38.60863 45.44152 183.9189 49.31753 56.84756 32.73665 100.7954 284.0201 307.8908 196.4068 202.4335 130.0888 105.2416 97.23822 133.9375 55.50788 37.39602 18.42767 17.82527 -9999 -9999 -9999 -9999
23.95694 24.51876 52.56256 39.19771 63.18804 110.9991 170.6062 99.62199 146.9188 114.7897 64.21515 50.68398 46.99697 96.0091 136.4863 169.6385 48.40708 15.31245 9.715066 20.33332 29.41261 46.30839 26.06813 65.19997 59.24601 67.52965 90.35906 168.0303 174.6013 60.73485 39.26704 55.29329 49.54224 73.86073 40.47786 40.84142 54.71883 84.22485 58.83038 33.28012 115.691 315.7556 171.1063 55.21678 44.40809 59.74933 76.76529 107.5804 80.61147 39.52856 29.6722 38.90936 95.26546 70.32586 242.9993 297.7092 208.4239 284.3248 90.86092 55.86022 57.43202 17.35852 -9999 -9999 -9999 -9999 -9999
24.25221 25.52596 32.62308 32.53191 46.00966 66.8132 56.77618 57.98595 68.12473 73.99554 426.928 295.2307 65.3083 104.3285 150.818 102.6478 41.5565 30.31709 19.64759 41.3486 44.171 30.17462 29.65806 54.10437 42.00067 284.3294 951.2621 567.9065 110.1368 43.37617 43.91218 77.19833 85.3597 64.19183 34.75651 23.40165 48.91386 484.897 577.5382 63.71156 40.85598 73.08025 106.8358 109.8898 32.43432 35.96399 63.37905 265.3575 438.7385 234.3389 34.93491 27.65065 46.00484 44.54732 124.0294 160.7327 228.7227 575.7943 296.3973 -9999 -9999 -9999 -9999 -9999 -9999 -9999 -9999
352.9294 32.14597 28.64811 33.78241 47.32991 144.4547 127.6821 55.73627 51.30441 48.34092 224.9978 211.8353 68.52663 63.77565 78.37754 126.2804 467.3867 34.52307 31.34841 34.99685 28.444 23.27123 31.51847 47.62746 47.84064 243.9156 1181.258 720.8546 115.3475 57.81221 33.62167 28.67673 42.92542 29.43001 45.81458 29.46558 26.58311 132.8132 179.5678 39.36852 43.64493 79.31002 56.23907 150.892 139.0016 54.06066 33.29112 59.97341 129.3792 145.7674 43.68103 48.12204 46.27101 178.8362 217.3164 69.4269 359.543 561.4777 133.4804 57.25721 32.75104 32.75104 -9999 -9999 -9999 -9999 -9999
535.3321 134.9894 55.33226 39.82729 38.43526 39.89294 42.91732 42.78363 36.04249 42.16006 77.82908 60.8708 56.68269 112.7637 81.95721 87.08849 564.2788 371.9955 54.19278 38.53066 38.14603 32.13713 30.75639 48.78335 75.15802 66.90575 82.10946 93.49552 92.94552 53.85222 31.7029 25.87317 39.25669 64.53683 81.27023 55.19159 44.80711 32.97275 40.18882 49.86615 51.71783 65.99178 69.37499 153.0931 276.9814 108.2144 43.09187 35.21978 61.46343 87.8959 344.0782 398.7187 109.4479 44.3565 40.45805 173.7018 422.2388 126.4649 55.48264 42.34121 21.6681 22.84909 13.60314 -9999 -9999 -9999 -9999
196.8091 94.93719 43.95021 36.20714 46.70185 47.18182 57.02938 60.26487 48.37521 53.3521 49.36082 36.07323 76.11926 74.75137 88.58596 65.19544 73.22692 98.63638 82.7683 73.44243 58.70496 31.66152 33.4389 50.68684 98.11035 148.5243 108.4579 71.47326 45.35339 45.04224 29.99157 24.94629 38.98672 75.83398 66.27544 41.92124 33.33311 30.26008 36.75742 50.32149 51.18834 43.05325 31.46624 37.05897 46.83577 64.88272 48.95521 42.97309 94.90197 187.1485 161.3568 79.66954 95.15984 51.23 60.58421 80.4046 228.3968 98.24726 49.28915 33.61804 22.07743 17.82358 16.71412 7.16431 6.989958 -9999 -9999
24.11975 24.67012 18.20391 33.61743 46.61337 74.98981 109.7273 192.1836 74.97078 83.7025 132.2631 127.0803 294.7295 106.2278 111.3282 229.0555 407.6366 471.0687 189.9978 109.151 74.08836 37.53533 49.03645 60.10801 143.9458 141.789 94.05922 63.29018 56.10143 62.24356 47.26376 60.81965 55.02549 60.86091 24.58474 17.21909 25.65739 29.199 53.39191 54.4112 81.00474 111.7808 39.4301 35.44434 62.63125 67.20605 73.03134 73.34338 182.7941 352.7463 78.30792 75.39763 44.69814 67.83036 78.22629 189.2688 133.7995 143.7996 108.184 46.80372 35.27807 15.38362 12.16312 7.284303 6.989958 6.971605 -9999
27.60997 23.21727 39.7777 37.60995 46.07506 105.0819 349.6332 400.9838 116.2495 108.62 74.73142 490.7295 635.7224 133.3207 221.9042 193.5125 162.673 207.7064 186.588 129.6046 64.38832 85.05424 23.46915 81.43936 113.3372 178.0855 164.0182 72.74292 61.99731 127.187 74.64272 59.77006 50.0487 43.38437 38.39579 91.53182 76.61665 47.95526 133.0782 123.521 165.8003 133.6456 55.59686 52.60884 59.42887 55.50159 95.12169 551.9182 891.6938 883.5467 735.3939 119.6361 103.1988 99.8716 40.79869 74.02348 43.05058 44.59475 104.1164 111.29 46.28122 11.66883 5.216787 7.664263 7.675244 10.41078 6.095507
45.82966 45.26046 56.46721 116.3475 93.73711 147.896 232.6866 522.8336 511.7011 145.9733 74.70636 77.99303 88.41854 401.5812 245.6151 137.4456 311.9619 529.1287 141.8254 297.6837 518.5693 503.9346 84.0396 246.9652 252.1763 207.2149 73.46896 87.50333 90.48594 580.3838 537.8646 166.0246 71.57645 42.5867 28.45163 72.99719 76.53831 33.22382 47.46514 107.239 81.12553 43.85012 45.95651 51.98371 46.5386 93.56876 102.6134 565.8875 850.8969 885.6451 899.6669 209.1989 155.3129 143.9713 100.073 93.96723 63.61573 67.01215 178.5955 245.3623 172.6134 30.13977 29.46372 54.75388 54.91618 36.05273 6.095507
53.52457 58.51133 268.1805 291.1245 246.0084 187.1953 1131.339 1875.719 1446.925 269.1014 98.31966 98.22595 285.4888 776.7527 1426.016 1642.598 2100.055 2121.866 1685.949 609.2927 141.6621 141.216 340.3481 378.0146 141.8797 81.63258 60.0687 62.04152 195.1359 166.0045 115.45 400.5546 319.4694 88.2337 60.03391 48.67284 33.44188 35.41304 69.51623 136.8139 132.3051 37.84084 49.9327 46.63907 73.40614 67.26038 68.36531 111.3078 143.9165 129.3745 101.4326 30.89696 31.14521 101.4547 114.8412 60.29923 88.56169 144.969 135.0604 163.8368 268.07 71.88629 45.48713 40.53056 43.79655 29.64236 26.24534
41.51456 27.15683 43.23006 47.26345 68.76926 127.6683 164.9051 337.0222 205.1665 112.3625 384.5313 1488.83 1987.936 1934.216 2162.197 2162.197 2162.197 2162.197 2162.197 2162.197 1942.023 893.5394 169.7765 75.20322 78.62865 188.111 122.6433 107.6942 124.4658 294.0594 105.0681 235.8286 122.4988 156.7643 102.3085 47.29423 35.62065 41.85174 47.57841 66.17767 36.76509 36.60652 52.88614 70.83275 83.02402 100.2521 61.29704 67.10402 53.44562 70.81399 56.00891 58.1192 53.71587 59.08477 57.50246 116.7683 126.8248 224.4297 165.533 179.8437 187.4814 102.327 49.46401 93.12338 247.006 69.85638 43.79711
15.39414 19.74844 42.65706 27.70535 20.14972 46.5824 63.46157 137.8588 116.2027 150.1926 332.2224 1404.544 2162.197 2162.197 2162.197 2162.197 2162.197 2162.197 2162.197 2162.197 1659.685 708.1831 263.1921 65.41454 68.95093 234.9644 109.4207 45.59953 72.07012 135.0378 126.2168 127.7592 96.45419 263.7905 405.5218 73.82583 79.46821 87.51155 51.51413 30.9944 45.81664 70.81966 94.77266 148.3517 110.8102 191.6231 779.8282 654.6758 438.9583 170.059 86.47838 67.94435 230.2151 174.1414 55.55219 68.10407 120.3301 30.99811 44.40399 49.844 55.56403 71.18224 49.55078 128.3598 172.3219 94.9992 72.19087
14.01376 26.79523 44.87779 27.86946 34.42615 54.50916 69.84117 52.71609 72.6077 169.1484 268.989 398.9707 1684.712 2162.197 2162.197 2162.197 2162.197 1993.913 1678.786 1909.825 1853.409 203.7537 79.01903 42.17334 46.01365 122.2176 53.76411 50.80574 69.00198 50.08902 72.02172 46.84536 269.7491 732.4988 667.3021 174.2634 88.40267 75.65601 99.90075 206.1797 100.2484 162.1954 195.5395 189.831 490.8066 826.476 758.8613 1013.861 1054.531 500.6386 79.5668 92.02554 67.21301 56.26095 38.33211 52.65402 46.71388 146.6914 209.3062 93.31689 76.38429 55.91038 63.88266 67.84242 150.1958 239.2273 166.2305
14.39367 24.32374 46.34399 69.14584 72.39957 170.3391 502.6894 375.9814 140.6811 79.5629 65.5694 104.464 612.0043 2005.617 1945.003 1671.941 898.3514 336.4562 193.4972 205.1216 516.0425 279.109 114.2107 105.7028 44.95967 116.9741 82.19557 57.54109 62.87892 53.22379 41.11197 44.60305 126.9952 108.7866 102.8839 320.8224 153.1895 55.36806 50.65587 40.12085 26.67142 26.07489 60.9903 70.57428 65.77422 68.06432 89.44825 462.0485 389.3833 228.0498 89.31207 86.51679 71.07453 54.76925 32.52097 93.22686 179.5288 255.0615 187.1843 75.41223 51.35614 160.3678 291.44 308.0277 236.7257 86.05915 94.21793
19.31803 43.83639 44.6313 80.522 171.5003 319.4716 307.8135 119.5574 84.22182 77.13451 100.3676 235.1393 470.4383 589.2639 503.0931 139.9218 102.1346 179.1895 68.23946 77.46735 123.2318 125.9416 175.2853 63.13268 30.48113 23.57924 23.07146 27.19333 33.22567 67.11742 53.85647 50.04662 46.3862 33.68323 78.51385 518.4606 357.1379 119.809 230.5054 101.6411 91.36018 40.34562 40.36301 46.43937 151.0289 230.7637 58.44442 424.3379 551.6049 164.2814 73.4033 101.8356 72.96412 47.22309 44.08691 168.6645 266.6636 194.0305 51.85641 53.52443 58.71074 64.21378 102.088 256.0735 389.7982 111.2312 126.2097
19.25389 46.55108 67.65927 88.8085 165.1288 65.31962 59.93325 36.62761 59.41134 68.08437 294.7178 255.3636 96.01885 98.23037 170.772 61.27142 201.6922 95.79827 132.0152 142.2212 106.9321 98.58781 140.0352 51.91868 52.91809 41.37491 82.14895 31.11745 29.26372 46.18502 59.04665 19.86745 21.05279 26.74722 48.33969 49.5429 41.14006 85.33638 230.5607 154.7284 77.95112 66.36179 68.70927 91.88705 118.243 31.52452 33.72473 144.2607 187.0337 98.65135 84.43948 136.6584 122.1508 80.19305 59.02374 58.22499 71.13532 50.87477 71.26097 119.5564 199.6906 119.3581 252.6511 384.6322 219.1987 102.742 59.18192
86.05547 105.1941 337.4102 178.0922 71.76433 55.11185 42.94798 69.54665 100.1429 81.90244 113.6247 155.9469 69.34502 61.8167 108.1146 109.2596 119.2575 92.74207 109.3216 152.9433 118.9885 207.3019 136.1879 59.25626 44.76055 59.43356 170.7995 48.61089 26.74722 36.56105 89.71035 33.21733 21.09699 20.9881 19.87454 31.28212 25.48178 28.03308 48.45921 55.35768 52.03886 40.04106 114.7394 102.9873 46.78188 37.1316 25.16464 25.35462 89.39495 71.98106 52.32114 81.02964 146.4355 132.6316 87.95708 35.00405 37.82001 44.81802 62.98852 99.03722 190.2364 81.53263 60.83264 51.06205 54.97092 49.68338 38.21074
58.04995 182.8308 209.1535 76.41052 120.2361 73.37119 67.11428 98.20733 135.4099 79.46745 45.08511 63.8458 45.89694 31.38486 41.74378 36.74991 42.80317 61.93912 75.7526 192.0193 225.3146 258.909 152.0534 53.87138 35.99165 35.7882 27.74421 39.69715 20.03771 27.02015 12.7915 11.46705 27.20743 29.69533 24.87476 27.78137 18.21187 20.82948 31.05876 38.3764 88.28468 53.28828 26.95251 30.74086 38.27536 42.33891 23.55561 22.99571 45.58789 46.72802 49.36124 78.0117 102.2259 74.39713 66.07439 53.92739 49.60365 49.76339 70.81934 112.0545 115.8953 30.33263 30.55124 27.13017 79.4781 32.07545 32.17319
57.07185 145.8428 13.1927 11.71292 47.18514 46.33578 41.14671 30.72056 78.70548 121.821 73.63864 49.20198 41.71864 16.89031 27.22786 39.35308 41.17945 46.33797 38.62135 55.9137 217.5973 342.1687 241.2024 77.03593 33.67393 37.50327 30.32401 26.40778 29.11453 44.64827 23.56661 95.22675 70.86716 21.92808 23.13727 47.38985 16.15287 24.98805 30.76627 49.5568 50.16905 32.71613 27.76599 24.29526 40.64852 48.3322 35.1377 33.58674 38.60519 80.81725 308.9096 237.636 57.84715 40.71685 42.25301 44.7923 58.46788 52.53117 77.7204 95.35263 33.71922 21.03102 26.09582 304.1259 564.1653 104.0295 49.74229
1.56982 0.1692495 0.1692495 52.39689 120.103 52.24863 37.80401 47.33128 53.70662 46.4514 33.52093 28.36103 22.09133 24.1298 19.55051 23.30971 25.73989 36.35463 35.39641 51.49949 70.11523 68.52068 35.33427 32.42052 43.28155 236.7973 180.8738 52.58354 44.63747 45.33871 56.13172 165.3921 26.6496 23.37912 37.50801 178.3345 24.49822 25.51822 58.35107 35.7274 36.91016 33.41524 32.75406 63.28419 127.5682 123.3321 44.26182 44.92215 80.19392 170.8587 97.5446 62.94321 68.97665 67.49044 58.98909 22.03502 43.84781 57.28999 111.9132 263.8622 57.80726 37.28569 39.77935 109.4178 253.9926 80.59909 77.02339
0.1692495 0.1692495 0.1692495 282.0911 759.8339 771.6331 151.2567 51.43127 36.89096 27.40372 28.94801 37.47918 35.44242 34.15123 50.9859 118.4374 67.17581 36.43266 38.26194 50.74247 55.38477 65.06577 40.01527 30.4977 77.82879 137.1129 219.0705 215.1171 94.29659 31.72784 38.70796 34.03233 30.68797 35.11191 48.65694 191.2161 68.6847 140.5713 138.2801 49.87948 23.02999 40.18154 45.76821 39.78197 92.44382 170.4545 150.3763 97.44578 77.84559 68.09562 48.95122 31.9381 46.6654 70.17444 53.73191 21.82419 20.09386 33.97988 50.29385 182.0672 106.4461 31.01721 34.52013 37.41259 60.76478 34.40121 27.09507
8.161226 27.87511 36.66685 131.946 495.7046 288.3578 87.07777 51.20501 32.6073 33.29029 46.25597 40.8607 39.73297 96.60208 178.7622 161.0601 68.43878 45.91035 78.51629 97.25989 122.6411 91.3457 31.65367 31.21467 23.28427 40.92179 36.5964 34.7422 45.3099 35.60185 33.88642 29.64748 30.74486 51.02502 24.49332 34.63212 36.50895 80.41975 132.8066 53.05152 56.34083 63.9478 171.2393 67.31371 101.967 49.03461 46.62295 43.18645 41.84349 28.79722 32.09579 43.79851 12.27499 27.23666 29.84005 34.68462 23.91428 28.6677 50.6157 45.66154 58.72283 69.37868 56.05535 33.44214 44.45384 109.2611 54.45856
54.40009 78.13399 66.55524 50.94735 47.7692 32.99986 28.75172 36.30486 15.42283 25.33473 26.25591 28.1775 30.21928 34.74652 36.43077 35.95231 37.69732 50.1012 48.64758 34.89974 51.42668 30.70376 21.1108 19.77036 18.17635 25.91656 25.32321 26.12537 28.2914 28.90258 31.39747 26.07899 22.16606 20.74313 21.90715 19.62783 29.15565 27.79592 40.40462 32.80061 73.5873 225.0338 362.3507 333.1012 109.8552 57.50397 55.44209 57.40488 40.99953 35.57693 160.0928 301.8604 28.71014 37.12829 135.4417 115.5398 34.32336 32.02616 46.72859 45.87246 36.94 69.17223 35.49556 38.05529 52.16106 85.77971 94.89964
