GISdata/Popn density Italy 2015.asc
ncols         336
nrows         336
xllcorner     6
yllcorner     34
cellsize      0.0416666666667
NODATA_value  -9999
[rows 160 to 199 of 336, columns 180 to 269 of 336]
1513.041 1865.985 6158.048 4662.688 2409.937 1908.189 2800.709 2847.209 1545.521 1691.817 1633.157 1375.843 1523.653 1681.223 2065.172 2002.223 1386.037 1215.897 1401.026 1733.728 1894.424 1288.305 1039.049 1113.432 1181.854 1363.701 1293.301 669.744 698.8552 715.8003 701.3998 814.1942 1072.08 1133.088 983.251 624.9388 581.9535 462.117 344.1703 307.4696 183.5437 459.3004 576.1485 572.2559 595.0399 589.5515 651.5538 615.7148 476.6341 287.8635 899.9972 1475.744 2685.284 2585.569 2319.755 1976.601 1584.652 1584.652 1584.652 1848.737 3136.793 4386.486 1784.015 4047.1 8859.395 9897.165 8503.337 6073.869 3076.744 93.02892 0 0 0 0 0 0 0 0 0 0 0 0 0 0 0 0 0 0 0 0
2262.624 5473.146 6621.315 5746.455 6526.904 5955.522 6329.264 2721.047 2041.786 2107.344 2088.593 1964.488 2095.171 2188.919 2176.157 2359.937 2815.32 670.1508 960.3221 1222.873 1821.254 1293.306 1206.188 1452.914 1993.06 2527.12 2483.106 948.5987 979.2198 970.4994 825.4424 930.4289 1237.069 1061.634 734.1013 829.8393 777.9464 636.7281 655.7986 482.9966 345.1602 444.6979 529.6782 572.1177 600.9959 611.3956 694.5231 629.531 339.4093 268.0733 1006.44 2343.004 2257.878 2233.153 2092.669 1788.713 1585.664 1585.664 1585.664 1616.499 4218.177 4982.701 6734.526 9803.587 9432.034 7578.018 7851.588 7945.384 8474.628 7585.997 4137.835 1184.782 0 0 0 0 0 0 0 0 0 0 0 0 0 0 0 0 0 0
7135.981 8067.743 157.3641 0 330.5277 1132.783 3291.062 2614.96 2533.73 2130.078 2086.841 1956.867 2183.26 2195.517 3002.807 2784.185 1392.18 1136.769 927.7903 1313.352 1991.024 1464.553 1935.821 3471.507 5351.846 2924.25 3008.725 1924.271 1836.976 1695.563 2797.867 1348.379 1565.433 1335.107 848.8307 1051.66 1038.493 1240.838 2000.038 1295.873 383.5933 377.5304 400.6434 519.2933 674.6798 773.3243 792.7356 538.817 265.5581 265.5581 265.5581 308.553 506.952 1545.009 1600.963 1586.677 1586.677 1586.677 1586.677 1586.677 2894.711 3298.986 3513.227 6337.7 4955.896 3993.114 3993.114 3993.114 7375.64 8558.511 9570.302 13064.64 10454.62 4900.046 5.881587e-06 0 0 0 0 0 0 0 0 0 0 0 0 0 0 0
0 265.55 51.7375 0 0 0 41.15997 1689.743 2785.606 2106.862 1691.037 1784.437 1914.872 2007.604 5480.579 3489.505 2341.709 2484.251 932.5004 1308.863 2267.265 2041.352 1609.263 4063.592 3397.855 1841.824 1379.705 1804.784 2312.329 4397.81 7193.795 5144.883 1849.923 1250.095 1112.032 1136.068 1120.189 1670.021 2001.311 1976.208 1534.852 607.4824 465.3854 937.9682 883.291 456.5985 493.3829 380.9294 367.2295 265.7272 265.7272 265.7272 345.8411 1498.296 1587.687 1587.687 1587.687 1599.041 2175.811 2693.558 3253.345 3131.515 3639.016 3995.657 3995.657 3995.657 3995.657 3995.657 6335.876 6517.072 8890.987 12955.79 14213.47 15069.4 12618.08 4848.873 2507.587 1066.68 0 0 0 0 0 0 0 0 0 0 0 0
0 0 0 0 0 0 0 1.36877 2652.573 5363.624 3030.017 1521.334 1798.008 2026.654 4201.526 3550.399 3843.319 5883.199 2580.555 2946.167 2444.331 2713.182 2091.291 2089.837 1598.064 1552.504 1514.122 1800.326 2944.588 6342.874 7201.612 7201.612 4589.897 3215.248 1560.957 1549.151 1820.727 2000.679 2002.585 1959.383 1719.653 717.2007 485.9985 533.0452 314.8549 211.0465 253.1896 357.1306 454.7582 374.9946 306.5691 280.2352 270.6214 623.6986 1014.603 1497.092 1600.841 2731.767 3245.544 2218.257 972.6584 641.808 1909.87 3808.667 3998.199 3998.199 3998.199 3998.199 4454.52 4422.441 4130.742 5165.75 7979.576 8172.358 10506.16 6456.287 6072.307 19380.72 31198.58 14472.09 7084.911 0.03811489 0 0 0 0 0 0 0 0
0 0 0 0 0 0 0 0 219.3614 5722.389 6682.996 2683.211 1815.089 2126.151 2122.921 4063.382 5038.608 8831.666 19870.68 23127.38 13171.55 17386.12 5941.858 2908.566 2959.7 2919.245 1469.303 3439.294 2281.64 4914.304 6442.378 6511.386 5728.583 4297.398 1799.863 1846.638 1559.968 2179.52 1907.782 1454.316 1287.224 1095.109 1670.785 1280.751 358.8984 355.1238 386.5641 372.9805 410.5359 533.7622 725.0046 623.3097 426.7932 538.7053 406.8644 1208.323 1525.388 1597.354 1693.857 521.2263 556.4466 556.4466 556.4466 1221.94 3998.12 4000.737 4000.737 4117.613 4404.464 4128.859 2146.828 1881.321 5172.692 6436.396 5907.589 5498.333 5496.299 5624.958 21432.33 32612.52 37824.29 31153.33 19109.68 7947.69 1433.847 0 0 0 0 0
0 0 0 0 0 0 0 0 0 1252.74 6202.749 5001.327 2042.008 2135.857 3245.603 1727.802 2595.929 12551.54 39820.24 39578.63 27889.98 14620.93 4513.288 4359.869 4068.493 6689.724 5056.656 8060.697 5164.061 2450.31 3337.421 3572.553 4508.296 2649.904 2921.919 3125.667 3666.776 4312.746 2239.263 1545.169 1347.495 1324.523 1061.869 822.738 586.6979 530.2792 518.4896 493.2302 403.7887 1133.542 1245.734 1245.734 1245.734 1258.851 1512.217 1526.237 1445.043 1227.492 397.9023 306.2711 493.9668 556.7996 556.7996 556.7996 1923.627 4003.003 4076.864 4402.446 4428.055 3167.034 1882.514 1882.514 4499.799 5758.378 5372.547 5099.958 5039.5 5199.411 10388.22 16172.43 34642.77 27047.64 21172.32 14023.99 12800.33 6231.83 2737.799 94.71939 0 0
0 0 0 0 0 0 0 0 0 3.607268 3805.252 5147.11 2395.947 2746.412 13337.35 13052.58 14389.25 22113.05 22315.03 24526.79 18363.58 16129.26 14419.5 14390.21 5950.383 5296.513 5638.069 4548.363 2958.53 2314.295 2225.41 2474.421 2689.123 3263.35 2846.789 2876.353 2941.896 2340.207 1991.255 2336.867 1319.796 1248.814 813.3133 683.2426 562.7183 557.2499 520.0859 481.0686 328.1794 812.0818 1246.523 1246.523 1275.351 1785.568 1336.1 1347.862 1177.873 1020.773 255.1812 252.4442 320.8363 559.5615 557.1522 558.1903 1933.544 2390.257 2653.869 3439.855 4277.479 2140.535 1883.706 2054.651 4782.664 5279.266 4943.742 4386.174 3338.075 3516.743 4329.676 6973.214 18687.06 15510.64 15977.96 8965.964 6348.645 7284.209 6147.779 4201.209 1914.635 23.33555
0 0 0 0 0 0 0 0 0 0 64.46291 3049.021 2710.117 3975.519 18148.67 34910.22 50460.32 39020.1 30154.2 22271.64 16977.42 14680.13 13514.3 11651.96 13328.23 5772.426 4611.992 5474.889 3998.685 1425.615 3404.269 3865.562 4578.089 3639.652 1792.491 2089.293 2142.938 1891.285 1561.214 1231.39 560.5114 475.9855 490.7674 581.4056 563.1351 574.6479 552.2137 501.6485 404.1076 762.3208 1247.311 1529.89 2169.169 2256.439 1138.566 1138.566 1138.566 969.3217 684.3317 426.405 467.7267 574.1165 569.8574 573.1198 574.4206 574.4237 1640.805 1991.082 2010.901 1945.923 1958.656 3780.328 5436.351 2849.279 2123.588 2076.849 2260.818 2458.633 2693.489 2842.011 7527.433 6613.492 4562.71 5428.983 5461.781 3426.46 3184.972 3290.499 4182.354 3682.977
0 0 0 0 0 0 0 0 0 0 0 70.84617 13208.38 31543.33 36908.41 43439.57 41879.88 104246.7 94145.43 55172.49 43541.46 23514.52 29786.85 18113.07 20104.75 9754.657 7443.955 6186.271 7130.983 7952.807 12727.6 15880.08 6045.658 2616.736 1512.087 1325.07 1427.964 1611.746 848.9438 972.1042 868.1574 682.0821 489.2446 562.5242 588.2441 742.8596 778 774.6884 809.2571 3702.627 2674.593 2360.643 2141.877 1168.818 1069.862 935.0634 963.5249 773.4708 938.0129 910.3929 443.02 460.912 561.6699 557.7806 556.6899 575.2277 890.9532 1831.969 2085.339 2500.301 2684.046 2684.049 3027.747 2323.753 2301.13 2488.783 2490.502 2637.357 2663.883 2626.098 2930.048 3919.474 4266.879 3293.48 2741.381 3099 3186.985 3271.135 4248.14 4535.296
0 0 0 0 0 0 0 0 0 0 0 0 5546.435 31761.79 42360.18 64252.97 82318.96 130344.3 124389.6 98113.98 95342.13 35144.81 23212.62 18463.36 15926.32 10529.43 5161.424 3571.864 5005.864 7740.63 18834.15 13834.08 8936.415 2311.829 1809.852 1337.135 1192.149 1557.536 1063.625 1128.179 1507.553 1135.772 472.8228 428.1339 390.4738 565.4298 766.3922 695.3701 559.2863 1077.633 1095.448 2068.756 2230.268 669.7153 590.2206 484.067 379.1425 401.2249 1008.331 532.7316 207.7244 230.8241 340.6767 445.2693 435.3514 746.8949 1322.277 1882.455 1887.423 1888.741 2393.403 2685.74 2685.74 2685.74 2685.74 2665.641 2534.792 2488.501 2488.109 2560.809 2623.59 3507.288 3486.999 2750.091 2612.128 3272.329 3512.152 4287.348 4341.8 4550.057
0 0 0 0 0 0 0 0 0 0 0 0 1.656064 27372.54 30536.75 70138.74 119476.4 120458.4 100744.4 119210.3 82177.33 31866.05 20918.35 18769.46 22475.26 12439.96 7873.574 2779.474 2639.224 4609.088 6224.883 6619.413 4415.387 2442.968 2057.714 1550.468 1410.208 1248.49 980.8313 1450.269 1836.506 929.3452 706.9895 467.3748 1858.012 488.1483 423.2293 501.7889 528.1898 545.4352 608.5499 678.0782 717.5223 713.1668 522.0484 385.3732 296.6671 302.9313 701.5977 363.1116 327.1605 414.4756 434.4876 434.4876 434.4876 927.1544 1883.615 1888.612 1888.612 1888.612 2098.173 2687.432 2687.432 2687.432 2687.432 2687.432 2596.017 2563.898 2638.369 2609.225 2625.242 2547.556 2672.057 3040.762 3843.973 4599.794 4652.549 4580.931 4378.104 4427.91
0 0 0 0 0 0 0 0 0 0 0 0 434.6009 30726.67 3452.439 23392.15 100924.3 17405.05 161.9246 25579.16 71011.7 39968 24929.86 15833 23453.47 21620.44 13544.22 11302.99 13983.02 9532.334 8248.803 6945.858 7586.428 2471.614 2068.21 1524.004 1484.537 914.1093 798.5114 993.1382 1251.084 1200.847 1160.622 625.0139 478.7477 427.4395 447.0045 547.1465 552.3944 543.2071 535.9552 541.5129 675.7947 1232.895 1965.617 1365.532 365.4675 490.2003 590.2769 567.5053 492.2365 437.8764 432.4809 392.5893 350.1643 286.2193 1099.354 1866.725 1889.799 1889.799 1900.526 2519.827 2689.122 2689.122 2689.122 2689.122 2824.556 3029.073 3071.695 2962.278 2507.922 2217.341 2217.339 2275.223 3397.764 3206.983 3200.978 3506.234 3883.066 4274.904
0 0 0 0 0 0 0 0 1423.024 2308.386 71.28977 0 7642.222 2636.681 931.7064 0 0.7375249 0 0 0 3418.654 28399.32 37248.81 33215.94 40325.77 36679.35 31162.66 26773.84 21155.14 12109.46 9739.069 5748.126 2012.859 2135.666 2078.741 1996.649 1041.139 719.9659 724.1379 706.9319 635.6607 757.8281 786.1215 392.4816 351.2067 524.934 597.7975 701.9359 738.0306 759.8044 681.9093 683.7168 803.23 2041.288 2225.687 1225.134 970.6887 944.9485 594.6047 961.4493 1037.964 1022.578 776.1349 283.496 280.15 280.15 280.15 616.8688 1767.755 1890.985 1890.985 1946.664 2653.97 2654.48 2663.997 2736.965 3062.862 3073.621 3073.621 2671.695 2223.127 2218.729 2218.729 2215.955 2093.01 2082.94 2082.94 2082.94 2426.773 3851.788
0 0 0 0 0 0 0 0 9186.024 18647.94 25453.21 2896.926 1542.56 0 0 0 0 0 0 0 0 0 516.1235 40958.65 39776.98 29577.56 20625.77 24365.44 24941.76 19020.6 16233.8 16199.09 3561.6 2866.921 2279.311 5330.426 1786.418 708.5773 979.7563 994.2606 361.2249 834.7448 976.4091 965.9163 909.0789 841.8149 713.2822 713.2822 732.0214 930.4351 839.588 813.7562 1142.619 2082.46 4339.768 4064.842 1832.815 612.3518 524.358 517.609 547.712 448.7753 423.2996 358.5222 280.3256 280.3256 280.3256 280.3256 400.2318 1477.714 1938.172 2290.044 2502.795 2480.215 2462.33 2495.055 2730.264 2883.607 2407.975 2235.681 1973.832 2103.108 1568.464 1323.675 1776.586 1861.195 1999.192 1834.615 2407.773 2816.73
0 0 0 0 0 0 0 0 1789.502 2625.629 2048.288 0 0 0 0 0 0 0 0 0 0 0 6165.4 40213.89 22600.5 16877.75 3950.731 3830.529 18177.56 20043.2 24707.92 31171.73 12928.71 3779.998 5238.917 8170.616 4572.417 2348.691 2096.307 2096.254 2026.021 1994.323 1466.021 1337.863 1351.955 1301.88 723.8492 695.3217 660.4349 987.075 1463.255 1173.31 1005.968 2412.569 6593.207 6597.653 6156.24 779.9456 673.2568 437.9431 413.4583 704.4377 623.972 466.2089 440.9854 353.8086 487.9954 359.2108 283.1919 372.7191 2285.76 2463.871 2463.871 2463.871 2463.871 2463.871 2411.001 1738.714 1531.606 1589.927 1153.466 1132.69 1166.494 1194.074 1194.074 1194.074 1233.969 2049.082 2668.614 2818.493
0 0 0 0 0 0 0 0 0 0 0 0 0 0 0 0 0 0 0 0 2336.963 11934.38 16160.12 10041.34 6714.471 5596.265 5987.338 3727.271 4249.358 565.6981 284.0143 15554.6 25654.66 9043.356 8462.002 8779.914 5233.115 3507.205 2097.669 2097.618 2062.651 1736.672 1922.622 1908.98 1282.119 1353.434 945.6898 647.4908 656.8122 919.3297 1286.163 1283.27 1293.963 5902.857 6601.78 6601.78 6534.695 2561.15 518.9232 497.9619 523.1483 630.2319 478.467 478.467 478.467 680.6611 1493.363 1058.333 286.9193 363.7183 2075.172 2465.412 2465.412 2465.412 2465.412 2465.412 2465.412 1687.005 1532.564 1532.564 1335.958 1127.969 1215.276 1228.97 1194.821 1316.344 3283.605 3636.109 2483.891 2458.95
0 0 0 0 0 0 0 0 0 0 0 0 0 0 0 0 0 0 0 1008.604 12366.85 16343.67 6556.796 495.5987 2493.359 2354.179 27.95736 0 0 0 0 0 3718.302 10511.04 12792.04 14587.03 8398.586 4345.143 2424.881 1412.52 993.282 652.5941 623.9133 783.443 1196.541 1222.565 796.3442 891.9803 863.8384 767.9165 728.4849 1314.07 1506.882 2297.615 3812.139 4582.742 5835.398 1008.795 235.044 373.1442 426.2712 444.0399 468.1196 439.8339 351.1293 444.3039 1690.056 943.8284 311.8974 287.0983 386.0035 933.679 1432.407 1873.643 2466.95 2222.247 1959.248 1802.15 1600.496 1533.52 1448.914 1128.673 1598.223 2715.048 2494.663 2945.202 3891.752 3615.978 1984.052 1808.696
0 0 0 0 0 0 0 0 0 0 0 0 0 0 0 0 1868.554 7888.361 2642.699 760.6722 991.0357 0 0 0 0 0 0 0 0 0 0 0 0 7186.371 9774.77 6103.726 4315.739 2514.693 1156.83 1256.475 816.3542 635.2015 542.5807 538.2423 548.3834 791.8364 1120.87 1258.92 1099.456 655.9379 966.407 1356.847 1625.538 1136.998 1453.537 1562.423 1125.727 294.9281 314.6462 414.7922 405.4732 593.5568 616.7163 233.0393 233.0667 382.4379 514.5416 564.4107 606.0592 558.9828 508.8177 446.9699 447.3741 489.1082 1285.86 884.4537 893.8142 1790.358 1857.018 1776.519 1327.428 1129.377 1163.13 2970.714 3875.94 3886.951 3894.178 6139.792 8240.691 9168.069
0 0 0 0 0 0 0 0 0 0 0 0 0 0 0 0 350.8258 317.56 0 0 0 0 0 0 0 0 0 0 0 0 0 0 0 116.0018 3858.847 4337.745 3503.296 2007.905 2011.313 2100.266 1438.848 663.2439 430.3539 211.0992 391.7417 520.556 1211.593 1600.635 1494.421 823.5065 870.9307 863.0445 959.0826 368.2899 241.285 241.3675 256.8303 342.7381 343.4842 341.3784 387.4033 285.8754 323.0771 346.1491 211.5925 332.2399 390.2109 532.6474 616.2432 668.0837 664.7576 542.3505 460.0012 460.0012 617.5017 880.6743 882.805 1454.341 1872.2 1725.155 1168.615 1130.079 1724.185 3419.762 3394.125 2353.107 2112.993 6797.119 9646.374 9770.899
0 0 0 0 0 0 0 0 0 0 0 0 0 0 0 0 0 0 0 0 0 0 0 0 0 0 0 0 0 0 0 0 0 0 1402.176 3318.552 3183.733 2733.997 2347.712 2087.492 836.0874 572.8871 511.2358 179.6823 291.628 209.4709 925.8909 1701.756 1508.885 963.5048 749.8176 650.8527 218.5263 423.7882 353.9355 264.5696 286.9503 307.9948 308.835 297.9432 303.7872 265.3327 305.2482 357.687 345.311 299.8091 283.7858 361.0553 618.6943 668.4989 668.4989 667.9639 504.1898 460.287 469.0282 843.1332 883.3536 1303.245 1837.964 1872.83 1688.048 1229.518 996.0219 575.2222 21.60256 0 0 0 3181.952 6290.774
0 0 0 0 0 0 0 0 0 0 0 0 0 0 0 0 0 0 0 0 0 0 0 0 0 0 0 0 0 0 0 0 0 0 0 1961.506 3161.088 3067.027 2376.882 1788.949 1803.749 1772.429 602.8306 461.4567 269.2356 148.9032 634.7783 1150.566 1626.898 1911.568 1870.529 838.3094 639.164 713.6563 668.6384 473.5465 297.0085 297.0085 296.8519 296.8075 332.707 412.4966 349.8582 356.3704 350.104 324.8665 317.8664 303.3857 395.7184 664.6836 668.9136 668.9136 817.1909 698.3293 631.6316 1006.794 1141.939 1158.047 1468.947 1662.789 1874.526 1236.862 67.29724 0 0 0 0 684.17 52.19411 2605.321
0 0 0 0 0 0 0 0 0 0 0 0 0 0 0 0 0 0 0 0 0 0 0 0 0 0 0 0 0 0 0 0 0 0 0 278.7415 5546.123 2591.385 1478.001 1178.263 1345.765 1026.452 513.9035 594.3394 640.0396 314.5877 1067.757 1605.266 1990.537 2757.001 3264.785 2672.939 982.3594 997.3882 747.796 2200.163 1091.466 485.2061 469.5513 408.2753 456.6101 435.5642 336.5594 379.3907 349.5171 335.7125 335.7125 335.7125 307.7155 181.4802 328.4278 640.5955 1134.018 1144.998 1132.674 1135.644 1362.52 1390.531 1437.758 1469.497 1245.403 37.74844 0 0 0 0 0 0 297.8437 3041.207
0 0 0 0 0 0 0 0 0 0 0 0 0 0 0 0 0 0 0 0 0 0 0 0 0 0 0 0 0 0 0 0 0 0 198.855 4053.98 10031.3 2106.668 497.5436 420.6956 395.1712 490.9707 453.6706 356.0655 314.8289 355.3741 612.2561 1011.853 824.0717 1300.813 2077.664 1596.004 1215.619 1367.473 1269.866 1988.373 974.3338 575.6948 568.8035 423.672 378.3144 248.8658 196.6626 242.2735 377.1059 317.9814 305.3378 332.714 331.3912 174.5496 135.5874 312.382 839.0656 1072.899 1135.315 1145.944 1145.944 1145.944 1189.031 1236.705 178.125 0 0 0 0 0 0 0 0 0
0 0 0 0 0 0 0 0 0 0 0 0 0 0 0 0 0 0 0 0 0 0 0 0 0 0 0 0 0 0 0 0 0 0 1213.201 4900.17 3063.571 1949.428 1010.543 620.3291 637.4368 644.2191 525.9411 259.358 288.5774 206.2772 339.6214 373.8269 676.2674 1546.394 1705.324 1289.132 1092 1147.275 1400.681 1079.019 430.8544 486.7189 493.1071 413.4694 326.5226 169.4913 263.6235 435.8562 208.2389 166.53 166.53 202.1133 583.5698 417.9072 375.134 546.7545 856.6469 856.6469 877.7397 975.0364 1313.597 1199.018 1070.569 187.7183 0 0 0 0 0 0 0 0 0 0
0 0 0 0 0 0 0 0 0 0 0 0 0 0 0 0 0 0 0 0 0 0 0 0 0 0 0 0 0 0 0 0 0 157.7544 2128.089 1872.204 1216.751 1117.824 1341.164 910.907 868.5922 912.7331 1219.741 631.7488 519.5653 283.7489 244.0276 356.0935 383.8412 554.3271 992.8901 1351.979 922.6325 931.9806 934.5627 691.4203 551.2297 483.1167 526.0617 575.0519 321.998 189.2013 254.5394 457.2437 304.5023 317.341 604.3736 758.5148 958.8776 486.283 486.3501 483.9865 568.8312 732.8706 837.2998 1009.722 1509.836 1560.905 566.5706 0 0 0 0 0 0 0 0 0 0 0
0 0 0 0 0 0 0 0 0 0 0 0 0 0 0 0 0 0 0 0 0 0 0 0 0 0 0 0 0 0 0 0 0 152.4814 1447.348 1307.303 1093.386 1140.082 1426.042 2117.438 1695.118 5119.769 3549.719 1437.328 965.5787 579.2455 541.5056 402.6299 389.0348 356.1926 353.4247 492.4733 511.0189 767.1746 913.271 659.739 644.3971 700.756 710.6491 497.3517 200.3886 194.4188 184.0925 280.4237 371.6232 457.6478 1015.214 1033.871 723.6396 331.8244 415.5417 468.2858 498.37 500.435 620.2371 2696.639 2676.611 1539.416 0.3399505 0 0 0 0 0 0 0 0 0 0 0
0 0 0 0 0 0 0 0 0 0 0 0 0 0 0 0 0 0 0 0 0 0 0 0 0 0 0 0 0 0 0 0 0 0 0 0 485.3311 1075.371 1581.705 2245.613 1507.843 1395.929 730.3986 592.6877 816.2872 710.377 1228.642 598.6488 552.3043 537.0551 355.3697 321.8319 357.7095 682.7217 824.5223 779.1418 670.6191 656.8389 459.8278 286.8443 231.8623 169.5762 179.3626 338.4485 378.5721 429.5934 912.8782 1118.932 876.8126 312.5121 402.2993 579.4156 565.9102 623.1087 1529.331 3494.285 3575.521 857.5109 0 0 0 0 0 0 0 0 0 0 0 0
0 0 0 0 0 0 0 0 0 0 0 0 0 0 0 0 0 0 0 0 0 0 0 0 0 0 0 0 0 0 0 0 0 0 0 0 0 7.367448 0 511.9007 2063.418 1860.383 1014.858 788.6426 844.7233 729.4647 522.1711 1183.739 648.7178 465.1272 245.5907 229.8208 236.7866 821.8737 822.9825 827.8723 985.4278 1002.739 548.1492 297.8804 306.637 177.5347 249.4844 463.489 449.0907 541.2386 1035.763 1127.101 963.0768 499.7318 648.8214 839.8447 1893.769 2091.014 1600.791 1633.353 1115.689 0 0 0 0 0 0 0 0 0 0 0 0 0
0 0 0 0 0 0 0 0 0 0 0 0 0 0 0 0 0 0 0 0 0 0 0 0 0 0 0 0 0 0 0 0 0 0 0 0 0 0 0 0 17.3556 737.2709 1052.29 1279.201 1224.053 862.8297 522.7379 1086.121 1866.15 2016.02 1550.214 1042.324 351.1917 662.0992 713.5907 979.0789 1229.438 1228.635 1084.217 952.6578 1007.973 594.8287 471.2545 427.5581 602.6628 619.056 628.8807 648.5033 406.2353 462.2028 317.4801 226.0967 681.0692 972.2913 871.0601 192.982 0 0 0 0 0 0 0 0 0 0 0 0 0 0
0 0 0 0 0 0 0 0 0 0 0 0 0 0 0 0 0 0 0 0 0 0 0 0 0 0 0 0 0 0 0 0 0 0 0 0 0 0 0 0 0 0 554.4411 1577.589 1361.073 1304.043 1090.419 1131.676 619.7086 337.8158 969.1526 5563.53 1363.477 672.3276 740.8818 1232.789 1229.387 1229.387 1183.442 874.132 1003.003 923.6747 682.9988 496.5644 1076.012 1589.889 425.3755 280.3556 345.8815 464.3707 488.9784 449.671 599.8284 841.3784 408.6494 0 0 0 0 0 0 0 0 0 0 0 0 0 0 0
0 0 0 0 0 0 0 0 0 0 0 0 0 0 0 0 0 0 0 0 0 0 0 0 0 0 0 0 0 0 0 0 0 0 0 0 0 0 0 0 0 0 240.8917 540.9285 1283.105 1368.295 921.1714 85.70428 0 0 0 46.65503 898.986 1146.476 988.3618 1119.351 1259.264 1230.138 610.492 600.6961 1065.631 507.6075 394.4175 404.4898 474.5909 1422.709 253.8555 204.6107 300.3366 315.0808 409.9984 422.2087 605.8625 785.8074 430.2689 0 0 0 0 0 0 0 0 0 0 0 0 0 0 0
0 0 0 0 0 0 0 0 0 0 0 0 0 0 0 0 0 0 0 0 0 0 0 0 0 0 0 0 0 0 0 0 0 0 0 0 0 0 0 0 0 0 0 0 22.63235 117.2739 56.93785 0 0 0 0 0 78.32864 898.8439 1225.812 1581.281 1764.571 1210.748 595.701 670.9775 782.1965 473.362 380.6389 382.0076 400.278 326.8543 171.2744 169.4233 165.7234 179.6576 223.7375 235.8642 685.6202 783.3483 686.6712 17.50486 0 0 0 0 0 0 0 0 0 0 0 0 0 0
0 0 0 0 0 0 0 0 0 0 0 0 0 0 0 0 0 0 0 0 0 0 0 0 0 0 0 0 0 0 0 0 0 0 0 0 0 0 0 0 0 0 0 0 0 0 0 0 0 0 0 0 0 188.5618 1715.339 1226.337 423.9699 562.673 467.9204 394.249 1047.191 1142.627 523.8704 383.9342 372.9007 232.3091 250.5339 225.5044 183.0584 214.4758 315.6884 373.0269 501.2899 677.4053 464.8365 2.650304 0 0 0 0 0 0 0 0 0 0 0 0 0 0
0 0 0 0 0 0 0 0 0 0 0 0 0 0 0 0 0 0 0 0 0 0 0 0 0 0 0 0 0 0 0 0 0 0 0 0 0 0 0 0 0 0 0 0 0 0 0 0 0 0 0 0 0 0 1478.761 2916.039 356.0409 265.4742 287.1463 636.9879 656.1975 996.1147 851.1829 648.0563 1469.461 1758.387 993.842 420.5352 394.3495 343.4712 228.5884 992.6373 3585.716 1482.995 9.001518 0 0 0 0 0 0 0 0 0 0 0 0 0 0 0
0 0 0 0 0 0 0 0 0 0 0 0 0 0 0 0 0 0 0 0 0 0 0 0 0 0 0 0 0 0 0 0 0 0 0 0 0 0 0 0 0 0 0 0 0 0 0 0 0 0 0 0 0 0 494.8226 2323.355 775.562 232.2452 286.7271 649.067 665.0756 675.595 693.0837 693.0837 2001.99 2634.204 1434.243 732.3323 630.5114 532.0507 815.8603 2321.23 3082.442 7.535219 0 0 0 0 0 0 0 0 0 0 0 0 0 0 0 0
0 0 0 0 0 0 0 0 0 0 0 0 0 0 0 0 0 0 0 0 0 0 0 0 0 0 0 0 0 0 0 0 0 0 0 0 0 0 0 0 0 0 0 0 0 0 0 0 0 0 0 0 0 0 1278.129 5888.672 471.1871 261.7496 205.6759 311.0373 517.0607 570.5963 584.9708 706.6003 1670.836 2559.735 2065.889 1075.459 1221.062 1038.774 991.9595 1800.548 44.55195 0 0 0 0 0 0 0 0 0 0 0 0 0 0 0 0 0
0 0 0 0 0 0 0 0 0 0 0 0 0 0 0 0 0 0 0 0 0 0 0 0 0 0 0 0 0 0 0 0 0 0 0 0 0 0 0 0 0 0 0 0 0 0 0 0 0 0 0 0 0 0 0.3510017 5552.726 1747.042 756.3292 729.7735 606.1142 539.3723 866.8445 876.3136 635.6031 669.929 2224.825 2521.253 1563.598 1563.598 1526.339 1474.828 1098.181 0 0 0 0 0 0 0 0 0 0 0 0 0 0 0 0 0 0
0 0 0 0 0 0 0 0 0 0 0 0 0 0 0 0 0 0 0 0 0 0 0 0 0 0 0 0 0 0 0 0 0 0 0 0 0 0 0 0 0 0 0 0 0 0 0 0 0 0 0 0 0 0 0 2501.294 1889.992 894.1273 827.5565 457.9411 248.6864 459.2502 996.1885 1413.41 1600.424 1242.805 2496.686 1990.105 1765.719 1630.819 1621.512 1652.639 855.0928 0 0 0 0 0 0 0 0 0 0 0 0 0 0 0 0 0
0 0 0 0 0 0 0 0 0 0 0 0 0 0 0 0 0 0 0 0 0 0 0 0 0 0 0 0 0 0 0 0 0 0 0 0 0 0 0 0 0 0 0 0 0 0 0 0 0 0 0 0 0 0 0 2761.418 1678.359 1028.755 825.1364 633.5248 488.4335 345.7881 729.9787 1070.029 1247.923 1429.295 2241.136 3033.142 2247.764 2815.29 3282.586 3401.952 2114.224 0 0 0 0 0 0 0 0 0 0 0 0 0 0 0 0 0
