GISdata/Popn density Romania 2015.asc
ncols         288
nrows         144
xllcorner     19
yllcorner     43
cellsize      0.0416666666667
NODATA_value  -9999
[rows 60 to 89 of 144, columns 134 to 200 of 288]
82.86869 66.22244 63.50077 59.76842 54.4712 59.5676 38.77041 44.56673 53.28749 51.84121 23.1908 18.0569 37.72469 48.59481 48.3812 51.80813 45.24422 35.93907 30.21319 26.86598 27.34243 27.34243 27.34243 30.84645 32.88319 32.88319 35.37555 36.1839 33.18211 32.99268 33.00251 33.22673 37.24474 36.70652 38.62941 40.87516 43.77303 30.99522 22.09419 21.09208 20.67405 25.70302 34.81301 35.49819 272.9303 438.3563 283.1205 118.7055 111.2629 104.3271 94.98825 87.51942 77.53484 118.8753 127.7901 126.2886 443.1263 146.5057 84.47994 66.61237 57.08002 59.87705 49.46563 34.22359 35.94106 58.20137 41.49521
73.91312 63.72021 63.66399 63.64157 67.14935 57.43454 47.15556 53.64751 48.64659 33.09164 18.19457 18.15787 20.97811 35.57496 46.85445 46.41534 37.75657 40.86362 40.31031 27.41948 27.34243 27.34243 26.90945 32.26775 59.04178 51.2477 53.69756 54.32866 50.95163 37.44788 40.17437 41.16552 41.60337 40.71358 24.71006 26.22414 26.97795 23.11524 20.67405 20.67405 20.67405 27.33292 41.77269 117.7285 288.6442 462.7749 274.2549 113.7593 113.0306 103.0024 94.83284 88.77753 86.85391 100.1219 129.7415 129.5297 128.5767 86.97707 83.83496 75.93853 67.37496 56.79256 31.67661 30.52469 37.55469 60.14028 43.03314
49.48919 47.98838 70.75976 76.18542 81.67751 71.25173 56.6175 54.02195 42.57449 19.08253 23.22543 32.97219 33.46679 30.9534 35.42308 36.19392 39.93261 44.2393 33.70964 27.51834 27.29778 26.33813 25.73403 64.63647 95.85073 115.508 54.32866 54.32866 83.39307 111.7393 54.61186 41.42528 37.65498 32.36279 20.77267 20.61403 20.62465 20.6595 20.67405 20.67405 24.9864 42.1467 106.038 380.1007 403.7792 289.7946 145.4532 75.48486 94.49438 110.853 104.437 85.05959 84.8816 98.38513 143.2039 143.6775 144.8078 110.1215 82.24531 75.05077 67.69952 57.2955 37.38484 30.69853 27.98988 56.25577 49.30138
35.11878 51.26637 66.186 42.11399 44.10494 60.42648 63.56232 23.22771 29.36049 30.93023 35.26944 31.39723 30.56546 30.56546 33.03735 36.19152 42.04821 44.2393 54.41841 62.81483 63.07723 26.83377 37.59628 94.31891 93.75133 233.0586 223.0923 294.0087 319.4786 319.7295 113.0195 41.54382 23.66206 20.56855 20.56855 20.56855 20.56855 20.57093 20.67181 20.64505 21.93307 55.54717 56.35613 66.28155 66.78736 56.40966 57.07681 59.08127 67.26962 85.69199 81.0072 90.58417 103.5812 106.7191 96.47801 105.6124 107.9291 93.12313 91.13187 74.84785 64.25513 59.51163 40.52599 38.49037 30.49444 44.453 57.13282
27.03292 48.48437 54.61662 26.46337 26.37163 37.65324 32.46432 18.19787 20.9603 80.51955 83.70384 39.13135 30.56546 32.60003 36.49311 35.95248 294.7742 641.5923 523.8613 336.7632 85.11703 27.11078 34.28532 45.23029 34.52314 26.92112 221.7806 319.5802 279.1205 212.7957 53.98307 41.17326 24.11074 20.56855 20.56855 20.56855 19.82011 18.38359 18.33095 15.02116 9.990502 53.15714 56.35613 56.35613 56.55576 58.50952 59.19537 59.84798 133.6179 161.2707 95.36881 81.99897 226.8302 109.3213 89.98447 87.21459 88.4628 89.46138 90.43427 71.42159 65.63802 72.02885 56.0684 40.88341 40.51157 42.40564 42.64401
30.20744 30.23157 49.18298 30.01965 52.47282 118.385 84.55199 51.68174 61.59473 84.83205 205.8994 135.2401 47.72309 52.53826 53.15128 42.81326 97.9918 387.6347 220.9631 33.6296 20.8516 28.22818 28.91146 24.94793 23.45808 13.81571 81.72202 76.67708 42.49854 42.49854 42.84256 43.87201 26.8168 30.20405 26.07126 14.97398 9.387186 9.307263 9.307263 9.307263 32.37094 56.35613 56.35613 56.81012 58.63131 59.19537 59.19477 138.9364 259.3822 270.0311 162.4883 145.2185 682.0641 683.9774 121.148 86.41644 83.10225 81.57829 79.95007 77.42087 76.11594 75.27831 64.10268 46.29329 42.99186 42.66681 55.54195
69.64722 36.18354 39.33679 193.4985 306.8137 316.7138 121.7808 62.21294 39.92165 50.72783 110.3623 102.7417 48.69273 52.47821 52.30933 43.56199 25.65122 31.25723 22.79387 20.84952 18.69944 16.06706 14.18558 12.39289 18.53002 22.83278 25.26382 29.15425 42.58737 46.74898 48.8809 48.15321 38.46195 38.66396 15.29831 9.307264 9.307264 9.307264 9.307264 9.307264 19.57126 37.11924 54.91175 57.19681 52.53197 47.86166 45.28017 43.63645 88.65997 217.4929 175.9187 150.9957 751.8613 579.6461 581.3408 164.0645 66.37366 82.59869 80.95081 79.9454 80.55771 77.70708 60.62954 52.05909 45.73623 44.7743 61.49109
49.23079 29.41274 41.2309 303.7534 277.7262 316.6478 149.4023 47.44308 25.82236 23.80762 26.1529 34.16997 34.10899 31.08295 30.69391 21.70357 18.65106 18.79314 20.68425 20.84952 19.31082 16.78599 17.5802 24.60929 25.26386 25.26386 24.31514 21.95454 27.58755 41.56663 38.51215 30.64528 34.55017 38.66396 14.66134 9.307264 9.307264 9.345747 10.35017 14.86171 19.90829 19.84687 40.12703 43.03757 42.78482 44.83282 46.31433 46.93957 46.93957 48.56179 80.30447 98.57729 111.697 73.32246 73.32246 70.09766 43.91024 45.74501 86.63364 99.15878 99.15878 99.10255 66.04249 59.5387 44.28455 40.51913 60.96099
31.17822 28.46475 37.32907 71.8007 26.00503 65.64259 86.61117 29.44032 22.6924 23.74522 22.96225 27.33816 33.17472 26.96706 19.70676 18.57443 17.27994 16.97315 18.81727 21.2518 23.21801 23.78681 25.75919 25.57021 25.26386 25.26386 21.76568 20.55444 20.55444 25.3861 94.85625 46.77847 36.35852 33.54715 12.27575 27.11206 25.60819 23.34216 18.71698 19.4767 22.15824 22.19074 30.38672 38.70084 45.45553 46.93957 46.93957 46.93957 45.55672 44.04927 51.05004 44.56122 38.9161 66.43013 62.22283 48.07353 45.28827 46.43365 58.49012 84.5041 93.92728 156.5385 219.7438 147.8833 104.8407 36.48976 44.66898
28.33455 28.46475 38.39698 40.06087 38.39252 22.54726 20.99773 21.38441 21.2638 16.97856 15.17025 15.24144 15.26121 15.94428 21.15587 16.97315 16.97315 17.28967 19.22734 20.13642 22.02473 26.45657 27.25921 27.49138 25.26386 37.41902 37.18692 20.55444 20.55444 31.47383 49.1118 35.69035 30.96756 22.97826 21.45224 42.96785 47.16273 36.01336 18.80296 20.49812 22.19074 22.19074 24.30251 39.06974 46.93957 46.93957 38.97421 31.25893 27.53602 26.16417 26.20154 26.33112 27.79573 45.19181 43.75803 44.11986 46.87326 48.86354 57.87798 72.72201 69.29089 150.078 282.8387 240.437 138.9094 39.12887 47.23142
29.0371 32.05194 30.7115 31.74227 26.41708 21.89859 19.33183 19.39959 19.89425 15.32548 15.16555 15.16546 20.54094 57.74613 66.4855 49.64281 17.50507 19.31139 19.94502 24.61746 34.40509 68.73785 74.66722 70.84602 60.13242 72.86423 43.55319 20.55444 20.60739 26.34295 36.66191 36.66191 26.54001 21.90553 21.90553 31.46685 47.15965 30.29777 18.80296 21.37471 22.19074 25.2942 31.19877 31.44445 34.53382 29.31743 26.23655 26.16457 26.21441 29.08169 37.07664 39.86508 40.31964 41.92184 42.94527 40.86324 44.35889 65.37812 60.79976 55.40295 58.96325 60.19618 138.569 229.7552 183.7724 130.6168 161.1442
99.75485 92.19701 31.23869 26.50534 26.51517 26.88977 19.72227 13.73476 11.98689 17.7446 17.55119 16.82896 16.2026 20.55899 60.1788 62.95633 39.37875 20.07274 27.56903 36.80827 36.82243 43.72739 58.47567 61.27926 74.47365 60.05214 26.04749 21.0315 24.50484 32.92124 36.66191 34.77121 22.96393 25.36348 21.99235 21.90553 29.75986 47.62406 164.7737 211.387 105.9845 31.43306 31.44426 31.44663 30.57638 18.03263 17.70651 21.75024 24.83514 26.23013 26.23584 31.61864 40.72952 40.79122 42.61301 42.79494 42.77922 51.25121 55.96083 78.93793 82.02821 78.57204 74.25867 75.8325 94.172 70.5407 220.1791
107.5445 107.5445 63.60931 20.68367 20.74306 21.36211 9.01543 8.542683 8.542683 15.67617 17.85614 17.2244 17.85579 19.82509 34.24983 38.04553 37.07085 26.17727 26.70508 29.76867 34.37408 50.9028 56.00428 48.69142 47.40119 33.2977 23.80705 30.54784 28.9634 26.21301 29.81617 30.66973 25.83562 37.53763 35.66027 32.1746 135.4287 338.5814 325.9816 177.441 33.22892 33.00206 32.689 32.81089 25.82208 14.37269 14.37269 14.37269 18.28736 26.51332 31.38589 46.18775 54.14241 49.50382 46.66227 44.18684 47.16676 59.67237 57.14383 47.2274 69.76278 82.38866 79.48907 72.07283 58.1549 61.17112 69.73029
53.88862 80.38242 73.89591 19.51874 16.57778 14.14663 10.8297 8.542683 8.542683 8.594477 10.70204 11.22298 13.26502 19.18659 30.29726 30.37759 26.69414 26.38742 26.38742 26.38742 29.78173 47.59893 50.9631 40.84741 38.88058 36.20366 34.45248 37.54715 34.66583 26.49607 25.87503 28.48496 27.65487 36.37868 37.53763 43.16684 56.59834 73.13601 58.76448 44.38353 40.3694 34.5401 33.37295 23.94316 14.40819 14.37269 14.37269 14.37269 14.37269 31.03617 41.8144 54.26581 56.45665 60.12421 59.04523 61.42408 66.97931 66.97321 75.15054 69.90637 103.4368 94.98474 82.35052 112.1611 64.83561 58.92604 61.89591
14.7646 13.22213 10.63394 12.2529 14.56764 14.56764 11.80222 10.25183 13.20065 9.939473 8.542684 9.211417 11.61241 13.10747 27.9124 27.84113 27.57787 26.79977 26.38867 26.38742 31.86121 41.30031 38.74923 43.2305 44.15588 47.02589 151.0334 198.4828 37.62373 38.56209 47.24885 47.39602 29.57461 25.56433 29.03683 56.84044 45.86021 34.42612 36.89244 36.70536 44.151 44.28498 44.76554 29.23408 14.37269 14.37269 14.37269 14.37269 14.37269 14.37269 14.37269 49.00559 54.59368 47.0659 56.36444 66.95226 66.94045 66.67049 76.28407 92.98801 184.9093 200.1569 150.9919 152.224 107.1377 66.65404 60.1302
14.72911 10.08977 8.530736 8.578161 12.8073 15.8727 20.06255 20.24842 18.31114 362.7178 591.3578 28.43018 37.28353 39.75684 25.3639 18.09734 20.79432 23.73193 26.22588 30.74597 37.52115 61.32795 49.56927 47.58356 51.69716 57.28371 178.6353 869.6105 806.7115 744.6826 251.2254 40.8927 27.83299 28.68067 49.36731 37.5369 36.8037 50.04445 48.20337 45.56878 35.17353 31.39179 38.4608 21.47065 14.37269 14.37269 14.37269 14.37269 14.36747 19.21298 40.39265 66.51332 59.68487 37.0731 37.12265 59.18422 62.58877 64.32869 65.85204 69.55297 83.67886 136.3991 155.0806 162.1695 133.5436 105.6739 106.6274
17.87531 11.24209 22.87418 19.67428 21.56356 29.1265 34.24282 32.13474 52.09418 722.7092 398.8147 33.28793 35.08586 40.01461 19.2022 17.62301 17.62301 25.97019 39.09316 52.04567 60.06994 63.68739 73.05866 76.85349 70.66733 73.42863 71.27194 49.32307 251.9026 740.2869 141.2473 48.86063 39.98455 42.58702 51.25558 36.64261 36.78607 60.44817 72.61826 72.61826 62.81604 45.07946 46.78787 21.82679 10.91151 10.19081 10.49613 10.56115 10.25225 14.9385 28.86048 24.05291 62.60893 50.38883 36.9234 36.97761 40.27654 50.85863 64.85777 64.79131 65.81065 71.12624 78.68102 73.29014 86.5998 76.88985 99.785
22.08976 26.90035 37.80502 26.60636 22.38131 30.97883 33.99672 26.43726 18.84243 172.807 47.76406 27.97811 36.29114 37.04258 24.03374 19.6494 22.12661 47.50564 66.11069 63.2503 50.74666 61.05614 64.93159 67.81989 80.43768 91.54049 70.96735 43.50976 51.41264 104.4634 53.2854 53.2854 47.1061 48.48794 67.3035 32.59486 23.55848 23.55901 26.82703 36.71078 62.71976 72.61826 72.61826 37.17163 8.987116 9.690742 9.690742 9.690742 9.690742 10.91635 31.93224 44.3932 56.06921 38.48971 37.30172 38.20457 40.05366 52.77163 76.66982 115.2193 157.4199 119.7488 66.23872 60.6569 59.90668 59.58633 61.45779
19.31195 22.56229 74.65047 35.27732 22.38131 30.77007 25.09743 17.16597 19.24102 19.06483 14.50697 14.25592 20.95846 20.45178 20.41623 21.20293 29.99934 131.8085 162.0415 186.151 178.7598 184.636 113.9939 486.2204 843.0885 99.88423 74.21032 81.26012 119.2284 115.414 66.38408 58.70835 56.4051 84.13443 106.1226 65.84158 38.51372 25.09501 23.55848 16.64534 14.20922 26.0512 47.28725 20.93018 8.460887 12.46319 13.7305 13.47075 10.61657 16.61185 41.90022 42.40985 49.94001 35.7711 34.94744 40.07218 40.85686 43.54636 72.73942 104.8791 141.2916 156.9272 531.5903 585.7758 79.20272 81.15516 87.91972
17.69706 21.20706 91.26251 99.85522 22.431 30.00843 20.30999 16.24461 19.24348 19.24369 15.46603 14.16528 17.34749 20.41623 24.72175 33.06327 32.79897 40.62663 51.7701 115.0671 186.151 181.9341 138.8146 1286.2 1475.404 284.4683 63.20066 82.36322 118.7166 94.82484 47.86562 49.27131 52.50586 86.43525 105.9959 72.8297 60.27214 46.60815 23.94792 23.55848 20.55402 13.41627 10.84441 8.318133 8.318133 13.38672 21.80828 22.08027 22.01517 21.79175 22.08027 22.08027 35.20452 38.47438 32.77695 41.70403 48.28063 49.80359 76.88564 79.73878 81.91082 82.41294 1358.08 2852.339 950.7171 87.58918 116.6347
16.42921 21.05953 77.60072 143.0207 22.64075 30.08305 16.12203 15.64309 18.57714 19.24369 17.88117 14.16528 15.77375 22.50578 68.92423 64.12448 35.13184 40.43114 60.24234 78.22104 113.4968 137.6731 232.085 1484.905 1586.524 1332.544 177.8768 68.76322 64.42854 56.97305 53.11055 50.70658 40.92863 64.59881 80.73792 57.41226 44.95506 52.57648 34.09845 24.10022 23.55848 21.82435 8.584655 8.318133 8.318133 8.318133 14.11342 21.96178 22.08027 25.16056 28.41622 29.41035 34.9475 41.03848 32.2484 28.03676 30.39821 46.03227 68.76157 78.00705 81.20412 98.60569 605.7361 845.327 83.81655 83.81655 96.838
15.81547 17.92614 41.91358 106.2711 16.80934 20.39311 15.01409 15.44058 18.64878 19.35576 16.32518 14.16528 14.16528 43.35189 129.0334 139.1147 85.51483 33.76294 59.22715 72.01414 86.61508 135.2231 723.5717 1586.524 1586.524 1142.246 156.0742 94.47038 66.90376 62.86067 58.33105 57.08577 28.12102 20.95528 23.93475 32.11256 39.73851 39.73851 31.60879 17.8675 21.49281 18.61128 8.318133 8.318133 8.318133 8.318133 8.318133 26.96945 32.02092 34.2118 40.68291 39.38871 38.5848 42.47987 60.22025 41.88141 33.03233 28.79148 78.70438 119.2792 113.7183 126.2691 43.67182 48.63367 77.57597 83.81655 84.81888
7.434628 6.420771 6.420771 6.420339 4.224646 3.713719 3.713719 3.719257 6.22285 19.73485 22.67016 22.14719 21.22704 100.7334 139.1147 139.1147 132.9619 99.05767 138.6506 120.1362 98.1629 98.17461 816.4777 1586.524 1010.022 87.73474 96.10731 96.10731 92.71887 80.87545 69.06824 64.41319 60.80374 22.77278 20.95528 21.42404 36.85754 27.96545 18.17177 14.34845 14.71915 11.65747 8.538397 8.318133 8.318133 8.318133 12.63735 37.03599 34.84811 30.01352 60.42621 56.46517 38.64603 37.30679 42.38415 60.70486 66.51366 59.41944 33.99102 87.2234 127.5672 204.0581 85.79093 46.21201 40.19343 44.68946 54.19228
6.426865 6.420771 6.420771 6.39149 3.811095 3.713719 3.713719 3.713719 3.713719 14.73559 22.70315 22.70315 22.70315 25.94728 85.07758 66.97006 51.64965 97.27776 103.4796 94.24953 98.1629 98.1629 410.4498 453.0103 56.51756 66.28779 96.10732 96.10732 96.10732 96.10732 96.10732 83.79292 82.46748 72.47594 21.40019 20.95915 31.32435 15.17986 14.34845 14.34845 14.34845 14.34845 10.26433 8.318133 8.318133 8.318133 21.41658 37.40139 34.5054 30.01352 49.15121 63.0176 34.71536 30.82927 39.7758 47.41647 65.33881 59.9892 119.0932 116.1142 126.5422 147.6794 124.2373 99.04064 45.1707 37.69366 37.69316
6.420771 6.420771 6.420771 6.195315 3.996015 3.713719 3.713719 3.713719 4.264465 22.35705 28.63355 30.25185 25.96475 22.70315 20.59152 19.22507 46.99614 48.44852 66.13865 71.75732 97.29337 98.1629 80.83842 55.9788 55.2803 55.49118 65.22227 85.02197 75.67578 91.81092 96.10731 69.22781 43.39874 43.39874 36.30339 33.71321 35.77118 26.19682 18.37421 14.66849 16.47337 19.44006 10.52002 8.318132 8.318132 17.93495 37.24041 37.40139 36.25713 29.9632 35.22041 52.35986 40.40869 33.13599 44.87161 64.10853 65.08828 53.797 135.4351 193.8135 150.2816 61.13798 60.03203 67.57207 63.02227 41.09155 38.92926
6.420771 6.420771 6.420771 4.970891 3.713719 3.713719 3.713719 3.713719 11.31117 30.56145 33.58914 33.58914 39.13982 22.70315 20.5716 15.69502 34.04446 47.3845 62.91341 65.85792 49.30935 116.0443 126.5275 53.68721 53.13186 53.13186 41.7437 22.80624 22.80624 44.90491 90.28841 50.80311 43.39874 43.35819 42.20003 41.68721 49.39833 44.91539 27.97004 37.48938 97.04103 96.43488 61.00684 19.74339 17.20252 48.06097 49.6715 33.19518 24.46557 28.51141 41.74834 54.10933 49.83208 37.47701 26.7159 33.3268 64.82519 66.38329 47.27316 67.64899 198.3176 56.39081 55.7878 64.0423 52.15278 43.69707 43.01023
6.420771 6.420771 6.420771 5.031296 3.713719 3.713719 3.713719 23.20962 32.96375 33.17549 33.40867 33.58914 44.72315 23.37138 20.32254 17.33765 25.74079 31.53901 40.93219 35.09356 17.44906 91.67763 131.6633 118.0916 105.7505 37.11048 27.63734 22.80624 22.80624 22.80624 29.04334 43.39874 43.39874 43.30559 42.14689 41.71045 48.4611 45.42131 27.97004 32.53415 95.51185 102.8906 98.15699 33.1494 32.01696 41.64401 41.51659 29.28445 32.49684 34.41242 33.56065 43.19322 61.83705 64.67949 46.69362 37.94181 71.19312 80.63001 57.73281 358.6745 828.7757 247.9188 56.80967 41.12522 41.63268 42.86116 43.06609
6.420771 6.420771 6.420771 5.827322 3.713719 3.713719 4.344083 25.32139 33.05752 33.00934 33.02169 33.4608 43.67075 36.96559 22.73327 22.74638 22.7562 21.47402 17.44906 17.44906 19.39796 95.51193 122.9784 122.6407 119.6058 32.20365 22.80624 22.80624 22.80624 22.80625 50.2242 44.05268 43.39874 43.39874 42.83123 41.79864 51.54744 51.38838 34.04018 27.97004 59.1832 102.7087 102.7062 78.38616 55.04969 36.20324 34.4549 30.5514 40.46512 34.08587 33.47746 39.19561 66.62104 66.80896 65.49916 51.15718 73.60694 97.0565 98.05386 508.2798 605.5629 127.9447 61.14984 40.95862 40.67134 40.77419 40.1983
6.527334 20.28863 62.03571 39.48775 17.98738 18.63399 19.96802 35.45168 33.13626 33.01131 33.00934 33.29678 48.44006 60.1779 22.75659 25.51681 34.14061 26.90465 17.44906 17.44906 21.68313 79.43165 118.5794 121.0017 123.3586 39.94582 23.37282 22.80624 22.84299 46.19645 76.95938 77.32751 56.4492 43.7813 42.6716 42.6588 55.83364 53.9627 51.87769 45.1011 64.12287 102.1531 101.2894 69.99577 55.98389 39.04621 46.88203 75.07655 122.7897 84.75767 90.44702 102.1157 70.97734 68.90366 69.0379 63.51357 49 73.27915 101.6896 101.7469 84.80106 66.61321 53.78892 40.81483 39.42213 38.54691 38.26979
59.79297 88.92004 89.74302 72.35271 39.4548 72.15106 77.05222 53.70192 33.16275 99.77214 332.0198 748.5768 305.4846 60.96231 34.16272 38.50992 40.19704 46.47636 25.72892 17.44906 17.44906 17.44906 41.27407 133.2523 133.7233 129.9974 44.50827 23.6122 22.80624 55.29284 56.30956 74.22369 119.2005 85.2748 69.4836 92.07516 90.51591 76.76865 74.68365 78.39137 79.98006 88.1086 98.42071 60.57047 53.59084 71.61318 117.1877 113.9537 110.3943 118.1029 116.9577 120.939 71.74381 69.33273 69.49407 70.14706 69.54235 69.86846 67.47476 65.84552 55.63956 54.33053 52.74909 47.96218 39.97181 38.58765 40.09778
