GISdata/Popn density Belgium 2015.asc
ncols        110
nrows        103
xllcorner    2.291666666667
yllcorner    49.291666666667
cellsize     0.041666666667
NODATA_value  -9999
[rows 25 to 49 of 60, columns 55 to 109 of 110]
742.44342041015625 373.14730834960937 248.44819641113281 232.727294921875 146.69490051269531 179.11099243164062 184.84449768066406 184.84489440917969 176.56340026855469 168.27609252929687 195.0325927734375 247.32279968261719 212.77659606933594 135.84019470214844 150.66949462890625 183.67359924316406 228.839599609375 180.61590576171875 171.56930541992187 216.24209594726562 285.15640258789062 399.848388671875 340.70120239257812 232.77769470214844 499.27789306640625 615.4093017578125 588.97930908203125 253.48440551757812 176.72149658203125 121.69940185546875 108.99420166015625 132.89019775390625 186.08160400390625 188.46659851074219 482.71359252929687 348.349609375 139.56149291992187 -9999 -9999 -9999 -9999 -9999 -9999 -9999 -9999 -9999 -9999 -9999 -9999 -9999 -9999 -9999 -9999 -9999 -9999
914.9774169921875 405.05828857421875 263.189697265625 244.46499633789062 156.52409362792969 152.82699584960937 162.09820556640625 144.90919494628906 164.35809326171875 167.34419250488281 174.66070556640625 172.73089599609375 174.30059814453125 149.5574951171875 147.70309448242187 293.1820068359375 440.54901123046875 249.46730041503906 215.06350708007812 184.74110412597656 284.48709106445312 741.819091796875 785.26007080078125 1257.7110595703125 1294.7030029296875 1270.6710205078125 589.5408935546875 431.03988647460937 283.61331176757812 267.26199340820312 225.06559753417969 221.44189453125 289.06988525390625 249.87930297851562 297.82199096679687 174.38560485839844 139.56149291992187 139.56149291992187 -9999 -9999 -9999 -9999 -9999 -9999 -9999 -9999 -9999 -9999 -9999 -9999 -9999 -9999 -9999 -9999 -9999
546.51141357421875 350.193115234375 197.47349548339844 178.3280029296875 158.20680236816406 159.04049682617187 138.09770202636719 135.69430541992187 150.38490295410156 155.97219848632812 151.84150695800781 163.57850646972656 161.89579772949219 142.07209777832031 126.46240234375 125.20510101318359 158.97669982910156 153.4093017578125 248.87130737304688 354.650390625 495.93670654296875 620.0482177734375 1897.41796875 2373.93310546875 2335.14794921875 2033.8299560546875 838.97998046875 569.3602294921875 349.31689453125 297.43789672851562 263.59228515625 338.64309692382812 238.0260009765625 175.40730285644531 175.45460510253906 175.40769958496094 154.41529846191406 140.32620239257812 139.56149291992187 145.33650207519531 181.14630126953125 -9999 -9999 -9999 -9999 -9999 -9999 -9999 -9999 -9999 -9999 -9999 -9999 -9999 -9999
292.71051025390625 235.47030639648437 198.72819519042969 200.53179931640625 184.00419616699219 158.56430053710937 147.2655029296875 146.95539855957031 147.60490417480469 125.32420349121094 116.17289733886719 133.043701171875 120.08429718017578 116.17569732666016 151.13079833984375 189.33299255371094 171.15989685058594 175.68890380859375 286.65438842773437 502.67388916015625 635.7578125 1077.85205078125 1807.489990234375 2241.84912109375 1835.095947265625 1173.0880126953125 852.35040283203125 432.87161254882812 358.26708984375 658.56427001953125 1232.7869873046875 1155.8389892578125 287.75729370117187 99.548469543457031 76.492156982421875 121.25330352783203 155.31289672851563 169.93319702148437 173.70230102539062 170.92239379882812 181.14630126953125 -9999 -9999 -9999 -9999 -9999 -9999 -9999 -9999 -9999 -9999 -9999 -9999 -9999 -9999
227.80320739746094 230.97659301757813 229.80479431152344 229.18299865722656 197.49299621582031 156.26800537109375 150.09970092773437 147.61349487304687 130.9302978515625 108.92739868164062 107.51270294189453 107.26390075683594 115.47039794921875 188.90640258789063 255.20970153808594 274.3828125 282.28750610351562 437.89840698242187 273.93780517578125 196.60189819335938 437.03759765625 656.7598876953125 1223.8270263671875 1159.491943359375 594.15386962890625 569.17047119140625 285.75570678710937 264.9949951171875 322.42098999023437 354.70440673828125 1005.3209838867187 758.843017578125 112.43229675292969 87.50689697265625 69.878303527832031 53.103691101074219 59.108890533447266 145.39349365234375 140.63619995117187 181.14630126953125 -9999 -9999 -9999 -9999 -9999 -9999 -9999 -9999 -9999 -9999 -9999 -9999 -9999 -9999 -9999
225.02130126953125 260.58840942382813 237.77969360351562 241.45359802246094 207.85859680175781 164.70820617675781 305.33050537109375 420.4512939453125 284.99990844726562 201.77279663085937 188.39790344238281 235.00399780273437 173.94619750976562 216.56599426269531 344.53939819335937 371.13040161132812 405.68771362304688 357.01889038085937 186.93510437011719 177.09609985351562 203.76260375976562 214.79269409179687 300.41729736328125 343.38958740234375 244.94760131835937 186.80929565429687 186.80929565429687 173.908203125 157.87840270996094 153.03439331054687 158.86599731445312 112.63050079345703 87.496971130371094 87.496971130371094 90.91693115234375 86.904609680175781 63.351760864257813 74.540077209472656 80.499893188476563 86.578376770019531 86.578376770019531 35.344070434570313 -9999 -9999 -9999 -9999 -9999 -9999 -9999 -9999 -9999 -9999 -9999 -9999 -9999
531.44561767578125 450.05801391601562 370.73980712890625 429.4569091796875 506.71560668945312 512.33721923828125 581.04052734375 584.7244873046875 584.7244873046875 397.48849487304687 275.1182861328125 271.7847900390625 275.076904296875 303.43270874023437 265.91220092773437 170.44349670410156 123.66799926757812 91.618972778320313 79.192497253417969 74.21527099609375 80.38580322265625 99.790176391601563 112.53759765625 202.50140380859375 198.05499267578125 167.64520263671875 157.67840576171875 144.46690368652344 151.08720397949219 173.54240417480469 246.07000732421875 234.81889343261719 102.72920227050781 82.279518127441406 109.64420318603516 122.21250152587891 81.712722778320313 79.378616333007812 86.578376770019531 86.578376770019531 84.018318176269531 41.919998168945313 35.344070434570313 -9999 -9999 -9999 -9999 -9999 -9999 -9999 -9999 -9999 -9999 -9999 -9999
679.4508056640625 632.40802001953125 323.8699951171875 198.78829956054687 241.18170166015625 569.78271484375 584.7244873046875 584.7244873046875 584.660400390625 248.98469543457031 125.16169738769531 110.864501953125 114.87300109863281 77.859657287597656 77.7216796875 109.693603515625 106.64739990234375 84.432136535644531 55.388309478759766 58.936840057373047 63.178359985351562 61.8472900390625 100.43460083007812 125.92250061035156 94.609657287597656 124.58660125732422 142.843505859375 82.78179931640625 90.383682250976563 120.39820098876953 113.13390350341797 50.052898406982422 72.969619750976563 95.933677673339844 116.05599975585937 116.35800170898437 75.025840759277344 76.46795654296875 86.453239440917969 80.204689025878906 38.096309661865234 35.344070434570313 35.344070434570313 35.344070434570313 -9999 -9999 -9999 -9999 -9999 -9999 -9999 -9999 -9999 -9999 -9999
347.12680053710937 195.66569519042969 153.35270690917969 151.02769470214844 192.94540405273437 234.86610412597656 418.85128784179687 431.60650634765625 260.16891479492187 92.965087890625 88.075981140136719 100.05509948730469 104.2510986328125 67.671592712402344 57.220020294189453 49.476200103759766 51.578651428222656 54.961341857910156 55.476310729980469 58.989410400390625 69.625808715820313 70.41021728515625 79.901573181152344 78.923027038574219 78.24224853515625 89.92877197265625 98.645683288574219 30.502130508422852 30.415569305419922 30.778669357299805 39.435108184814453 63.347099304199219 79.5357666015625 91.856887817382812 120.08999633789062 111.99980163574219 72.470832824707031 60.192378997802734 58.027500152587891 50.943439483642578 35.565608978271484 35.344070434570313 35.344070434570313 -9999 -9999 -9999 -9999 -9999 -9999 -9999 -9999 -9999 -9999 -9999 -9999
135.15559387207031 116.76529693603516 114.04689788818359 106.73829650878906 186.55870056152344 162.591796875 176.4700927734375 168.95669555664062 96.441703796386719 104.25669860839844 99.178482055664063 88.637359619140625 91.856491088867187 89.474906921386719 75.573272705078125 48.811779022216797 47.472339630126953 48.957679748535156 55.048698425292969 67.237922668457031 71.133781433105469 71.133781433105469 71.133781433105469 71.020027160644531 50.289661407470703 36.705768585205078 31.159040451049805 33.897121429443359 35.984230041503906 36.791851043701172 38.772480010986328 38.682430267333984 39.43865966796875 49.962638854980469 82.860443115234375 92.724227905273438 48.593349456787109 42.579021453857422 42.579021453857422 42.579021453857422 38.852390289306641 35.344070434570313 35.344070434570313 35.344070434570313 -9999 -9999 -9999 -9999 -9999 -9999 -9999 -9999 -9999 -9999 -9999
112.27629852294922 106.73899841308594 106.73899841308594 104.85829925537109 101.01540374755859 92.10919189453125 98.819442749023438 148.16439819335937 154.66960144042969 154.72270202636719 122.32920074462891 99.553680419921875 98.347068786621094 96.678497314453125 94.335250854492188 69.10833740234375 53.062610626220703 58.425460815429688 63.356029510498047 76.953903198242187 76.032066345214844 52.257831573486328 61.583869934082031 44.732120513916016 39.934780120849609 31.291950225830078 26.920389175415039 34.176471710205078 37.384040832519531 37.384040832519531 42.399631500244141 51.98455810546875 51.900180816650391 51.695529937744141 59.928989410400391 61.817939758300781 53.295551300048828 47.882530212402344 44.651660919189453 49.205718994140625 46.701129913330078 38.135108947753906 35.344070434570313 35.344070434570313 -9999 -9999 -9999 -9999 -9999 -9999 -9999 -9999 -9999 -9999 -9999
82.396408081054688 92.909332275390625 92.215179443359375 86.837982177734375 57.046890258789063 51.787311553955078 55.395500183105469 118.68910217285156 129.12649536132812 129.10209655761719 121.50879669189453 101.59889984130859 100.96810150146484 100.96810150146484 100.96810150146484 80.714202880859375 62.235771179199219 63.376731872558594 99.762123107910156 99.486198425292969 97.508758544921875 84.468101501464844 38.653041839599609 39.632488250732422 33.306968688964844 26.720760345458984 26.720760345458984 34.733860015869141 42.926120758056641 42.240631103515625 45.364398956298828 51.611740112304688 47.593681335449219 48.391021728515625 50.432659149169922 56.281169891357422 61.824321746826172 61.824321746826172 60.682109832763672 61.824321746826172 61.824321746826172 61.824321746826172 -9999 -9999 -9999 -9999 -9999 -9999 -9999 -9999 -9999 -9999 -9999 -9999 -9999
73.190208435058594 73.317413330078125 74.494369506835937 75.468116760253906 62.85137939453125 77.863197326660156 81.580917358398438 120.85430145263672 117.99349975585937 93.861366271972656 41.837169647216797 71.964126586914063 97.758033752441406 93.658668518066406 82.578498840332031 107.25710296630859 126.49490356445312 133.68870544433594 141.56019592285156 129.79609680175781 95.214073181152344 39.584590911865234 31.664840698242188 31.711679458618164 28.391500473022461 27.332670211791992 27.413900375366211 35.153518676757813 42.130458831787109 43.531658172607422 36.528709411621094 33.989891052246094 30.022869110107422 34.603260040283203 27.253179550170898 24.747819900512695 30.486120223999023 38.097530364990234 51.174430847167969 -9999 -9999 -9999 -9999 -9999 -9999 -9999 -9999 -9999 -9999 -9999 -9999 -9999 -9999 -9999 -9999
55.513278961181641 55.513278961181641 55.547531127929687 40.643878936767578 50.163791656494141 102.24079895019531 98.499763488769531 95.027496337890625 49.264991760253906 38.094348907470703 37.097019195556641 40.792449951171875 52.681568145751953 72.106742858886719 72.106742858886719 79.330253601074219 136.6239013671875 134.37409973144531 84.3211669921875 114.21589660644531 125.4801025390625 43.567901611328125 30.094919204711914 29.078090667724609 28.363819122314453 28.310070037841797 28.356029510498047 28.379270553588867 28.416139602661133 29.306560516357422 30.022869110107422 30.022869110107422 30.022869110107422 30.022869110107422 27.297670364379883 23.975299835205078 23.975299835205078 23.975299835205078 23.975299835205078 -9999 -9999 -9999 -9999 -9999 -9999 -9999 -9999 -9999 -9999 -9999 -9999 -9999 -9999 -9999 -9999
48.378570556640625 39.799339294433594 41.581779479980469 36.458030700683594 62.463249206542969 102.9613037109375 91.858482360839844 43.130130767822266 41.434200286865234 42.743049621582031 39.865940093994141 45.353271484375 70.540573120117188 72.106742858886719 72.106742858886719 71.376007080078125 66.675369262695313 56.157630920410156 45.538818359375 46.353431701660156 50.876480102539063 35.339149475097656 28.352870941162109 28.334749221801758 28.306779861450195 28.315519332885742 28.393339157104492 28.406530380249023 28.406530380249023 28.419460296630859 29.478170394897461 30.022869110107422 30.022869110107422 30.022869110107422 23.975299835205078 23.975299835205078 23.975299835205078 23.975299835205078 -9999 -9999 -9999 -9999 -9999 -9999 -9999 -9999 -9999 -9999 -9999 -9999 -9999 -9999 -9999 -9999 -9999
40.056800842285156 38.5064697265625 40.642478942871094 34.760978698730469 32.724128723144531 -9999 44.881900787353516 44.881889343261719 44.881889343261719 44.881889343261719 44.881889343261719 52.397708892822266 62.554798126220703 62.374599456787109 60.780490875244141 56.343879699707031 47.595958709716797 45.297199249267578 46.074649810791016 40.746849060058594 32.281478881835938 28.552360534667969 28.49390983581543 28.53986930847168 29.139739990234375 30.228010177612305 30.738559722900391 31.349750518798828 58.289939880371094 44.208320617675781 28.406770706176758 29.050369262695313 30.022869110107422 -9999 -9999 -9999 -9999 -9999 -9999 -9999 -9999 -9999 -9999 -9999 -9999 -9999 -9999 -9999 -9999 -9999 -9999 -9999 -9999 -9999 -9999
44.994510650634766 44.994510650634766 44.994510650634766 -9999 -9999 44.881889343261719 44.724269866943359 43.739269256591797 42.91571044921875 44.343570709228516 44.516670227050781 42.492321014404297 42.049591064453125 41.49755859375 42.240421295166016 42.808498382568359 45.792060852050781 47.491668701171875 47.752799987792969 41.834190368652344 26.941619873046875 24.683679580688477 24.84473991394043 28.312690734863281 32.052230834960938 32.072021484375 32.1131591796875 70.809776306152344 87.405906677246094 80.583351135253906 57.630039215087891 28.406530380249023 -9999 -9999 -9999 -9999 -9999 -9999 -9999 -9999 -9999 -9999 -9999 -9999 -9999 -9999 -9999 -9999 -9999 -9999 -9999 -9999 -9999 -9999 -9999
48.042251586914062 44.994510650634766 44.994510650634766 -9999 -9999 27.835060119628906 28.700380325317383 28.522100448608398 29.929040908813477 30.8248291015625 24.747819900512695 31.154659271240234 29.437900543212891 28.531520843505859 32.269081115722656 33.895061492919922 37.413730621337891 46.777389526367188 47.752799987792969 47.752799987792969 42.569339752197266 37.660499572753906 23.499380111694336 23.499380111694336 27.487710952758789 42.061408996582031 71.123512268066406 86.787971496582031 87.405906677246094 87.405906677246094 87.405906677246094 -9999 -9999 -9999 -9999 -9999 -9999 -9999 -9999 -9999 -9999 -9999 -9999 -9999 -9999 -9999 -9999 -9999 -9999 -9999 -9999 -9999 -9999 -9999 -9999
53.661911010742188 44.994510650634766 44.994510650634766 -9999 27.835060119628906 27.835060119628906 27.835060119628906 27.835060119628906 27.835060119628906 27.910699844360352 25.551450729370117 24.481269836425781 27.209880828857422 38.334690093994141 35.937400817871094 31.346799850463867 31.346799850463867 36.246078491210937 53.631019592285156 54.118389129638672 55.363609313964844 55.435760498046875 42.806289672851563 25.440389633178711 34.27655029296875 40.920379638671875 65.128273010253906 87.267417907714844 87.405906677246094 87.405906677246094 87.405906677246094 -9999 -9999 -9999 -9999 -9999 -9999 -9999 -9999 -9999 -9999 -9999 -9999 -9999 -9999 -9999 -9999 -9999 -9999 -9999 -9999 -9999 -9999 -9999 -9999
-9999 -9999 -9999 -9999 27.835060119628906 27.835060119628906 27.835060119628906 28.055370330810547 28.01715087890625 28.34065055847168 28.651010513305664 28.651010513305664 37.304489135742188 44.845970153808594 43.497089385986328 35.181041717529297 31.346799850463867 35.436470031738281 55.530521392822266 55.530521392822266 55.530521392822266 55.530521392822266 49.223918914794922 36.924449920654297 36.041648864746094 36.041648864746094 34.04132080078125 72.770393371582031 87.405906677246094 -9999 -9999 -9999 -9999 -9999 -9999 -9999 -9999 -9999 -9999 -9999 -9999 -9999 -9999 -9999 -9999 -9999 -9999 -9999 -9999 -9999 -9999 -9999 -9999 -9999 -9999
-9999 -9999 -9999 -9999 -9999 -9999 28.956689834594727 28.956689834594727 28.843059539794922 28.651010513305664 28.651519775390625 37.431308746337891 44.775398254394531 44.967029571533203 52.699211120605469 57.893020629882813 54.016948699951172 54.851848602294922 55.711620330810547 55.850818634033203 56.212158203125 56.211471557617188 41.122959136962891 36.041648864746094 33.517940521240234 30.04265022277832 27.197540283203125 30.770219802856445 33.365798950195313 -9999 -9999 -9999 -9999 -9999 -9999 -9999 -9999 -9999 -9999 -9999 -9999 -9999 -9999 -9999 -9999 -9999 -9999 -9999 -9999 -9999 -9999 -9999 -9999 -9999 -9999
-9999 -9999 -9999 -9999 -9999 -9999 28.956689834594727 28.956689834594727 28.956199645996094 29.680990219116211 32.81610107421875 34.366600036621094 39.590530395507813 43.136871337890625 51.705879211425781 58.501228332519531 58.501228332519531 58.444400787353516 57.377361297607422 56.842288970947266 56.842288970947266 56.842288970947266 36.746009826660156 25.27617073059082 23.59507942199707 26.022790908813477 26.784280776977539 35.494899749755859 30.097389221191406 -9999 -9999 -9999 -9999 -9999 -9999 -9999 -9999 -9999 -9999 -9999 -9999 -9999 -9999 -9999 -9999 -9999 -9999 -9999 -9999 -9999 -9999 -9999 -9999 -9999 -9999
-9999 -9999 -9999 -9999 -9999 -9999 28.956689834594727 28.956689834594727 28.956689834594727 31.667169570922852 34.098331451416016 34.098331451416016 34.098331451416016 35.454948425292969 57.657638549804687 51.146640777587891 43.202850341796875 33.024658203125 34.819808959960937 50.083480834960938 49.609729766845703 37.233718872070313 28.714109420776367 23.565549850463867 23.59929084777832 23.665279388427734 27.914390563964844 46.274471282958984 66.094367980957031 76.910293579101563 -9999 -9999 -9999 -9999 -9999 -9999 -9999 -9999 -9999 -9999 -9999 -9999 -9999 -9999 -9999 -9999 -9999 -9999 -9999 -9999 -9999 -9999 -9999 -9999 -9999
-9999 -9999 -9999 -9999 -9999 -9999 28.956689834594727 28.956689834594727 28.956689834594727 -9999 34.098331451416016 34.098331451416016 34.098331451416016 34.098598480224609 39.945030212402344 37.149391174316406 29.152090072631836 33.587039947509766 36.862159729003906 41.648578643798828 37.214859008789063 25.287250518798828 23.565549850463867 42.543949127197266 58.547019958496094 57.845600128173828 68.704391479492188 65.549087524414063 76.727096557617188 76.910293579101563 -9999 -9999 -9999 -9999 -9999 -9999 -9999 -9999 -9999 -9999 -9999 -9999 -9999 -9999 -9999 -9999 -9999 -9999 -9999 -9999 -9999 -9999 -9999 -9999 -9999
-9999 -9999 -9999 -9999 -9999 -9999 -9999 -9999 -9999 -9999 -9999 -9999 34.098331451416016 34.099578857421875 34.102378845214844 34.102378845214844 34.102378845214844 36.820449829101563 42.53350830078125 42.836929321289063 42.781761169433594 40.224918365478516 64.735893249511719 80.139152526855469 81.496322631835938 81.449516296386719 81.258636474609375 77.368766784667969 105.94730377197266 112.64759826660156 222.00599670410156 222.00599670410156 -9999 -9999 -9999 -9999 -9999 -9999 -9999 -9999 -9999 -9999 -9999 -9999 -9999 -9999 -9999 -9999 -9999 -9999 -9999 -9999 -9999 -9999 -9999
