GISdata/Popn density Romania 2015.asc
ncols         288
nrows         144
xllcorner     19
yllcorner     43
cellsize      0.0416666666667
NODATA_value  -9999
[rows 90 to 119 of 144, columns 201 to 267 of 288]
43.77296 46.30583 47.49842 46.71481 37.64391 36.92297 47.63202 45.74846 43.90255 38.86672 31.60167 44.58922 30.12904 1794.143 2505.535 132.0761 21.81942 37.60861 122.6758 184.4136 101.9245 40.31735 39.28985 39.69421 44.60046 45.16863 45.52298 45.81188 39.54556 23.87932 23.87932 23.87932 23.87932 15.73715 6.990749 6.57893 8.29423 4.366582 4.334191 4.140299 3.989417 4.043591 4.429457 4.596989 4.454487 3.826707 3.259091 3.362216 4.233412 5.399392 3.821174 5.548582 6.902202 6.613805 6.366812 3.927392 -9999 -9999 -9999 -9999 -9999 -9999 -9999 -9999 -9999 -9999 -9999
37.3738 51.04914 52.41922 52.84751 49.06328 46.1077 46.29283 38.02674 33.96196 36.47359 41.21043 43.75871 172.3311 1422.645 21.31481 21.31481 21.31481 50.46562 172.2703 155.1454 69.21771 41.51768 41.51768 40.34035 40.75688 48.17919 52.70323 52.70747 48.88575 26.80697 23.87932 23.87932 23.87932 29.77542 232.9696 411.9263 424.8386 14.12194 3.607651 3.607651 3.607651 3.607651 3.607651 3.607651 3.596495 2.764173 2.669753 2.669753 2.669753 2.769466 2.672024 10.0718 14.81085 14.81085 14.78457 3.927392 -9999 -9999 -9999 -9999 -9999 -9999 -9999 -9999 -9999 -9999 -9999
35.96115 52.25388 63.64297 65.34013 64.58532 49.84335 30.11238 24.34391 23.58611 23.62048 25.82217 49.37196 47.71281 41.6137 31.0294 20.3526 21.31481 21.78093 42.08172 89.34541 68.46062 46.88469 41.51768 41.49055 38.26611 44.56187 41.80762 42.53493 38.98586 33.31278 25.20211 23.88084 64.42606 297.0829 513.8698 513.8698 497.3554 159.9503 24.16961 5.763676 4.820537 4.176061 3.607651 3.607651 3.528354 2.669753 2.669753 2.669753 2.669753 3.71353 9.466276 14.81085 14.81085 14.81085 14.81085 14.81085 14.81085 -9999 -9999 -9999 -9999 -9999 -9999 -9999 -9999 -9999 -9999
39.5403 43.44337 62.64751 65.73417 65.29732 48.43679 23.27899 23.27899 30.69712 36.18903 29.16474 17.19224 31.13968 51.28024 30.8549 13.3743 12.16479 7.97615 15.47729 36.99536 58.95063 39.83229 26.60699 30.22989 29.62138 29.87376 24.16495 23.87163 24.06264 31.98675 34.08689 32.57957 179.268 221.0353 513.8698 513.8698 409.865 41.36375 34.41804 34.30428 40.75421 39.53003 28.7191 14.62943 6.54504 2.669753 2.669753 2.669753 2.669753 10.05587 14.81085 14.81085 14.81085 14.81085 14.81085 14.81085 -9999 -9999 -9999 -9999 -9999 -9999 -9999 -9999 -9999 -9999 -9999
41.26621 41.98109 61.65425 65.73417 49.21892 31.42343 29.06156 27.16754 32.82214 44.70653 36.78376 26.1201 16.20384 32.67582 12.68747 12.68747 8.390711 6.543972 19.73066 55.32539 36.48127 20.11319 20.11319 20.11319 27.16913 32.94902 26.95476 23.87163 24.325 26.78559 28.7744 27.50413 29.21805 41.82263 421.0294 492.0978 309.2458 43.4148 40.35952 40.90346 40.6027 40.94215 27.70718 14.79214 5.892384 3.690934 2.669753 2.669753 2.669753 3.524932 7.769037 11.11501 14.81085 14.60079 13.69395 14.03171 -9999 -9999 -9999 -9999 -9999 -9999 -9999 -9999 -9999 -9999 -9999
35.71405 32.89077 38.95151 55.38182 33.69274 32.78765 36.72923 56.98516 60.79387 59.76775 46.23965 30.35311 12.68747 12.68747 12.68747 12.68747 6.994872 6.543972 12.25088 31.21593 22.28241 20.11319 20.11319 20.11319 20.6172 29.02219 28.59445 24.14559 23.87163 25.3193 25.83071 24.54701 24.37083 24.37083 25.88547 75.84684 42.76482 42.55008 42.53485 18.46328 10.1281 14.15506 6.819788 6.447318 5.439883 4.7247 3.977562 2.698682 2.669753 2.669753 2.669753 2.946597 4.81772 1.960218 1.679628 1.679628 -9999 -9999 -9999 -9999 -9999 -9999 -9999 -9999 -9999 -9999 -9999
27.36707 27.42866 28.80085 42.43534 31.68358 35.66777 38.42834 61.61869 61.41393 49.5964 44.54967 31.4159 24.52742 18.27026 12.68747 12.68747 8.723606 6.543972 14.39283 34.10912 26.1328 18.44075 17.54877 16.46689 20.48124 23.97077 22.81754 21.0106 24.4978 25.83086 27.15435 28.33343 25.65713 24.37083 25.66449 47.07097 43.69177 42.55008 42.55008 -9999 -9999 6.447318 6.447318 6.447318 6.447318 6.447318 6.177351 3.436542 2.499504 2.633105 2.627532 1.746609 1.679628 1.679628 1.679628 1.679628 -9999 -9999 -9999 -9999 -9999 -9999 -9999 -9999 -9999 -9999 -9999
27.36416 40.85117 43.46067 43.44548 38.99039 36.62027 36.78054 43.57438 51.63612 46.70893 37.32307 43.91584 44.46692 28.76805 13.73335 12.72118 13.2578 6.543972 18.81705 38.36821 33.02924 16.5846 14.81964 14.81964 14.56949 13.74814 13.74814 20.83014 25.89906 28.07449 29.33669 29.33669 44.57147 45.00784 47.12553 47.14808 -9999 -9999 -9999 6.447318 6.447318 6.447318 6.447318 6.447318 6.447318 6.447318 6.032695 2.638173 1.814047 2.013961 1.681098 1.679628 1.679628 1.679628 1.679628 -9999 -9999 -9999 -9999 -9999 -9999 -9999 -9999 -9999 -9999 -9999 -9999
30.23973 41.24094 42.55862 42.69405 39.60825 36.59128 36.59128 35.88731 25.6585 24.97121 21.68333 22.02487 24.82835 19.37959 16.29173 16.14131 15.72997 6.697932 21.09103 39.6964 34.86283 22.76801 17.55319 22.44468 20.58429 20.37173 13.74814 17.70051 25.90998 25.95192 29.40688 82.61134 107.7223 107.7984 79.58941 49.01943 47.14808 -9999 -9999 6.447318 6.447318 6.447318 6.447318 6.447318 6.447318 6.447318 3.191571 1.679628 1.679628 1.679628 1.679628 1.679628 1.679628 1.679628 1.679628 -9999 -9999 -9999 -9999 -9999 -9999 -9999 -9999 -9999 -9999 -9999 -9999
37.29976 41.57187 41.63977 41.99881 39.52407 37.58528 36.59128 32.64563 28.61119 28.05872 23.21634 21.67453 21.67453 19.26104 16.30237 16.30237 15.3681 10.52849 26.99254 20.7732 16.91267 28.5885 27.91062 27.75391 30.77855 28.30015 15.12635 14.53777 17.77309 18.8357 25.91059 35.29208 97.48687 93.09578 48.54461 48.05675 47.14808 47.14808 47.14808 -9999 6.447318 6.447319 6.447318 6.447318 6.447318 5.213139 1.866518 1.679628 1.679628 1.679628 1.679628 1.679628 1.679628 1.679628 1.679628 -9999 -9999 -9999 -9999 -9999 -9999 -9999 -9999 -9999 -9999 -9999 -9999
39.32193 40.34903 42.3398 44.26292 44.70944 58.70415 73.01468 40.16554 28.44662 28.09348 26.01819 26.03951 22.63729 18.0723 16.30237 16.30237 11.19579 20.5606 28.81166 24.06085 20.46182 12.8885 10.77931 23.46674 30.77855 30.77855 25.74129 20.67257 22.21639 26.32863 26.6963 27.26306 71.176 61.9302 41.62595 37.00205 35.29847 34.49026 47.08588 -9999 -9999 -9999 6.447318 6.447318 6.447318 5.176835 1.679628 1.679628 1.679628 1.679628 1.679628 1.679628 1.679628 1.679628 1.679628 -9999 -9999 -9999 -9999 -9999 -9999 -9999 -9999 -9999 -9999 -9999 -9999
45.4168 45.37054 46.96748 43.53347 45.4363 92.5501 59.46053 63.04124 48.16024 15.19032 13.69023 18.11103 24.82806 47.21911 29.08567 16.30237 14.2321 23.13494 23.43473 25.61964 24.59978 10.85688 10.74833 10.94872 13.20995 16.82969 22.46238 33.17404 33.3409 31.02157 28.35042 28.35042 26.01328 25.02163 24.63274 33.09579 33.09579 33.09579 -9999 33.09579 17.30384 6.447318 6.447318 6.447318 6.447318 6.259956 1.679628 1.679628 1.679628 1.679628 -9999 -9999 -9999 -9999 -9999 -9999 -9999 -9999 -9999 -9999 -9999 -9999 -9999 -9999 -9999 -9999 -9999
55.27406 53.92271 53.92151 40.21405 30.65618 123.3122 86.05891 33.27985 31.82597 24.37498 24.53703 14.65641 71.43437 108.9562 108.7999 44.24009 37.51136 23.71464 19.85032 14.572 13.03752 10.6768 10.74833 10.74833 10.74833 10.74833 11.92101 15.38578 23.0668 26.39554 28.35042 28.35042 26.38401 23.72739 23.73667 32.01699 33.09579 33.09579 33.09579 33.09579 31.67464 13.05247 6.447318 -9999 -9999 -9999 -9999 -9999 -9999 -9999 -9999 -9999 -9999 -9999 -9999 -9999 -9999 -9999 -9999 -9999 -9999 -9999 -9999 -9999 -9999 -9999 -9999
53.25568 47.02858 53.92151 41.05717 36.2779 51.05398 144.6625 69.7476 33.27985 33.27985 32.57296 16.59936 39.64684 82.80068 80.94526 49.76375 40.54003 30.75756 11.92349 10.51772 10.51944 10.61827 10.59301 10.61809 10.60822 11.05662 13.92525 14.95831 14.95831 16.82478 27.83858 28.35042 27.26925 23.72739 23.72739 30.32884 33.09579 33.17005 33.48395 33.12276 33.09579 -9999 -9999 -9999 -9999 -9999 -9999 -9999 -9999 -9999 -9999 -9999 -9999 -9999 -9999 -9999 -9999 -9999 -9999 -9999 -9999 -9999 -9999 -9999 -9999 -9999 -9999
183.085 159.32 41.81481 43.38684 43.50607 42.31635 149.7466 134.8573 43.77474 33.27985 21.13689 16.09611 16.21914 21.65373 38.24209 89.98841 40.15145 32.52704 14.50721 11.31315 10.50879 9.913359 9.777555 10.67654 12.18049 14.3781 20.19866 16.03001 20.02262 22.74434 31.64756 32.16691 29.79309 27.73125 27.16141 27.98437 33.09579 18.02758 21.24014 24.70728 -9999 -9999 -9999 -9999 -9999 -9999 -9999 -9999 -9999 -9999 -9999 -9999 -9999 -9999 -9999 -9999 -9999 -9999 -9999 -9999 -9999 -9999 -9999 -9999 -9999 -9999 -9999
312.5388 256.7806 41.32711 43.50607 43.50032 39.31232 65.88183 71.90264 40.50379 32.82397 17.49603 17.43566 17.43566 21.28464 25.23844 26.70024 15.41094 13.68132 13.71359 13.68669 13.59003 10.26661 10.64266 12.76345 13.9605 14.51323 23.75583 26.3923 26.7893 26.79302 30.3892 33.31202 32.78743 33.87621 30.15413 -9999 16.1593 16.1593 16.1593 -9999 -9999 -9999 -9999 -9999 -9999 -9999 -9999 -9999 -9999 -9999 -9999 -9999 -9999 -9999 -9999 -9999 -9999 -9999 -9999 -9999 -9999 -9999 -9999 -9999 -9999 -9999 -9999
468.0878 322.1887 39.2757 35.47885 29.27119 23.21562 35.06506 38.54183 38.54183 29.63387 17.43566 18.82002 21.98427 25.13819 25.23844 25.52716 23.96337 16.31445 13.81893 13.95999 13.96154 13.42146 13.12474 13.9605 14.09531 19.7565 17.86056 19.36218 26.79302 26.79302 25.67293 17.63745 16.32677 21.30172 33.87621 16.1593 15.91767 15.40668 -9999 -9999 -9999 -9999 -9999 -9999 -9999 -9999 -9999 -9999 -9999 -9999 -9999 -9999 -9999 -9999 -9999 -9999 -9999 -9999 -9999 -9999 -9999 -9999 -9999 -9999 -9999 -9999 -9999
355.5667 263.0863 27.13327 27.13327 25.06883 22.68614 31.00953 38.54183 48.93791 35.22309 23.48102 25.19046 25.22157 25.23305 25.23836 25.25025 28.5319 28.70976 19.37547 13.96154 13.96154 13.96154 13.96088 14.02694 15.43296 15.58649 15.98226 25.13366 26.79302 26.79302 23.95084 16.40224 16.1593 16.1593 16.1593 14.93032 12.93072 12.56019 -9999 -9999 -9999 -9999 -9999 -9999 -9999 -9999 -9999 -9999 -9999 -9999 -9999 -9999 -9999 -9999 -9999 -9999 -9999 -9999 -9999 -9999 -9999 -9999 -9999 -9999 -9999 -9999 -9999
310.4532 169.2539 27.13327 27.13327 25.01753 22.68614 32.33852 38.71894 51.20771 28.9069 25.03963 25.00072 24.92806 24.91943 24.93567 25.03936 25.42681 27.56004 21.62925 14.29072 13.92228 13.87116 14.06739 15.18495 15.31726 15.93291 17.74217 23.84249 26.79302 21.67851 17.77886 14.51051 15.21259 16.01574 13.8851 12.56763 12.56019 -9999 -9999 -9999 -9999 -9999 -9999 -9999 -9999 -9999 -9999 -9999 -9999 -9999 -9999 -9999 -9999 -9999 -9999 -9999 -9999 -9999 -9999 -9999 -9999 -9999 -9999 -9999 -9999 -9999 -9999
40.08775 35.75423 33.00185 33.04602 27.31646 27.55616 59.79377 97.61427 203.297 178.2133 115.6245 22.84491 22.6016 24.91641 23.80771 24.8534 24.91641 23.52096 13.49742 13.94635 13.55952 12.90419 14.23792 18.098 16.99441 15.93291 15.93291 21.08781 37.18922 15.06097 12.56019 15.09204 36.82107 51.70802 13.82989 12.56019 -9999 -9999 -9999 -9999 -9999 -9999 -9999 -9999 -9999 -9999 -9999 -9999 -9999 -9999 -9999 -9999 -9999 -9999 -9999 -9999 -9999 -9999 -9999 -9999 -9999 -9999 -9999 -9999 -9999 -9999 -9999
40.08775 40.08775 35.97285 34.78861 32.50198 36.22735 93.11858 88.79758 153.9339 232.6507 307.938 265.2748 33.0371 15.93853 12.74633 14.70756 21.38342 17.26725 12.90419 13.05356 12.82213 21.11298 30.8491 31.15317 31.11761 29.49109 33.39358 47.58494 62.93882 49.64024 19.45662 64.19439 65.48974 65.63481 -9999 -9999 -9999 -9999 -9999 -9999 -9999 -9999 -9999 -9999 -9999 -9999 -9999 -9999 -9999 -9999 -9999 -9999 -9999 -9999 -9999 -9999 -9999 -9999 -9999 -9999 -9999 -9999 -9999 -9999 -9999 -9999 -9999
43.94169 41.47945 37.90763 34.77069 32.59112 33.86506 35.90729 25.34149 25.34149 41.58754 278.9939 282.3432 38.47819 15.34467 12.9008 12.73838 13.30212 12.90419 12.80345 12.58645 12.51105 14.81521 29.27732 31.15317 31.15317 34.30595 63.02731 64.33949 105.4095 196.598 300.0307 89.04165 65.63481 -9999 -9999 -9999 -9999 -9999 -9999 -9999 -9999 -9999 -9999 -9999 -9999 -9999 -9999 -9999 -9999 -9999 -9999 -9999 -9999 -9999 -9999 -9999 -9999 -9999 -9999 -9999 -9999 -9999 -9999 -9999 -9999 -9999 -9999
68.87892 68.84494 44.62941 34.87449 26.07329 26.09632 45.72873 34.83642 25.34149 25.34149 54.22612 106.1348 25.34149 25.34149 24.51628 19.70336 14.42679 27.0484 39.35582 40.34855 30.35553 13.54028 24.37212 52.78191 61.84483 56.90623 64.33949 64.33949 104.9323 488.8102 699.0731 440.1431 65.63481 -9999 -9999 -9999 -9999 -9999 -9999 -9999 -9999 -9999 -9999 -9999 -9999 -9999 -9999 -9999 -9999 -9999 -9999 -9999 -9999 -9999 -9999 -9999 -9999 -9999 -9999 -9999 -9999 -9999 -9999 -9999 -9999 -9999 -9999
69.2235 69.22227 68.68791 31.9727 24.97771 26.57547 46.97804 46.47762 25.48327 25.34149 25.34149 25.34149 25.34149 25.34149 25.37684 23.24437 18.27726 36.1501 57.16415 57.16415 51.79606 149.8414 197.2603 84.26403 75.3011 70.7224 66.94981 69.45701 186.066 532.0291 1229.468 -9999 -9999 -9999 -9999 -9999 -9999 -9999 -9999 -9999 -9999 -9999 -9999 -9999 -9999 -9999 -9999 -9999 -9999 -9999 -9999 -9999 -9999 -9999 -9999 -9999 -9999 -9999 -9999 -9999 -9999 -9999 -9999 -9999 -9999 -9999 -9999
69.2235 69.16828 68.09603 20.99522 21.83097 25.78838 36.7656 51.03597 32.87634 25.32609 23.96324 22.27628 23.96649 25.53297 25.66963 25.51758 21.69732 28.47699 37.05389 38.70485 146.6805 363.5597 414.791 279.6941 193.5249 73.9853 72.78999 167.8896 315.6812 1561.802 3040.92 -9999 -9999 -9999 -9999 -9999 -9999 -9999 -9999 -9999 -9999 -9999 -9999 -9999 -9999 -9999 -9999 -9999 -9999 -9999 -9999 -9999 -9999 -9999 -9999 -9999 -9999 -9999 -9999 -9999 -9999 -9999 -9999 -9999 -9999 -9999 -9999
177.8769 69.0459 68.45679 21.62672 20.67625 23.8614 26.39441 39.1122 31.99768 22.20804 20.10329 20.10329 20.37661 24.42015 25.69246 24.05876 16.52139 14.11773 14.11773 14.11773 89.44793 191.5992 332.2495 434.5237 193.283 94.66204 127.7829 200.4708 1550.935 2812.948 3040.92 3040.92 -9999 -9999 -9999 -9999 -9999 -9999 -9999 -9999 -9999 -9999 -9999 -9999 -9999 -9999 -9999 -9999 -9999 -9999 -9999 -9999 -9999 -9999 -9999 -9999 -9999 -9999 -9999 -9999 -9999 -9999 -9999 -9999 -9999 -9999 -9999
513.8187 72.23695 68.19416 23.57814 25.19972 22.24909 22.09657 22.09657 22.04101 21.06528 20.64518 20.11037 20.10329 20.28644 23.40178 25.06025 23.82481 14.11773 14.11773 14.11773 14.11773 19.77662 82.88046 185.4276 155.6989 155.4549 150.6283 148.0779 1430.162 2668.509 3040.92 3040.92 -9999 -9999 -9999 -9999 -9999 -9999 -9999 -9999 -9999 -9999 -9999 -9999 -9999 -9999 -9999 -9999 -9999 -9999 -9999 -9999 -9999 -9999 -9999 -9999 -9999 -9999 -9999 -9999 -9999 -9999 -9999 -9999 -9999 -9999 -9999
195.1049 55.11372 51.74308 31.86216 29.26175 27.68404 23.77519 22.34762 27.77777 36.77716 23.32349 20.56323 20.44028 21.85132 22.74172 22.66298 17.60815 14.16648 14.14377 15.57114 16.16222 14.55447 25.48421 33.19006 57.32095 94.33576 112.3762 115.5089 101.7376 691.9426 1484.734 209.5549 -9999 -9999 -9999 -9999 -9999 -9999 -9999 -9999 -9999 -9999 -9999 -9999 -9999 -9999 -9999 -9999 -9999 -9999 -9999 -9999 -9999 -9999 -9999 -9999 -9999 -9999 -9999 -9999 -9999 -9999 -9999 -9999 -9999 -9999 -9999
46.03939 46.03939 44.69077 34.36128 28.93142 28.06791 33.00409 45.96914 53.8173 51.55581 28.98591 21.48716 21.61397 22.76183 22.69596 16.12115 14.21762 14.21762 21.88408 49.17985 44.51577 31.40543 32.58937 35.1237 31.34766 65.28648 90.23576 90.23576 106.3775 162.2179 293.148 519.5126 -9999 -9999 -9999 -9999 -9999 -9999 -9999 -9999 -9999 -9999 -9999 -9999 -9999 -9999 -9999 -9999 -9999 -9999 -9999 -9999 -9999 -9999 -9999 -9999 -9999 -9999 -9999 -9999 -9999 -9999 -9999 -9999 -9999 -9999 -9999
46.03939 41.46617 40.44905 28.06791 28.06791 28.06791 28.06791 54.60964 54.60964 34.28508 27.26379 29.02184 30.1661 21.93547 15.97265 14.22467 14.21762 14.24111 41.65444 49.57609 49.57609 49.34444 48.90767 47.91447 44.3876 45.92874 59.79989 60.2249 79.41525 134.0225 285.7072 835.9808 -9999 -9999 -9999 -9999 -9999 -9999 -9999 -9999 -9999 -9999 -9999 -9999 -9999 -9999 -9999 -9999 -9999 -9999 -9999 -9999 -9999 -9999 -9999 -9999 -9999 -9999 -9999 -9999 -9999 -9999 -9999 -9999 -9999 -9999 -9999
