GISdata/Popn density Bulgaria 2015.asc
ncols         168
nrows         96
xllcorner     22
yllcorner     41
cellsize      0.0416666666667
NODATA_value  -9999
[rows 29 to 57 of 96, columns 66 to 131 of 168]
-9999 -9999 -9999 -9999 -9999 -9999 -9999 -9999 -9999 -9999 -9999 -9999 -9999 -9999 -9999 -9999 -9999 -9999 -9999 -9999 -9999 -9999 -9999 -9999 -9999 22.71188 23.09572 173.9619 259.0938 195.0498 103.4859 180.4312 155.5668 286.6974 308.0567 201.9514 30.78096 30.64669 30.51295 30.5129 30.85133 34.33557 36.24244 39.35241 39.36332 39.51698 39.33744 39.56981 49.14709 55.63605 56.79401 56.79401 50.16156 45.69741 43.60101 43.60101 43.60101 43.60101 43.60101 42.70418 39.04259 34.69938 34.44072 34.44072 34.44072 34.44072
28.2734 28.09003 27.71983 27.71983 27.71983 27.71983 27.71983 28.32344 -9999 -9999 -9999 -9999 -9999 -9999 -9999 -9999 -9999 -9999 -9999 -9999 -9999 -9999 -9999 -9999 22.92527 22.71188 22.71188 22.71188 22.71188 22.71188 22.71188 22.71188 25.31912 34.36396 36.33612 30.5129 30.5129 30.5129 30.5129 30.5129 30.5129 30.5129 30.5129 49.80931 45.55797 39.336 39.336 41.08984 56.79401 56.79401 56.79401 56.79401 56.79401 55.24083 45.02738 41.5069 40.83733 43.23488 43.60101 40.58791 34.50137 34.44072 34.44072 34.44072 34.44072 34.44072
28.2734 28.13043 27.71983 27.71983 27.71983 28.30897 28.80878 31.57502 32.41254 32.41254 32.61081 52.90411 57.88245 57.88245 -9999 -9999 -9999 -9999 -9999 -9999 21.24098 22.92198 23.30396 23.30396 23.29276 22.95494 22.77053 22.71188 22.71188 22.71188 22.71188 22.71188 23.29543 29.72794 30.49593 30.5129 30.5129 30.5129 30.5129 30.5129 30.5129 30.5129 30.70121 61.50502 62.78442 54.07687 55.60147 51.89701 56.79401 56.79401 49.38235 46.79617 51.77586 56.77636 54.72181 39.68273 39.68273 40.36777 41.97555 42.28677 36.99669 34.44072 34.44072 34.44072 34.44072 37.04101
28.2734 28.00755 27.71983 27.71983 27.71983 31.09109 32.16777 32.41254 32.41254 32.41254 38.33894 57.88245 57.88245 57.88245 57.88245 57.88245 57.88245 44.48705 21.63661 21.24098 21.24098 21.48588 23.15563 23.30396 23.30396 23.30396 23.37626 25.67962 24.67141 22.71188 22.71188 23.45096 24.98518 27.33934 28.35384 28.51264 28.84168 34.28683 51.13473 52.04245 49.95688 50.31778 59.94538 71.87318 71.87318 71.87318 70.51194 59.10586 56.79401 50.30017 32.80048 27.82502 27.82502 39.48281 42.5265 39.68273 39.68273 39.68273 39.68273 35.95145 28.16027 29.34943 34.44072 33.19035 33.63115 50.3992
28.2734 28.06579 27.71983 27.71983 27.71983 28.03602 30.48357 32.41254 32.41254 32.41254 32.41906 53.61862 57.88245 57.88245 57.88245 57.88245 57.88245 57.41748 33.99869 21.24098 21.24098 21.24098 21.4661 22.37209 23.20935 23.30396 25.24697 29.97626 29.85673 25.39493 22.71353 24.11846 28.27449 28.27449 28.27449 28.27449 28.27449 28.4613 63.73327 71.87318 71.87318 71.87318 71.87318 71.87318 71.87318 71.87318 71.83631 44.61553 32.99298 29.05384 27.82502 31.86967 34.0456 34.45471 35.3558 38.79965 39.68273 39.68273 34.42794 28.55722 26.84912 26.86178 27.5898 26.84947 28.33421 41.22233
95.0419 116.4748 36.38319 27.71983 27.71983 28.41916 29.96843 28.83981 31.26784 32.41254 36.4653 57.22068 57.88245 57.88245 57.88245 57.88245 57.88245 50.52816 22.17317 21.24098 21.24098 21.24098 21.24098 21.31152 23.13594 23.30396 27.21339 29.97626 29.97626 29.97626 29.36403 29.77952 28.97923 28.27449 28.27449 31.85008 31.10096 28.84685 65.74686 71.87318 71.87318 71.87318 71.87318 71.87318 71.87318 71.87318 71.73962 38.89678 27.82502 28.83288 33.77136 35.28299 35.2833 35.2833 35.31899 39.46436 39.68273 39.29785 30.30116 26.84912 26.84912 26.84912 27.77209 28.6989 29.24045 29.26024
155.9352 154.3293 102.361 42.90004 27.73979 27.71983 35.21705 36.11566 32.39272 37.7468 50.37445 55.99282 57.88245 57.88245 57.88245 57.88245 57.88245 57.88245 40.68407 21.24098 23.61524 24.17378 22.64444 26.92892 29.52379 23.30396 26.63914 29.97626 29.97626 29.97626 29.97626 35.04124 37.77398 37.54535 39.65476 38.60261 36.27461 39.97635 65.57532 71.87318 71.87318 71.87318 71.87318 71.87318 71.87318 70.82841 48.8017 28.0027 27.83443 28.02957 32.25795 35.2833 35.2833 33.16557 30.04705 25.60691 37.31319 45.08217 32.0342 27.60398 39.24477 37.60569 47.07053 29.26024 29.26024 29.26024
155.9352 155.9352 155.9352 154.2287 86.73151 48.34842 50.50893 49.59047 48.72842 50.56733 50.69646 57.75413 57.88245 57.88245 57.88245 57.88245 57.88245 54.81787 43.96352 31.61714 35.5132 33.82442 32.40793 35.7858 35.78351 27.92049 26.42456 29.70452 29.97626 29.97626 30.71193 41.23401 41.80631 41.80631 41.80631 37.51245 36.27461 36.27461 40.98196 71.72612 70.24572 70.36761 63.24353 71.22546 59.66713 35.22216 29.76848 29.61314 26.66363 23.45055 23.91604 28.47147 32.71928 23.53202 23.35882 23.35882 48.04062 59.94928 57.46681 55.69841 59.94928 59.93545 51.08123 28.82419 29.26024 29.26024
153.5568 126.1474 125.9517 69.69742 34.52259 49.87567 50.56733 50.56733 50.56733 54.6079 55.57059 57.13065 57.88245 57.88245 57.88245 57.88245 51.97385 38.14998 32.80716 33.16131 35.73482 35.7858 35.7858 35.7858 35.7858 35.7858 35.7858 34.13932 31.57426 30.1065 35.1436 37.63292 39.24434 40.05697 40.31124 37.21929 36.27461 36.27461 36.27461 39.17252 36.78326 32.47189 30.26428 34.06368 29.76848 29.76848 29.76848 29.76848 27.01377 23.69906 23.35882 23.35882 23.35882 23.71979 23.85137 24.45672 39.50572 49.23238 59.8851 59.94928 59.94928 56.81944 33.26113 24.96127 28.37164 29.26024
97.97337 30.17489 30.17489 30.17489 34.52206 43.97883 42.46667 47.82742 50.56733 50.56756 50.65919 55.29214 57.34633 49.40113 47.17458 45.19679 40.53994 32.80716 32.80716 32.80716 33.13644 34.18182 34.42549 34.47079 35.78447 35.7858 35.7858 35.7858 35.7162 35.64291 36.25298 36.27461 36.27461 36.27461 36.27461 36.27461 36.27461 36.27461 36.27461 35.88823 33.04411 29.87059 29.76848 30.01073 29.76848 29.76848 33.79572 32.1569 40.88163 63.38684 83.13583 68.39941 67.01084 69.34075 135.3921 100.3609 52.27322 37.67059 48.50317 59.94928 59.94928 49.21371 24.63874 24.45982 25.21533 27.1667
136.0268 109.7378 60.44453 30.17489 30.17489 30.15274 24.56211 24.12131 49.31314 50.56733 50.79671 52.09855 47.49126 43.35669 43.35669 43.35669 38.0887 32.80716 32.80716 32.80716 32.80716 32.80716 32.80716 32.80716 33.38038 32.11321 30.9142 31.19408 29.95568 35.38904 35.92972 36.27461 36.27461 36.27461 36.27461 36.27461 36.27461 36.27461 33.11418 30.33603 29.78293 49.60638 63.53523 74.29107 63.84573 46.26844 65.3851 74.80004 107.022 142.269 142.269 142.269 142.269 142.269 142.269 142.269 142.269 94.60282 36.08553 48.03441 58.57918 59.83735 33.18596 24.45982 24.45982 24.45982
115.2317 89.32314 43.40031 33.57399 36.80495 40.27573 24.56082 21.19438 37.39467 50.3456 50.41301 48.18551 44.00515 43.35669 43.35669 43.35669 42.66374 35.39291 32.81517 32.80716 32.80716 32.80716 32.80716 32.80716 86.70017 84.3847 29.62529 29.62529 29.62529 30.54883 31.36112 32.37146 35.48507 36.27461 36.27461 36.27461 36.27461 36.27461 35.75901 32.13181 33.01586 75.09909 75.31509 75.31509 75.31509 75.31509 75.31509 76.42905 137.9999 142.269 142.269 142.269 142.269 142.269 142.269 139.5989 62.80801 33.86259 32.08068 32.08068 32.39056 31.15381 24.45982 26.5163 31.51493 36.57069
53.02918 53.02918 53.02918 52.75694 52.89013 53.02918 41.669 21.19438 21.19438 25.49544 31.05972 43.35669 43.35669 43.35669 43.35669 43.35669 43.35669 43.35669 40.64196 44.86673 43.92801 49.48027 54.37997 77.12179 139.7818 59.18218 29.62529 29.62529 29.62529 29.62529 29.62529 30.09941 34.9492 36.27461 36.27461 36.27461 36.27461 36.27461 42.03326 55.48106 63.73091 75.31042 75.31509 75.31509 75.31509 75.31509 75.31509 75.31509 79.85161 59.62644 58.19356 76.71545 132.8132 142.269 142.269 142.2471 67.61082 45.77176 32.08068 32.08068 32.08068 38.20267 39.58093 49.65436 49.91212 49.77088
53.02918 53.02918 53.02918 53.02918 53.01503 32.66421 21.36504 21.19438 21.19438 19.73936 24.70904 42.71024 43.35669 43.35669 43.35669 43.35669 43.35669 56.44696 68.7673 78.7289 78.7289 109.4514 139.7861 139.7861 139.7861 122.2735 126.2097 82.77942 29.62529 29.62529 29.62529 29.62529 31.60291 22.20265 23.60306 20.40007 24.50023 25.84472 31.88402 70.24091 75.31509 75.31509 75.31509 75.31509 75.31509 75.31509 75.31509 69.55203 50.91241 45.56325 45.56325 45.56325 94.79768 142.269 142.269 142.269 142.269 141.2236 96.91968 35.59825 32.08068 38.63877 49.90519 49.91212 49.91212 49.91212
53.02918 53.02918 53.02918 53.02918 53.02918 33.35652 27.64421 24.64419 21.59828 17.76779 17.08521 25.12247 34.16662 43.35669 43.35669 43.35669 43.35669 65.61784 78.7289 78.7289 81.18368 137.2832 139.7861 139.7861 139.7861 139.7861 138.6839 87.09766 54.68589 29.66769 29.62529 29.62529 24.72353 13.34438 12.46982 12.46982 12.46982 12.85842 15.78086 40.78967 61.67806 60.19956 74.88245 75.31509 75.31509 75.31509 64.81408 53.54977 45.56325 45.56325 45.56325 45.56325 73.5523 126.5782 142.269 142.269 142.269 142.269 142.269 123.4384 49.54158 49.89128 49.91212 49.91212 49.91212 49.91212
53.02918 53.02918 53.02918 53.02918 50.19727 35.19039 31.3718 31.3718 27.97817 18.13747 17.03057 17.03057 25.29243 43.35669 47.98742 57.94515 45.60948 66.85693 78.7289 78.7289 78.7289 115.0272 139.7861 139.496 122.5426 127.7363 82.14703 74.14055 65.83559 36.52491 29.55927 29.62529 15.12428 12.46982 12.46982 12.46982 12.46982 30.80804 48.32245 48.33551 48.33551 51.427 64.92451 65.27015 71.60734 75.31509 37.67622 21.86259 27.85651 40.4744 45.56325 45.56325 45.56325 49.27863 102.5409 127.1058 140.9364 130.3495 104.5901 61.2444 49.91212 49.91212 49.91212 49.73956 49.59504 49.91212
53.02918 53.02918 53.02918 53.02918 37.98349 31.3718 31.3718 31.3718 31.3718 29.31277 21.48119 18.51988 21.41157 36.3288 69.7813 77.79576 75.23987 78.7289 78.7289 78.7289 78.7289 82.90597 97.54224 96.36842 74.14108 74.14108 72.66209 44.16462 15.05453 15.05453 19.36587 19.94517 12.71009 12.46982 12.46982 12.46982 12.46982 24.36819 48.33551 48.33551 48.33551 48.33551 48.33551 48.33551 48.67058 55.78009 43.81561 21.49977 21.49977 21.57556 34.88804 44.1023 44.64132 32.92442 19.02015 16.36121 25.20159 21.81892 17.05839 28.74496 40.35591 41.83754 42.22775 36.94863 41.083 48.02909
53.02918 53.02918 53.02918 53.02918 42.07409 31.3718 31.3718 31.3718 31.3718 31.3718 31.3718 31.3718 31.3718 33.20328 72.92496 71.11607 78.39388 78.7289 78.7289 78.7289 78.7289 78.7289 78.7289 78.51261 74.54161 74.14108 51.09786 15.05453 15.05453 15.05453 15.05453 15.05453 13.66748 12.49165 12.46982 12.46982 12.46982 41.68301 46.23857 48.33551 48.33551 48.33551 48.33551 48.33551 48.28194 33.30423 21.49977 21.49977 21.49977 21.49977 21.49977 20.06185 16.82617 16.51888 16.36121 16.36121 16.36121 17.26069 19.94539 23.01215 31.13374 35.74638 35.74638 35.74638 35.81737 35.87684
52.08391 47.32616 39.67649 35.80284 33.88274 31.3718 31.3718 31.3718 31.3718 31.3718 31.3718 31.3718 31.3718 33.51262 36.09265 36.09265 42.29614 38.37673 47.5404 60.80166 70.94507 78.7289 78.7289 78.7289 78.69624 77.45724 67.1973 16.01016 15.05453 14.94986 14.5046 15.0394 15.02629 13.51731 12.46982 12.46982 12.98214 25.25764 30.10923 33.37815 41.66253 40.85805 36.92252 42.68049 39.7453 22.61558 21.49977 21.49977 21.49977 21.49977 20.64794 16.79518 16.36121 16.36121 16.36121 16.36121 20.99017 32.80565 35.74638 35.74638 35.74638 35.74638 35.74638 35.74638 35.74638 36.01291
35.06974 34.73543 34.44898 31.3718 31.3718 31.3718 31.3718 31.3718 31.3718 31.3961 64.00822 66.28268 51.42236 65.32963 43.70324 36.57219 41.91225 36.09265 36.09265 36.09279 51.63847 78.7289 78.7289 78.40984 75.48414 75.25465 75.8031 17.69382 14.27864 14.07125 14.00843 14.2279 14.17657 13.36143 12.7174 14.60494 21.00641 24.81669 24.81669 24.81669 24.81669 24.81669 24.81669 22.64664 21.49977 21.49977 21.49977 21.49977 21.49977 21.49977 18.74308 16.36121 16.36121 16.36121 16.36121 16.36121 17.62459 26.82592 36.86287 40.52684 40.78325 40.16479 38.65076 35.79894 35.74638 35.74638
34.73543 33.35201 31.18142 31.20122 31.3718 31.3718 31.3718 31.3718 31.3718 38.26517 90.94574 108.055 108.055 108.055 108.055 107.3467 106.9347 41.46532 36.09265 43.24702 78.7289 78.7289 78.7289 61.39793 14.00843 14.00843 15.09341 14.00843 14.00843 14.00843 14.00843 14.00843 14.00843 14.00843 50.2331 37.05784 24.81669 24.81669 24.81669 24.81669 24.81669 24.81669 24.81669 23.11006 19.57508 19.58664 21.49977 21.48258 19.99611 18.04696 17.97919 16.9966 16.84623 16.95537 17.1538 23.8358 35.48672 41.52421 43.34226 43.40203 43.40203 43.40203 43.40203 41.16255 37.32004 36.49123
34.73543 27.49111 13.986 24.22856 31.29194 31.3718 31.3718 31.3718 31.3718 59.03094 108.055 108.055 108.055 108.055 108.055 108.055 108.055 69.22749 41.63359 41.43297 57.50684 70.57118 78.7289 75.52809 22.33675 14.00843 14.00843 14.00843 14.00843 14.00843 14.00843 15.0098 40.13212 72.22092 89.87685 57.15894 24.81669 24.81669 24.81669 24.81669 24.81669 24.81669 24.81669 24.81669 18.13085 17.40475 17.54791 17.52021 17.122 17.122 17.122 17.122 17.122 17.122 17.2557 25.95463 42.5952 43.40203 43.40203 43.40203 43.40203 43.40203 43.40203 43.40203 43.09492 44.49012
34.73543 34.38586 16.14597 13.986 16.55107 29.54797 31.3718 31.3718 31.3718 41.30104 84.61035 108.055 108.055 108.055 108.055 108.055 105.2662 59.4797 45.04113 45.04113 45.04113 53.84002 78.65415 78.7289 43.87905 14.00843 14.00843 14.00843 14.00843 14.00843 14.00843 20.15985 87.44547 89.9715 89.9715 79.30625 53.28852 42.01186 24.90367 24.81669 24.81669 24.81669 24.81669 24.81669 20.72524 17.122 17.122 17.122 17.122 17.122 17.122 17.122 17.122 17.122 17.122 19.32212 31.24427 43.40203 43.40203 43.40203 43.40203 43.40203 43.40203 43.40203 43.40203 48.08702
34.73543 34.65557 21.83865 13.986 13.986 16.43231 29.60555 31.3718 31.3718 31.3718 32.62674 94.14374 108.055 108.055 108.055 108.055 79.89472 45.04113 45.04113 45.04113 46.32269 75.87988 78.7289 76.46272 24.49581 14.00843 14.00843 14.00843 14.00843 14.00843 19.89503 27.22066 29.22265 70.90942 89.9715 89.9715 89.9715 89.9715 75.89179 51.3001 56.76294 45.03506 24.81669 24.81669 19.81135 17.70272 17.122 17.122 17.122 17.122 17.122 17.122 17.122 19.6874 28.31996 34.45263 48.09543 48.60025 43.40203 44.62414 45.27225 44.0762 46.89803 44.6358 44.00644 48.80376
34.73543 34.73543 34.72842 16.48927 13.986 13.986 18.7957 31.3718 31.3718 31.3718 30.88982 83.93381 107.8804 108.055 108.055 108.055 104.775 53.96987 45.65037 45.04113 45.04113 61.68084 73.61101 40.704 16.51249 16.38534 21.83346 19.91164 22.94055 25.6404 27.877 27.88572 27.88572 55.11223 89.9715 89.9715 89.9715 89.9715 89.9715 89.9715 89.9715 89.3449 43.51331 24.81669 24.81669 24.54126 19.77588 17.122 17.122 17.122 17.122 17.122 26.23226 29.97284 31.23199 40.8602 52.44971 62.0108 60.07875 62.00922 62.0118 62.0118 62.0118 61.63282 59.37524 57.13013
45.49624 47.95123 43.72717 21.70873 14.01094 23.40031 34.45235 26.69181 27.41937 23.98785 22.61023 67.6172 91.52941 93.49978 95.16816 98.25238 101.8862 89.89942 79.5572 34.1219 28.14364 33.41478 19.85845 17.30975 17.30975 17.30975 24.38433 27.88572 27.88572 27.88572 27.88572 27.88572 28.2372 37.36119 89.89914 89.9715 89.9715 89.9715 89.9715 89.9715 89.9715 89.9715 66.74055 30.76235 24.81669 26.79713 23.85309 18.34879 17.122 17.122 20.43003 26.89988 31.23199 31.23199 31.23199 31.23199 50.25831 62.0118 62.0118 62.0118 62.0118 62.0118 62.0118 62.0118 146.6544 158.4567
53.46051 53.46051 53.46051 52.93402 50.16885 53.46051 51.41074 22.46391 22.44765 22.44765 22.44765 41.34414 88.99717 89.00638 89.00638 89.00638 89.00638 89.00638 88.18187 28.00423 27.34069 27.25248 23.73613 17.44476 17.30975 17.30975 20.06453 27.88572 27.88572 27.88572 27.88572 27.88572 53.01925 86.78066 89.9715 89.9715 89.9715 89.9715 89.9715 89.9715 89.9715 89.9715 89.9715 78.23866 65.35201 87.75084 41.21287 20.25094 19.47677 19.59801 25.05114 31.23199 31.23199 31.23199 31.23199 31.23199 36.26475 62.00502 62.0118 62.0118 62.0118 62.0118 99.20258 146.9841 287.7913 335.6653
53.46051 53.46051 53.46051 53.46051 53.46051 53.46051 52.89877 24.15324 22.44765 22.44765 22.44765 22.44765 51.65383 80.82446 89.00638 89.00638 89.00638 89.00638 85.01583 27.65725 27.34069 27.34069 27.34069 20.19271 25.61327 24.19393 18.18916 26.87079 27.88572 27.95551 28.77637 27.88572 79.64604 89.9715 89.9715 89.9715 89.9715 89.9715 89.9715 89.9715 89.9715 89.9715 89.9715 89.9715 89.9715 71.75544 29.96693 21.03961 23.68667 30.46434 30.78218 31.23199 31.23199 31.23199 31.23199 31.23199 32.96553 49.87798 54.96387 53.37391 131.5791 204.3671 326.697 335.6653 335.6653 335.6653
53.46051 53.46051 53.46051 53.46051 53.46051 53.46051 45.78736 22.96045 22.44765 22.44765 22.44765 22.44765 22.44765 60.07192 89.00638 89.00638 89.00638 89.00638 86.84505 31.8679 27.34069 27.34069 27.34069 27.3181 35.867 40.82077 28.5049 23.35754 39.02016 42.32102 37.45345 34.53808 59.22306 78.18612 89.9715 89.9715 89.9715 89.9715 89.9715 89.9715 89.9715 89.9715 85.10043 82.31555 51.09154 21.34321 21.03961 21.03961 21.03961 27.70669 31.23199 31.23199 31.23199 31.23199 31.23199 31.23199 31.42667 33.27345 34.25777 42.60661 128.44 115.3647 204.4771 303.0435 335.6653 335.6653
