GISdata/Popn density Latvia 2015.asc
ncols         216
nrows         96
xllcorner     20
yllcorner     55
cellsize      0.0416666666667
NODATA_value  -9999
[rows 29 to 57 of 96, columns 132 to 197 of 216]
10.37107 7.469204 7.252128 7.146847 6.892509 6.556981 6.373746 6.373746 6.123698 5.372622 12.79844 232.0724 339.1082 73.73496 5.372103 5.372103 -9999 -9999 -9999 -9999 -9999 -9999 -9999 -9999 -9999 -9999 -9999 -9999 -9999 -9999 -9999 -9999 -9999 -9999 -9999 -9999 -9999 -9999 -9999 -9999 -9999 -9999 -9999 -9999 -9999 -9999 -9999 -9999 -9999 -9999 -9999 -9999 -9999 -9999 -9999 -9999 -9999 -9999 -9999 -9999 -9999 -9999 -9999 -9999 -9999 -9999
11.57679 8.692234 7.367304 7.526394 5.650663 3.44674 2.776 1.785419 5.028485 5.372103 5.372103 5.372103 5.372103 5.372103 5.372103 5.372103 5.372103 -9999 -9999 -9999 -9999 -9999 -9999 -9999 -9999 -9999 -9999 -9999 -9999 -9999 -9999 -9999 -9999 -9999 -9999 -9999 -9999 -9999 -9999 -9999 -9999 -9999 -9999 -9999 -9999 -9999 -9999 -9999 -9999 -9999 -9999 -9999 -9999 -9999 -9999 -9999 -9999 -9999 -9999 -9999 -9999 -9999 -9999 -9999 -9999 -9999
7.813283 7.367304 7.561009 8.42963 6.203938 0 0 0.9030066 3.514696 4.785889 5.067257 5.307909 5.44742 5.372103 5.372103 5.114499 4.202826 3.294298 -9999 -9999 -9999 -9999 -9999 -9999 -9999 -9999 -9999 -9999 -9999 -9999 -9999 -9999 -9999 -9999 -9999 -9999 -9999 -9999 -9999 -9999 -9999 -9999 -9999 -9999 -9999 -9999 -9999 -9999 -9999 -9999 -9999 -9999 -9999 -9999 -9999 -9999 -9999 -9999 -9999 -9999 -9999 -9999 -9999 -9999 -9999 -9999
15.19714 8.352129 8.399176 8.472998 71.90844 92.80274 84.94157 3.130841 3.70924 3.70924 3.709361 4.952676 5.804307 5.688693 5.181179 3.328419 3.294298 3.294298 3.294298 -9999 -9999 -9999 -9999 -9999 -9999 -9999 -9999 -9999 -9999 -9999 -9999 -9999 -9999 7.164089 7.164089 -9999 -9999 -9999 -9999 -9999 -9999 -9999 -9999 -9999 -9999 -9999 -9999 -9999 -9999 -9999 -9999 -9999 -9999 -9999 -9999 -9999 -9999 -9999 -9999 -9999 -9999 -9999 -9999 -9999 -9999 -9999
33.98813 28.30519 12.55726 15.92283 42.50888 17.21659 3.712085 3.70924 3.843315 4.213715 5.350852 5.787564 5.804323 5.804323 4.931429 3.294298 3.294298 3.294298 3.294298 3.294298 8.714787 -9999 -9999 -9999 -9999 -9999 -9999 -9999 -9999 5.436229 -9999 5.436229 7.164089 7.164089 7.164089 7.164089 7.164089 7.164089 -9999 -9999 -9999 -9999 -9999 -9999 -9999 -9999 -9999 -9999 -9999 -9999 -9999 -9999 -9999 -9999 -9999 -9999 -9999 -9999 -9999 -9999 -9999 -9999 -9999 -9999 -9999 -9999
15.35043 10.24586 10.25141 10.25214 10.34528 9.3702 6.839965 3.963681 3.709243 4.29471 5.804323 6.210031 6.741386 6.921323 6.164701 3.900343 3.422812 3.294298 3.294298 3.432076 7.374223 8.714787 8.714788 8.714787 -9999 -9999 -9999 5.436229 31.94761 6.443911 5.436229 5.721076 8.559058 8.358515 7.524541 7.391862 7.451614 7.931699 8.093843 6.520937 3.951611 3.951611 3.951611 -9999 -9999 -9999 -9999 -9999 -9999 -9999 -9999 -9999 -9999 -9999 -9999 -9999 -9999 -9999 -9999 -9999 -9999 -9999 -9999 -9999 -9999 -9999
14.26014 10.24839 10.26624 10.3304 10.34756 10.12405 7.30393 6.700757 3.85232 4.308516 6.036532 9.602075 9.663004 9.663004 9.639444 8.359945 8.00406 6.679347 5.312909 4.824275 6.817994 8.714787 8.714787 8.714788 8.242642 7.083484 6.525348 5.436229 72.04694 36.77586 5.446769 5.715416 8.977764 9.119541 8.817779 8.093843 8.093843 7.868615 5.567174 4.988544 3.951611 3.951611 3.951611 3.951611 5.778054 6.542572 6.542572 6.542572 6.542572 6.542572 -9999 -9999 -9999 -9999 -9999 -9999 -9999 -9999 -9999 -9999 -9999 -9999 -9999 -9999 -9999 -9999
17.44666 12.95049 11.09853 10.9732 12.6476 13.49301 14.23991 16.32277 16.66909 14.55288 12.81173 11.246 9.663004 9.663004 9.663004 9.069783 8.328459 8.093914 8.093914 8.19397 7.726528 6.782217 8.51659 8.636706 7.472704 7.083484 6.443777 5.70154 6.027918 6.331269 7.675068 8.00162 8.119756 8.154741 8.189 8.094075 8.093844 7.274549 4.989939 4.766194 4.926641 4.398602 5.666506 5.153853 6.263613 6.542572 6.542572 6.542572 6.542572 6.542572 -9999 -9999 -9999 -9999 -9999 -9999 -9999 -9999 -9999 -9999 -9999 -9999 -9999 -9999 -9999 -9999
15.30839 14.41487 13.19534 16.28523 15.25674 14.17161 14.17161 17.06487 20.14973 271.7435 102.9211 8.185701 8.671052 9.61868 9.741562 10.02579 9.555504 8.096846 7.964404 6.056292 5.196741 5.196741 5.758173 7.335182 7.083484 7.083484 7.083484 7.082997 7.094398 7.607745 8.101115 8.101115 8.101115 8.101115 8.101115 8.100423 141.8758 325.2267 245.1702 7.63317 7.630136 7.599179 7.63317 7.545533 6.782356 6.729605 5.999301 5.412386 5.300895 4.28372 4.28372 -9999 -9999 -9999 -9999 -9999 -9999 -9999 -9999 -9999 -9999 -9999 -9999 -9999 -9999 -9999
22.81416 14.60667 15.8955 21.94948 18.60568 10.14886 10.13598 8.2277 16.04953 149.8457 32.59622 5.7843 5.784897 8.915311 10.82306 10.83189 10.83189 10.02155 8.206975 5.763926 5.196741 5.196741 5.196741 5.998902 6.406497 6.512856 7.201841 7.692289 7.706056 7.692141 7.563991 7.768108 8.063965 8.101115 8.101115 8.101115 33.88581 71.65319 8.151973 8.114002 7.656121 7.633171 7.632679 7.633171 6.610974 5.189838 4.340069 4.28372 4.28372 4.28372 4.28372 4.28372 4.28372 -9999 -9999 -9999 -9999 -9999 -9999 -9999 -9999 -9999 -9999 -9999 -9999 -9999
38.50341 22.64888 22.31197 22.31197 22.3119 12.45857 7.879375 7.328923 6.79753 5.923704 5.7843 5.7843 6.027524 8.603541 10.34869 10.40064 9.740076 10.61079 9.070146 5.258014 5.196741 5.373243 5.680673 5.931865 5.969344 5.969344 6.184173 7.224926 7.368183 6.5514 6.439613 6.559675 7.225135 7.8803 8.262631 10.14607 11.2474 10.7255 8.974954 9.110482 8.974246 6.663899 6.401881 6.298778 6.028162 4.646248 4.28372 4.28372 4.28372 4.28372 4.28372 4.28372 5.95188 8.787092 8.787092 -9999 -9999 -9999 -9999 -9999 -9999 -9999 -9999 -9999 -9999 -9999
35.32709 22.28741 22.1661 22.31197 22.31197 15.81219 6.690732 5.848968 5.7843 5.7843 5.7843 5.7843 5.859845 7.468981 9.248744 9.26927 9.244488 9.297686 7.556007 5.779007 5.682562 5.77549 5.917175 5.969344 5.969344 5.969344 5.969344 5.969344 6.132372 8.186279 10.93768 10.10186 9.426812 8.663411 10.73878 10.93814 9.114659 7.277259 6.829 8.005508 8.134558 6.175066 6.175066 6.175066 6.124237 4.973224 4.28372 4.28372 4.28372 4.28372 5.740851 6.792845 8.226995 8.787092 8.701675 8.603885 7.559411 -9999 -9999 -9999 -9999 -9999 -9999 -9999 -9999 -9999
12.75793 12.75633 15.12139 14.25663 13.50463 12.91728 7.313752 7.39231 7.197409 7.494841 7.501719 7.640768 7.428782 8.599039 9.762259 9.728349 9.760441 10.61496 11.22504 9.240916 7.463312 6.095642 5.969344 5.969344 5.969344 5.969344 5.969344 6.476721 11.0885 11.80695 12.22423 12.19039 11.12541 10.13998 10.13998 10.13998 9.722162 7.654424 6.591358 6.721447 6.705482 6.305707 6.241859 6.867804 7.042251 5.122566 5.249903 6.660018 5.196317 6.573477 8.52726 8.001463 7.778508 7.214384 7.433176 6.958523 6.932524 -9999 -9999 -9999 -9999 -9999 -9999 -9999 -9999 -9999
12.30371 10.51486 8.798758 8.798758 8.798758 8.734742 7.788291 7.839634 7.75088 7.75088 7.75088 7.908383 10.55416 10.47074 10.03651 10.01288 10.01288 10.27761 12.5784 16.25412 16.25658 15.73097 13.20699 6.160909 6.414551 6.949164 7.251541 10.09271 12.22423 12.22423 12.22423 12.22423 10.66138 10.13998 10.14006 10.16682 10.18011 9.970734 9.354496 8.559565 8.483862 9.341122 9.072049 7.631056 7.631056 7.631056 8.489915 51.95729 20.02728 5.261322 5.005234 4.816497 4.816497 5.971805 6.931696 6.932524 6.932524 -9999 -9999 -9999 -9999 -9999 -9999 -9999 -9999 -9999
10.45386 9.731401 9.154522 9.301005 9.032624 8.872911 8.817083 8.828438 8.44637 9.371251 11.10798 12.64587 13.23987 13.23987 12.12263 10.03285 10.01288 10.01288 10.21937 15.51178 16.25658 16.11628 12.29132 8.135088 8.200478 8.597181 9.129162 10.92007 34.55082 255.1666 389.1142 16.33909 12.76478 10.98056 10.22182 10.20452 10.20452 10.20449 10.15289 10.06047 10.04836 10.04836 9.63651 8.280436 7.61375 7.207536 6.037763 7.040097 4.816497 4.816497 4.816497 16.41913 141.1629 7.305668 6.932524 6.932524 6.932524 -9999 -9999 -9999 -9999 -9999 -9999 -9999 -9999 -9999
7.186175 10.38662 10.79047 10.79047 10.73107 10.73151 10.31761 9.522917 9.045503 9.230782 12.03417 13.23987 13.23987 13.23987 13.23987 12.25916 9.808013 9.813243 10.14025 11.93261 9.562298 8.966312 8.662712 8.753599 8.597181 10.35647 9.205549 8.499248 8.408752 65.08534 127.56 13.26182 13.26182 13.16819 10.50248 10.20452 10.19912 10.08348 10.04836 10.04836 10.04836 172.733 435.8491 9.4347 6.784536 6.454721 5.205887 4.816497 4.816497 4.924516 8.584219 8.985734 9.392437 8.563085 6.932524 6.932524 6.932524 -9999 -9999 -9999 -9999 -9999 -9999 -9999 -9999 -9999
6.415492 6.625196 7.504135 8.361651 12.04758 12.90356 14.68694 15.52979 15.20352 13.99399 10.92343 12.01339 13.23987 12.07113 13.02776 10.27225 9.387918 9.370967 9.442884 9.261509 8.747352 8.662713 8.662713 12.67395 14.47936 16.85145 16.49407 10.85354 8.389236 8.389351 10.0729 13.25998 13.26182 13.26182 12.72168 9.878738 7.935922 7.780965 8.672844 9.718199 9.637045 22.47014 105.8139 8.23455 6.461773 6.454721 6.212759 6.88434 7.917534 8.804022 9.688931 10.43154 10.36783 9.900122 10.53408 -9999 -9999 -9999 -9999 -9999 -9999 -9999 -9999 -9999 -9999 -9999
6.403077 6.086686 4.844354 5.164911 11.83203 15.53786 14.24724 14.56701 14.55595 12.02035 6.610076 6.632784 7.163858 6.728076 7.001763 6.747568 7.834765 8.762633 8.77346 8.758805 8.709978 9.12641 10.23195 13.25294 16.61633 13.68961 15.11024 15.27081 11.13932 8.389236 8.389236 12.22084 13.26182 13.26182 12.21248 6.697061 5.801727 5.801727 6.04397 6.174689 7.04453 8.011944 8.729798 8.088068 6.433343 5.489905 5.389661 4.505102 6.452475 12.98093 14.84715 14.94722 14.91832 14.94722 14.94722 -9999 -9999 -9999 -9999 -9999 -9999 -9999 -9999 -9999 -9999 -9999
4.965979 4.274375 4.197806 4.197806 8.420843 11.10762 9.615452 9.615452 9.615452 7.962382 6.662095 6.610076 6.610076 6.610076 6.610076 6.610076 8.226338 8.762633 8.762633 8.762633 9.006024 12.37846 12.4154 12.4154 11.6663 7.298137 6.981178 7.354335 8.177088 8.389235 8.389235 9.786571 10.95104 6.951694 5.861135 5.801727 5.801727 5.801727 5.801727 5.801727 5.801727 5.801727 5.801727 5.85733 5.948884 5.573308 4.652667 4.447302 4.920019 10.0526 11.21499 13.27574 14.46964 13.37992 8.595242 -9999 -9999 -9999 -9999 -9999 -9999 -9999 -9999 -9999 -9999 -9999
17.1259 13.46258 15.68313 6.918691 3.694732 3.477104 6.150169 5.720694 9.093691 9.125195 6.925413 6.610075 6.695792 6.641886 6.616498 6.639199 8.449058 8.762633 19.65557 132.7965 10.21276 10.89361 11.37044 11.89559 12.4154 9.001331 6.90585 6.215235 6.255128 5.549988 4.376539 5.267542 5.321193 4.732272 5.764942 5.855549 5.938215 6.036173 6.05013 5.840839 5.801727 5.805148 5.892408 5.946499 5.93075 5.93075 5.700686 5.795238 7.690387 8.667158 8.664061 8.639634 8.595279 8.595243 8.595242 -9999 -9999 -9999 -9999 -9999 -9999 -9999 -9999 -9999 -9999 -9999
13.02685 22.76045 22.76045 19.16878 6.007992 3.094086 3.094086 3.094086 3.094086 3.599385 6.074556 9.18217 10.73666 11.06425 10.86094 10.59486 10.91436 9.447639 9.240625 28.06556 9.462662 10.08875 10.01377 11.49629 12.32108 7.713635 3.868408 3.567777 3.567777 3.567777 3.567777 3.567777 3.567777 3.867668 5.481088 6.054724 6.107872 6.107872 6.078907 5.844867 5.883362 5.969512 6.378919 6.828656 8.268529 9.430993 11.14907 8.800743 8.642611 8.607089 8.598924 8.595243 8.595243 8.595243 -9999 -9999 -9999 -9999 -9999 -9999 -9999 -9999 -9999 -9999 -9999 -9999
14.411 22.73181 22.67 20.00749 13.27851 13.99159 6.479684 5.726332 6.216643 6.347504 6.782531 10.55134 11.99852 11.25676 11.11945 11.11012 10.15752 9.946469 9.946469 9.946469 9.946469 9.909115 9.939587 9.914814 6.777186 3.589283 3.567777 3.567777 34.83831 140.8653 4.089162 4.471759 4.775817 3.602476 3.567777 5.371008 6.296268 6.166211 6.107873 6.107873 6.221673 7.377045 10.91919 11.82419 11.87815 11.69642 10.0986 10.15669 8.829707 8.523793 8.595243 8.595243 8.595242 8.595242 -9999 -9999 10.85221 -9999 -9999 -9999 -9999 -9999 -9999 -9999 -9999 -9999
7.037088 8.567966 10.90435 15.58859 12.39832 8.275914 6.966508 6.977834 6.977834 8.74828 12.82415 15.8552 15.85931 14.11093 11.87147 12.36465 177.2059 626.3126 41.43317 9.836603 9.82332 9.802058 9.796598 6.624001 3.567777 3.567777 3.567777 4.549598 7.470376 7.697676 7.697676 7.697676 7.697676 6.410656 5.112494 6.601608 8.34376 8.306485 8.016911 7.40077 7.80338 8.34376 8.634471 9.578961 10.11448 9.081145 7.959941 7.177175 6.857809 6.133539 7.269694 8.491486 5.955797 9.136562 10.85221 10.85221 10.85221 10.85221 -9999 5.656141 -9999 -9999 -9999 -9999 -9999 -9999
8.09678 7.548993 7.681468 6.952571 6.797283 6.996893 7.956669 7.409369 13.15409 14.67013 15.78234 15.8508 15.81307 15.78135 15.25531 21.54409 29.28749 20.92194 9.78071 9.78071 9.78071 9.78071 9.78071 9.620193 5.435092 5.125275 6.518479 7.695919 7.697676 7.697676 7.697676 7.697676 7.697676 7.690653 7.582823 7.660546 7.790095 7.999805 7.749968 7.80119 7.616096 7.430533 7.041968 7.038156 6.332604 5.925638 5.601122 5.601093 5.601093 5.601093 5.601093 10.28389 48.15962 10.74603 10.85221 10.84999 10.72285 6.833299 5.656141 5.656141 -9999 -9999 -9999 -9999 -9999 -9999
10.15858 9.465261 9.232683 9.079182 7.96312 7.936973 8.386762 8.486573 13.79016 15.34206 15.34206 15.24654 15.04096 14.98772 14.94711 14.691 12.71149 10.17861 9.458634 9.751703 9.73737 9.251776 9.076938 9.501397 9.478142 9.289758 9.228146 9.128105 8.712433 7.75516 7.697676 7.697676 7.697676 -9999 7.018377 7.03212 7.037015 7.037015 7.037015 7.037015 7.037025 8.41854 10.61019 9.99962 9.559968 9.010112 9.428164 9.186563 7.331047 6.301755 6.210273 15.27826 150.4917 10.85221 10.85198 10.26157 6.458706 5.656141 5.656141 -9999 -9999 -9999 -9999 -9999 -9999 -9999
12.51528 12.51503 12.27417 8.960493 8.394494 8.386761 8.27963 9.271542 15.30583 15.34206 15.34206 15.34206 15.33722 13.86507 11.62933 10.57711 9.06916 9.06916 9.070032 8.189301 7.318336 7.114001 7.145828 8.939769 9.248819 9.27742 9.27742 8.988862 9.063396 8.727548 8.309602 7.015547 7.015548 7.015548 7.015548 7.01924 7.037015 7.037015 7.090153 13.61996 23.4764 26.20937 11.27129 10.69872 10.69872 10.69872 10.69872 10.13214 8.130952 7.635314 7.705313 8.589985 10.09583 9.927925 9.573638 7.539261 5.61024 5.443857 5.65614 5.656141 -9999 -9999 -9999 -9999 -9999 -9999
24.46898 25.17914 10.99245 8.032562 7.246646 7.352659 7.043541 6.896235 7.797302 9.049163 12.47816 15.24447 13.2304 9.094475 9.06916 9.06916 9.06916 9.06916 8.176854 7.122355 7.114001 7.133193 7.673594 8.525635 8.601044 7.758426 7.27045 5.859881 6.181486 7.725413 9.042937 8.015294 7.200139 7.265037 7.942376 7.28187 7.037272 7.762753 11.29728 15.73878 20.04712 19.16073 16.66848 11.57894 11.55029 11.97544 12.55572 10.43899 7.635314 7.635314 7.63942 8.747169 8.997537 8.8879 8.88527 8.93906 7.566051 5.013334 5.054406 4.002475 2.772941 -9999 -9999 -9999 -9999 -9999
24.87997 13.19411 9.531968 7.771968 7.152444 16.90156 6.583539 6.583539 6.583539 7.151242 11.5668 9.824283 9.146118 9.152261 9.324754 9.348844 9.232563 9.040601 7.883159 7.116337 7.036108 5.315391 5.836813 5.84522 5.84522 5.84522 5.863953 6.230997 6.624707 7.778468 9.879687 9.672544 9.665613 10.3389 12.52569 12.26425 12.05048 12.49722 12.57808 12.53998 12.63045 13.7473 14.28785 13.03213 13.1937 13.25426 14.1006 13.27701 12.86386 9.820798 7.77973 8.448496 8.409443 8.374909 7.601912 7.735732 6.470626 4.834104 2.866618 2.772941 2.772941 -9999 -9999 -9999 -9999 -9999
14.47608 9.586817 9.587213 9.575589 121.4362 137.5741 100.0431 9.628677 10.41337 9.853467 9.549123 9.549123 9.523372 9.548792 9.513722 8.441337 7.78189 8.150805 7.638754 6.332881 4.700676 3.623796 3.938359 4.754028 5.037105 5.111116 7.606506 10.07651 10.07651 71.14007 148.0124 9.721919 12.02331 16.60199 16.28118 15.25569 13.58168 12.59697 12.82847 14.06129 17.65529 19.49034 18.9705 16.26215 17.46223 19.98127 15.32859 13.80289 14.36824 12.17891 8.471699 8.536911 8.512643 7.587832 5.017855 5.48194 6.468582 7.964551 3.460428 2.772941 2.772941 2.772941 2.772941 -9999 -9999 -9999
