GISdata/Popn density Finland 2015.asc
ncols         360
nrows         288
xllcorner     18
yllcorner     59
cellsize      0.0416666666667
NODATA_value  -9999
[rows 160 to 191 of 288, columns 142 to 212 of 360]
10.34443 10.34443 10.34443 10.34443 10.34443 10.34443 10.24452 9.485992 6.882698 4.250266 4.162151 4.004053 4.004053 4.004053 4.004053 4.004053 4.004053 4.615844 9.500562 10.45414 10.45414 10.45414 10.45414 10.45414 10.45414 10.45414 10.45414 10.45414 10.44593 9.491033 8.025994 6.22195 5.361638 5.387002 5.3942 5.3942 5.3942 4.500948 2.984106 3.052988 3.007665 2.90992 2.90992 2.897555 2.817037 2.90992 2.90992 2.90992 2.90992 2.739596 2.21126 1.923041 1.908718 1.908718 1.908718 1.908718 1.908718 1.908718 1.908718 1.908718 1.908718 1.908718 1.908649 1.908494 1.908487 1.908467 1.908235 1.90807 1.915705 2.190125 2.2166
10.34443 10.34443 10.34443 10.34443 10.34443 10.34443 10.33069 9.744141 8.581078 7.88302 5.79707 4.279433 4.004053 4.004053 4.545055 8.283629 8.897777 8.950813 10.45242 10.45414 10.45414 10.45414 10.45414 10.45414 10.45414 10.45414 10.45414 10.45414 10.45414 10.45414 7.019294 7.099791 5.723454 5.3942 5.3942 5.3942 5.3942 5.3942 4.849074 3.006724 2.90992 2.90992 2.90992 2.90992 2.90992 2.90992 2.90992 2.90992 2.890482 2.880767 2.90992 2.687846 2.056964 1.908718 1.908718 1.913338 1.909037 1.908718 1.908718 1.908718 1.908718 1.908718 1.908718 1.908718 1.908718 1.908718 1.908539 1.909233 2.552572 2.764312 2.826141
10.34443 10.34443 10.34443 10.34443 10.34443 10.34443 10.31748 9.507243 8.547847 8.465823 8.465823 8.331323 7.108585 5.644862 4.137724 6.384063 9.874155 10.43081 8.786091 10.45414 10.45414 10.45414 10.45414 10.45414 10.45414 10.45414 10.45414 10.45414 9.916661 7.88588 5.485431 5.3942 5.3942 5.3942 5.3942 5.3942 5.3942 5.3942 5.3942 4.986007 3.894519 2.954955 2.90992 2.90992 2.90992 2.90992 2.897993 2.696061 2.352396 2.265573 2.471666 2.34229 2.236654 2.060632 2.07042 2.097649 2.067878 1.913884 1.908718 1.841948 1.737849 1.687045 1.632753 1.720454 1.816892 1.853349 1.846937 1.842783 2.399274 2.909691 2.909691
10.34443 10.34443 10.34443 10.34443 10.34443 9.73973 9.218778 8.948435 8.486427 8.465822 8.465822 8.465822 8.465822 8.465822 8.921966 9.42266 12.62932 12.08959 11.34042 10.45414 10.45414 10.45414 10.45414 10.45414 10.45414 10.45414 10.43931 8.387529 5.44755 5.3942 5.3942 5.3942 5.3942 5.3942 5.3942 5.3942 5.3942 5.3942 5.3942 5.3942 5.3942 5.083222 3.182154 2.211597 2.223641 2.120912 2.10443 2.101891 2.101891 2.101891 2.101891 2.101891 2.101891 2.101891 2.101891 2.101891 2.101891 1.936493 1.62344 1.567928 1.514774 1.514774 1.514774 1.514774 1.514774 1.514774 1.514774 1.514774 2.157691 2.909691 2.909691
10.34443 10.34443 10.34443 10.34443 10.34443 10.34443 9.243757 8.465823 8.465823 8.465823 8.465823 12.79834 14.26999 16.56909 18.27344 18.30197 18.30197 18.30197 18.27847 16.131 12.80082 10.97089 10.20708 8.310966 7.989079 7.949184 6.117856 5.3942 5.3942 5.3942 5.3942 5.3942 5.3942 5.3942 5.3942 5.3942 5.3942 5.3942 5.3942 5.3942 5.3942 5.3942 4.715616 3.14513 2.101895 2.101891 2.101891 2.101891 2.101891 2.101891 2.101891 2.101891 2.101891 1.995753 1.728439 1.769823 1.638028 1.530373 1.514774 1.514774 1.514774 1.514774 1.514774 1.514774 1.514774 1.514774 1.514774 1.514774 2.081086 2.909691 2.909691
9.574938 8.99876 10.19411 10.34443 10.34443 10.34443 10.34271 9.714305 8.669532 8.465823 9.706802 17.04499 18.30197 18.30197 18.30197 18.30197 18.30197 18.30197 18.30197 18.30197 18.30197 18.27797 17.26876 15.36006 10.21888 6.080783 5.3942 5.3942 5.3942 5.3942 5.3942 5.3942 5.3942 5.3942 5.3942 5.3942 5.3942 5.3942 5.3942 5.3942 5.3942 5.335631 5.155823 4.613145 3.112397 2.385063 2.253524 2.1211 2.101891 2.101891 2.101891 2.101891 2.101891 2.021356 1.818617 1.566409 1.514774 1.514774 1.514774 1.514774 1.514774 1.514774 1.514774 1.514774 1.514774 1.514774 1.514774 1.514774 2.008296 2.909691 2.909691
10.49177 8.720398 11.28233 11.30286 10.47154 10.34443 10.34443 10.34443 10.25387 9.382539 12.68531 18.30197 18.30197 18.30197 18.30197 18.30197 18.30197 18.30197 18.30197 18.30197 18.30197 18.30197 18.30197 18.30197 18.30197 17.66407 12.36936 8.16003 5.520918 5.927712 6.487714 5.394199 5.394199 5.394199 5.394199 5.394199 5.394199 5.394199 5.394199 5.394199 5.394199 4.96217 3.180675 2.913296 2.913296 2.909946 2.910502 2.885881 2.689783 2.649271 2.425165 2.197013 2.101891 2.101891 2.017166 1.57837 1.514774 1.514774 1.514774 1.514774 1.514774 1.514774 1.514774 1.514774 1.514774 1.514774 1.514774 1.514774 1.781724 2.637263 2.888283
9.863148 10.22229 7.756921 10.03335 10.74772 10.34443 10.34443 10.34017 9.395027 9.265194 11.54853 18.02438 18.30197 18.30197 18.30197 18.30197 18.30197 18.30197 18.30197 18.30197 18.30197 18.30197 18.30197 18.30197 17.9669 16.18965 15.67594 15.67594 14.76915 13.58539 13.14187 5.842299 5.3942 5.3942 5.3942 5.3942 5.3942 5.3942 5.3942 5.10253 4.319159 2.955178 2.913296 2.913296 2.913296 2.913296 2.913296 2.913296 2.913296 2.913296 2.913296 2.912394 2.586148 2.355415 1.961832 1.529138 1.514774 1.514774 1.514774 1.514774 1.514774 1.514774 1.514774 1.514774 1.514774 1.522329 1.530172 1.764586 2.070108 2.375534 2.739328
11.35203 11.45562 7.316257 6.536412 7.036441 7.682883 7.571287 6.916576 6.404103 6.404103 6.404103 8.882268 11.88414 14.49919 17.26257 18.30197 18.30197 18.13194 18.24306 17.41754 16.45704 16.83331 16.95922 16.53413 15.86483 15.67594 15.67594 15.67594 15.67594 15.67594 15.67594 14.81545 10.1632 5.875916 5.3942 5.3942 5.3942 5.3942 5.164288 3.639041 3.330555 2.913296 2.913296 2.913296 2.913296 2.913296 2.913296 2.913296 2.913296 2.913296 2.913296 2.913296 2.913296 2.913296 2.715069 1.769932 1.514774 1.514774 1.514774 1.514774 1.514774 1.514774 1.634204 1.909211 2.303731 2.672294 2.90175 2.972848 2.972848 2.972848 2.972848
11.45562 11.45562 9.765698 8.163672 10.81475 8.503114 8.279757 7.033268 6.404103 6.404103 6.404103 6.404103 6.404103 6.404103 6.417995 7.964126 10.17392 9.979832 13.52623 14.37193 15.67594 15.67594 15.67594 15.67594 15.67594 15.67594 15.67594 15.67594 15.67594 15.67594 15.67594 15.67594 13.57402 11.80491 7.713103 6.223967 5.984043 5.854651 5.678924 3.697494 3.059263 2.913296 2.913296 2.913296 2.913296 2.913296 2.913296 2.913296 2.913296 2.913296 2.913296 2.913296 2.913296 2.913296 2.913714 2.907407 1.531845 1.514774 1.514774 1.514774 1.581238 2.629251 4.085112 4.779302 3.812441 3.312491 3.165242 2.972848 2.972848 2.972848 2.972848
11.45562 11.45562 11.45562 11.45562 11.45562 11.45562 10.72499 9.369514 6.403863 6.404103 6.404103 6.404103 6.404103 6.404103 6.404103 6.404103 6.404103 6.404103 6.404103 6.472377 9.979036 13.72957 15.67594 15.67594 15.67594 15.67594 15.67594 15.67594 15.67594 15.67594 15.67594 14.57742 8.216892 7.962748 7.962748 7.962748 7.962748 7.962748 7.962748 7.962748 7.366588 3.065801 2.913296 2.913296 2.913296 2.913296 2.913296 2.913296 2.913296 2.913296 2.943763 3.018537 3.093659 3.168758 3.243417 3.18554 1.514774 1.514774 2.323701 3.327061 4.533086 4.854727 4.854727 4.854727 4.854727 4.854727 4.792785 3.999396 3.099036 2.972848 2.972848
11.44567 11.45562 11.41806 9.260179 6.129484 6.25707 5.740685 5.596479 5.731942 5.920514 6.042626 6.031897 6.333636 6.404103 6.404103 6.404103 6.404103 6.404103 6.404103 6.404103 6.404103 8.172365 8.301872 10.31201 14.81704 15.67594 15.67594 14.80121 14.76144 15.67594 13.80754 9.985124 7.966157 7.962748 7.962748 7.962748 7.962748 7.962748 7.962748 7.962748 7.962748 5.19774 2.932268 2.916637 2.913296 2.918729 2.972866 3.064203 3.153357 3.228438 3.273073 3.273445 3.273445 3.273445 3.273445 3.233702 2.969169 4.202926 4.854224 4.854727 4.854727 4.854727 4.854727 4.854727 4.854727 4.854727 4.85315 4.176005 3.652326 2.972848 2.972848
7.710048 8.127725 5.664494 4.841284 4.841284 4.841284 4.841284 4.97451 5.327259 5.189584 4.931029 4.841284 5.185262 6.344016 6.404103 6.404103 6.404103 6.404103 6.404103 6.404103 6.404103 6.404103 6.404103 6.404103 8.091281 12.09115 13.90961 14.13766 15.1378 11.62668 8.032344 7.962748 7.962748 7.962748 7.962748 7.962748 7.962748 7.962748 7.962748 7.962748 7.962748 7.427397 2.973209 3.05473 3.13714 3.246076 3.273445 3.273445 3.273445 3.273445 3.273445 3.273445 3.273445 3.273445 3.273445 3.850174 4.854727 4.854727 4.854727 4.854727 4.854727 4.854727 4.854727 4.854727 4.854727 4.854727 4.854727 4.561461 4.772492 4.328208 3.206818
6.251267 8.567625 5.240826 4.841284 4.841284 4.841284 4.841284 4.841284 4.841284 4.841284 4.841284 4.841284 4.841284 5.340977 6.39118 6.404103 6.404103 6.404103 6.404103 6.277213 6.385787 6.404103 6.404103 6.404103 6.384138 7.932103 8.852412 8.460792 10.08342 11.67616 8.295341 7.962748 7.962748 7.962748 7.962748 7.962748 7.962748 7.962748 7.962748 7.962748 7.962748 5.790143 3.266513 3.273445 3.273445 3.273445 3.273445 3.273445 3.273445 3.273445 3.273445 3.273445 3.273445 3.273445 3.273445 3.300583 4.7776 4.854727 4.854727 4.854727 4.854727 4.854727 4.854727 4.854727 4.854727 4.854727 4.854727 4.854727 4.854727 4.823072 3.401005
5.278963 5.224804 5.11204 4.938291 4.84205 4.841284 4.841284 4.841284 4.841284 4.841284 4.841284 4.841284 4.841284 4.841284 5.520592 6.402696 6.404103 6.404103 6.404103 6.350414 6.297169 6.404103 6.404103 6.404103 5.892368 4.36657 4.522867 5.123747 5.801569 7.301196 7.894292 7.962748 7.962748 7.962748 7.962748 7.962748 7.962748 7.962748 7.962748 7.962748 7.707843 4.152081 3.273445 3.273445 3.273445 3.273445 3.273445 3.273445 3.273445 3.273445 3.273445 3.273445 3.273445 3.273445 3.273445 3.273445 4.413224 4.854727 4.854727 4.854727 4.854727 4.854727 4.854727 4.854727 4.854727 4.854727 4.854727 4.854727 4.854727 4.854727 4.308632
5.259301 5.226772 5.198623 5.19487 5.13235 4.959428 4.851686 4.841284 4.841284 4.841284 4.841284 4.841284 4.841284 4.841284 4.841284 5.50896 6.357503 6.234132 5.561391 4.593821 4.579464 5.043238 5.498639 5.747483 5.061435 4.36657 4.36657 4.36657 4.36657 4.488431 6.397089 7.962748 7.962748 7.962748 7.962748 7.962748 7.962748 7.962748 7.962748 7.962748 5.486052 3.273445 3.273445 3.273445 3.273445 3.273445 3.273445 3.273445 3.273445 3.273445 3.273445 3.273445 3.273445 3.273445 3.273445 3.273445 4.092393 4.854727 4.854727 4.854727 4.854727 4.854727 4.854727 4.854727 4.854727 4.854727 4.854727 4.854727 4.854727 4.800317 4.685846
5.94215 5.2586 5.28017 5.283387 5.281456 5.229145 5.161025 4.923964 4.841284 4.841284 4.841284 4.841284 4.841284 4.841284 4.740782 3.816238 3.177382 3.51206 3.995531 4.36657 4.36657 4.36657 4.36657 4.36657 4.36657 4.36657 4.36657 4.36657 4.36657 4.36657 4.386231 6.277695 7.944427 7.962748 7.962748 7.962748 7.859043 7.186285 6.427193 5.218372 3.282836 3.273445 3.273445 3.273445 3.273445 3.273445 3.273445 3.273445 3.273445 3.273445 3.273445 3.273445 3.273445 3.273445 3.273445 3.273445 3.66941 4.854727 4.854727 4.854727 4.854727 4.854727 4.854727 4.854727 4.854727 4.854727 4.854727 4.854727 4.854727 11.92187 17.14795
8.978857 6.903771 5.470816 5.283391 5.283391 5.249319 5.187375 5.183212 4.977716 4.952021 4.901716 4.841284 4.743754 3.352312 2.086402 1.568965 1.516868 1.516868 1.517967 1.971512 2.908913 3.95326 4.36657 4.36657 4.36657 4.36657 4.36657 4.36657 4.36657 4.366569 4.145608 4.045055 5.301291 6.838771 7.373526 4.714334 3.359843 3.273445 3.273445 3.273445 3.273445 3.273445 3.273445 3.273445 3.273445 3.273445 3.273445 3.273445 3.273445 3.273445 3.273445 3.273445 3.273445 3.273445 3.273445 3.273445 3.430868 4.852565 4.854727 4.854727 4.854727 4.854727 4.854727 4.854727 4.854727 4.854727 4.854727 4.854727 4.854727 11.90554 20.16203
9.077555 9.077555 8.985903 6.082503 3.616532 4.106721 4.904549 5.104887 5.160912 5.186022 5.184979 5.040896 3.39315 1.805817 1.516868 1.516868 1.516868 1.516868 1.516868 1.516868 1.516868 1.563662 2.86327 4.262371 4.36657 4.36657 4.36657 4.36657 4.36657 3.498327 3.090539 3.090539 3.090539 3.090539 3.125235 3.174554 3.241641 3.273445 3.273445 3.273445 3.273445 3.273445 3.273445 3.273445 3.273445 3.273445 3.273445 3.273445 -9999 3.273445 3.273445 3.273445 3.273445 3.273445 3.642014 4.6319 4.847995 4.854727 4.854727 4.854727 4.854727 4.854727 4.854727 4.854727 4.854727 4.854727 4.854727 4.854727 4.854727 14.51903 20.16203
8.743796 8.343615 7.239355 3.74714 2.756132 2.754892 2.769409 3.231364 4.195418 4.972176 4.608218 3.585337 3.997462 2.910173 2.044024 1.646245 1.516868 1.516868 1.516868 1.516868 1.516868 1.516868 1.516868 2.019995 3.543794 4.365975 4.36657 4.36657 4.220165 3.100789 3.090539 3.090539 3.090539 3.090539 3.090539 3.090539 3.090563 3.121939 3.156233 3.172056 3.17627 3.180482 3.185298 3.20427 3.245505 3.273435 3.273445 3.273445 3.273445 3.273445 3.273445 3.273445 3.273445 3.273445 3.920107 4.854727 4.854727 4.854727 4.854727 4.854727 4.854727 4.854727 4.854727 4.854727 4.854727 4.854727 4.854727 4.854727 4.663088 7.11857 19.90534
5.14231 5.115969 5.115969 4.659933 2.869461 2.754892 2.754892 2.754892 2.754892 2.757984 2.754892 2.754892 2.754892 2.754892 2.281201 1.516868 1.516868 1.516868 1.516868 1.516868 1.516868 1.516868 1.516868 1.516868 1.516868 2.25322 3.79389 4.215235 3.417221 3.090539 3.090539 3.090539 3.090539 3.090539 3.090539 3.090539 3.090539 3.090539 3.090539 3.090539 3.090539 3.090539 3.090539 3.090539 3.090539 3.129323 3.23987 3.273445 3.273445 3.273445 3.273445 3.273445 3.273445 3.255486 4.016212 4.410966 4.556756 4.345671 4.076918 4.389078 4.820659 4.854727 4.826441 4.854727 4.800444 4.854727 4.844126 4.834439 4.204657 3.175377 13.28916
5.115969 5.115969 5.115969 4.341116 2.754892 2.754892 2.754892 2.754892 2.754892 2.754892 2.754892 2.754892 2.754892 2.539418 2.068111 1.520804 1.516868 1.516868 1.516868 1.516868 1.516868 1.516868 1.516868 1.897954 2.3305 2.643444 2.955263 3.082214 3.083377 3.088113 3.090539 3.090539 3.090539 3.090539 3.090539 3.090539 3.090539 3.090539 3.090539 3.090539 3.090539 3.090539 3.090539 3.090539 3.090539 3.090539 3.094292 3.163869 3.192071 3.210611 3.195884 3.159749 3.123625 3.201434 3.522539 3.247631 3.171838 3.171838 3.171838 3.171838 3.296968 3.84238 3.38738 3.302274 3.306328 3.436089 3.523708 3.240057 3.171838 3.171838 3.171838
5.115969 5.115969 5.115969 4.705778 4.414733 2.796482 2.754892 2.754892 2.754892 2.754892 2.754892 2.754892 2.754892 2.501587 1.609429 1.882287 1.844501 1.652774 1.521044 1.516868 1.516868 1.763457 2.616739 3.081855 3.082214 3.082214 3.082214 3.082214 3.082214 3.082215 3.085004 3.090046 3.090539 3.090539 3.090539 3.090539 3.090539 3.090539 3.090539 3.090539 3.090539 3.090539 3.090539 3.090539 3.090539 3.090539 3.090539 3.090539 3.090539 3.090539 3.090539 3.090539 3.348984 3.797523 3.819889 3.758741 3.310815 3.171838 3.171838 3.171838 3.171838 3.171838 3.171838 3.171838 3.171838 3.171838 3.171838 3.171838 3.171838 3.171838 3.171838
5.115969 5.115969 5.115969 5.115969 5.103289 4.588266 3.292966 2.731754 2.733639 2.739416 2.744211 2.694561 2.668754 2.614346 2.626147 2.66553 2.66553 2.66553 2.605572 2.418202 2.416702 3.054229 3.082214 3.082214 3.082214 3.082214 3.082214 3.082214 3.082214 3.082214 3.082214 3.083366 3.088924 3.090539 3.090539 3.090539 3.090539 3.090539 3.090539 3.090539 3.090539 3.090539 3.090539 3.090539 3.090539 3.090539 3.090539 3.090539 3.090539 3.090539 3.090539 3.126842 3.620671 3.819889 3.819889 3.819889 3.797437 3.380339 3.171838 3.171838 3.171838 3.171838 3.171838 3.171838 3.171838 3.171838 3.171838 3.171838 3.171838 3.171838 3.171838
5.115969 5.115969 5.115969 5.115969 4.085327 3.412711 2.665692 2.66553 2.66553 2.66553 2.66553 2.66553 2.66553 2.66553 2.66553 2.66553 2.66553 2.66553 2.66553 2.66553 2.6941 3.07052 3.082214 3.082214 3.082214 3.082214 3.082214 3.082214 3.082214 3.082214 3.082214 3.082214 3.082514 3.08805 3.090539 3.090539 3.090539 3.090539 3.090539 3.090539 3.090539 3.090539 3.090539 -9999 3.090539 3.090539 3.090539 3.090539 3.090539 3.090539 3.090539 3.090539 3.090841 3.682262 3.819889 3.819889 3.819889 3.636764 3.238008 3.171838 3.171838 3.171838 3.171838 3.171838 3.171838 3.171838 3.171838 3.171838 3.171838 3.171838 3.171838
7.294316 7.027462 6.49804 4.383017 2.740772 2.66553 2.66553 2.66553 2.66553 2.66553 2.66553 2.66553 2.66553 2.66553 2.66553 2.66553 2.66553 2.66553 2.66553 2.66553 2.443411 2.779357 3.082214 3.082214 3.082214 3.082214 3.082214 3.082214 3.082214 3.082214 3.053429 2.842742 2.607792 2.592617 3.359698 3.743557 3.790095 3.762346 3.326055 3.182959 3.421224 3.291555 3.845145 4.165874 4.210718 4.146128 4.057999 3.76215 3.924804 4.038402 4.127045 4.024055 3.879074 3.887009 3.819889 3.819889 3.819889 3.819889 3.812401 3.583826 3.188899 3.171838 3.171838 3.171838 3.171838 3.171838 3.171838 3.171838 3.171838 3.171838 3.171838
8.537136 8.537136 8.537136 8.532693 7.360972 4.769981 2.772741 2.66553 2.66553 2.66553 2.66553 2.66553 2.66553 2.66553 2.66553 2.66553 2.66553 2.66553 2.66553 2.66553 2.194755 2.196447 2.419419 2.449715 2.480013 2.50756 2.479471 2.43112 2.425184 2.766885 2.117389 2.07773 2.07773 2.643772 3.914413 4.202077 4.210718 4.210718 4.210718 4.210718 4.210231 4.176428 4.210718 4.210718 4.210718 4.210718 4.210718 4.210718 4.210718 4.210718 4.210718 4.210718 4.210718 4.201093 3.915254 3.819889 3.819889 3.819889 3.819889 3.819889 3.382573 3.171838 3.171838 3.171838 3.171838 3.171838 3.171838 3.171838 3.171838 3.171838 3.171838
8.537136 8.537136 8.537136 8.537136 8.537136 8.537136 7.457002 3.69959 2.66553 2.66553 2.66553 2.66553 2.66553 2.66553 2.66553 2.66553 2.66553 2.66553 2.66553 2.573394 2.082151 2.07773 2.07773 2.07773 2.07773 2.07773 2.07773 2.07773 2.07773 2.07773 2.07773 2.07773 2.07773 2.275884 4.20552 4.210718 4.210718 4.210718 4.210718 4.210718 4.210718 4.210718 4.210718 4.210718 4.210718 4.210718 4.210718 4.210718 4.210718 4.210719 4.210718 4.210718 4.210718 4.087561 3.819889 3.819889 3.819889 3.819889 3.819889 3.819889 3.722801 3.195061 3.171838 3.171838 3.171838 3.171838 3.171838 3.171838 3.171838 3.171838 3.171838
8.537136 8.542336 8.696877 8.886612 8.876477 9.089694 8.284004 5.368937 4.139194 4.548369 2.722368 2.659108 2.617594 2.570783 2.526669 2.52923 2.548199 2.567169 2.586143 2.480731 2.164955 2.07773 2.07773 2.07773 2.07773 2.07773 2.07773 2.07773 2.07773 2.07773 2.07773 2.07773 2.07773 2.07773 3.601648 4.210718 4.210718 4.210718 4.210718 4.210718 4.210718 4.210718 4.210718 4.210718 4.210718 4.210718 4.210718 4.210718 4.210718 4.210718 4.210718 4.210718 4.210718 4.188657 3.893867 3.819889 3.819889 3.819889 3.819889 3.819889 3.819889 3.230649 3.171838 -9999 3.171838 3.171838 3.171838 3.171838 3.171838 3.171838 3.184674
9.088808 9.294517 9.363035 9.363035 9.363035 9.363035 9.363035 9.363035 9.348226 9.347436 4.603844 2.474243 2.468937 2.468937 2.468937 2.468937 2.468937 2.468937 2.468937 2.468937 2.468741 2.353684 2.143504 2.07773 2.07773 2.07773 2.07773 2.07773 2.07773 2.07773 2.07773 2.093991 2.135802 2.149635 2.425974 4.00452 4.210718 4.210718 4.210718 4.210718 4.210718 4.210718 4.210718 4.210718 4.210718 4.210718 4.210718 4.210718 4.210718 4.210718 4.210718 4.210718 4.210718 4.210718 4.170548 3.86369 3.819889 3.819889 3.819889 3.819889 3.819889 3.819889 3.171838 3.171838 3.171838 3.171838 3.171838 3.171838 3.171838 3.171838 3.218989
9.363035 9.363035 9.363035 9.363035 9.363035 9.363035 9.363035 9.363035 8.130819 4.741384 2.468937 2.468937 2.468937 2.468937 2.468937 2.468937 2.468937 2.468937 2.468937 2.468937 2.468937 2.468937 2.541494 2.124461 2.07773 2.111007 2.183589 2.07773 2.07773 2.07773 2.310081 2.310081 2.310081 2.310081 2.310081 2.336289 2.888578 3.647223 4.188418 4.210718 4.210718 4.210718 4.210718 4.210718 4.210718 4.210718 4.210718 4.210718 4.210718 4.210718 4.210718 4.210718 4.210718 4.210718 4.210718 4.173389 4.000606 3.872194 3.819889 3.819889 3.819889 3.819889 3.819889 3.689536 3.171838 3.19382 3.209297 3.217912 3.284541 3.306566 3.322112
9.363035 9.363035 9.363035 9.363035 9.363035 9.334551 8.559846 7.911503 8.299048 3.735795 2.468937 2.468937 2.468937 2.468937 2.468937 2.468937 2.468937 2.538183 2.468937 2.556519 3.141632 3.500104 3.613884 3.405288 3.35667 3.458889 3.527264 2.294675 2.235061 2.260137 2.310081 2.310081 2.310081 2.310081 2.310081 2.310081 2.310081 2.310081 3.352696 4.210718 4.210718 4.210718 4.210718 4.210718 4.210718 4.210718 4.210718 4.210718 4.210718 4.210718 4.210718 4.210718 4.210718 4.210718 4.210718 4.072218 3.79476 3.817267 3.781482 3.789519 3.799002 3.809285 3.819885 3.719187 3.668915 3.334985 3.334985 3.334985 3.334985 3.334985 3.334985
