GISdata/Popn density Czech Republic 2015.asc
ncols         216
nrows         96
xllcorner     11
yllcorner     48
cellsize      0.0416666666667
NODATA_value  -9999
[rows 58 to 86 of 96, columns 67 to 133 of 216]
30.79393 31.05895 36.87199 120.7263 115.0225 41.15351 42.14202 25.70952 14.88322 18.59616 21.75411 27.7766 35.06347 35.59052 30.02719 28.84171 48.67113 52.31431 52.06061 30.24183 32.47261 37.90165 27.78898 29.56868 35.07475 19.11686 23.69769 29.15128 45.8433 31.134 17.65555 39.89405 28.52151 29.78902 38.78514 86.2722 47.84263 146.9805 74.31681 44.02871 37.71652 48.733 202.7464 230.7992 51.55695 47.42057 108.287 70.76569 53.40251 76.07854 211.3696 580.3481 325.1713 200.9983 159.3924 140.7085 98.99671 73.10863 92.97072 109.128 111.2093 41.58812 84.00669 87.11273 57.2543 69.01581 121.3805
19.11762 22.58203 27.22943 46.94402 38.69725 59.15125 33.49914 23.62591 23.54107 25.90732 24.01122 28.21289 33.96741 57.69233 32.91468 31.86677 30.17552 35.84798 33.30699 31.85136 34.18008 22.46282 16.10171 39.25151 79.2053 44.32116 18.44906 24.98669 47.91059 26.7796 21.5131 31.93629 23.50416 34.72853 39.28035 98.32388 160.1677 126.0231 145.7018 36.30204 32.58805 48.28923 38.62823 60.73184 42.66314 41.43303 67.47414 69.38484 40.07801 29.24742 76.44596 211.6187 61.87476 76.90008 78.25945 63.08102 49.79588 43.77176 100.6716 141.5686 135.9156 45.88144 31.03289 31.66197 68.92375 91.88697 72.9999
27.08771 25.29435 73.94199 36.73052 17.58798 22.54916 50.9296 37.78296 17.84838 15.55038 12.01232 49.46493 135.3522 126.6461 48.9768 24.47405 31.56036 34.79444 32.65138 24.28743 41.00826 47.21235 27.43384 35.70161 33.17289 13.98806 14.33896 82.84628 81.20325 125.7834 49.39881 21.2403 73.54901 65.19855 77.30045 59.45685 60.67464 21.0099 55.78577 30.57057 34.35531 33.74374 133.3701 152.683 102.8179 99.53325 93.90093 61.69203 62.3258 47.02296 48.18208 43.05353 61.95853 46.14819 37.88827 53.54858 37.63226 50.89214 58.73358 37.72735 56.05984 51.36119 24.25308 40.09471 55.97894 106.1541 119.5346
26.70419 71.3381 107.8631 32.48338 26.63908 31.69762 34.31409 22.00663 8.579689 13.78102 16.78456 88.26746 100.6227 174.4927 71.15604 38.46275 39.91349 40.19202 34.9389 155.5256 384.5941 486.3335 356.4378 61.18209 46.40869 22.20275 20.01036 23.97665 35.65491 33.20506 17.48725 30.58909 87.15984 138.7625 153.5967 61.43614 88.08414 35.38091 24.75712 24.67396 28.63388 42.41252 294.3679 547.0695 255.4047 41.506 34.4813 41.72945 23.05656 34.81225 28.54134 38.98625 70.36304 39.53873 30.97254 32.12654 64.32911 41.64429 39.0765 19.81978 60.15564 77.28374 33.15483 30.94741 25.95486 59.87258 114.5081
29.39437 104.5659 106.0004 36.82925 34.40325 33.84605 19.64141 26.92236 19.58509 13.72466 15.27875 17.11592 33.59074 36.27895 37.61784 33.02974 41.44334 26.4924 33.47515 70.04665 417.804 602.3744 581.6683 162.0613 53.41456 19.39238 21.22834 30.31455 29.89571 22.4454 21.51756 29.40152 40.34256 69.39009 93.1841 114.1172 67.10603 32.25918 25.85894 44.20934 41.25381 346.2251 571.9916 562.1917 376.4906 103.7595 63.78415 41.76404 42.88994 71.54348 70.19611 42.67543 176.0117 115.9418 46.32822 92.78465 61.15873 43.73515 35.76821 29.81283 29.55076 53.04389 80.72025 62.92239 100.2352 36.94818 97.21986
26.746 45.13038 52.53379 39.47418 28.03066 23.17645 22.56355 23.47947 19.50755 23.5958 36.15923 24.88388 28.51655 31.03581 33.64247 23.67488 30.55915 27.83303 40.85231 39.86092 42.73137 137.1193 120.3321 27.99699 24.44216 23.93034 17.42804 38.82581 44.86981 23.69867 16.91217 45.46867 43.8134 67.53553 65.09059 61.95415 42.1995 45.74323 33.93169 52.8191 70.53302 360.1273 200.6636 66.67651 64.61705 103.1926 65.29103 45.14003 40.86393 26.18004 40.27176 92.71632 196.9146 218.1693 167.3559 57.43649 43.21022 33.60762 34.16618 34.16058 28.17083 94.16315 161.9238 337.987 162.3157 64.49402 100.5924
30.80528 22.93377 25.54128 45.74651 41.01056 34.63791 31.93063 193.1432 412.2118 358.2961 162.4321 27.94446 21.07666 21.25068 50.35983 89.16975 174.7391 20.27692 26.29695 24.49404 42.561 43.45148 75.54273 47.53468 40.64265 36.96074 16.24187 17.84294 21.59883 30.39284 98.8782 99.92661 13.56887 16.44008 31.88695 72.51299 50.87913 42.28384 55.56044 89.36263 93.05274 86.1631 31.89914 34.80032 46.13888 47.90624 46.94028 28.78633 35.81706 23.89351 24.59189 41.58926 33.88186 28.99148 32.90858 34.90225 55.32708 63.83797 70.20205 72.46081 54.89741 97.4532 102.1831 95.22861 164.2985 300.2921 252.9037
82.71149 355.9518 490.4221 329.3125 198.6474 53.0962 34.485 65.65482 344.9652 360.7228 261.9673 8.183965 21.94849 27.99512 44.30767 224.0968 78.84132 19.2176 12.94805 16.99666 50.89404 188.4513 177.2338 47.87817 26.83632 31.1788 31.26185 29.86991 17.76863 16.55555 56.19468 44.85244 58.68791 50.56207 67.06236 67.73521 44.54175 56.31933 46.88262 67.64782 85.45341 75.51369 33.69756 52.8785 53.65467 56.47643 49.46556 71.18821 96.41742 146.3549 209.7232 58.37328 49.45648 69.55743 39.56166 37.01236 46.81937 76.82072 98.8978 70.6786 48.3739 50.96601 69.75632 355.9575 991.8517 299.4519 768.3763
30.2638 73.68427 119.7556 204.6677 105.193 32.25599 36.3367 34.69117 85.56898 76.43154 34.31322 16.5717 31.45235 30.88436 118.385 192.9455 67.17563 20.61709 12.03643 24.39078 16.34688 32.03751 168.1975 25.13845 20.08428 19.2084 18.72601 25.34579 40.55011 65.80286 130.1322 83.21221 50.0536 48.7799 52.4566 52.22113 25.47128 32.03015 16.57134 60.39339 54.62011 32.59003 32.19345 30.09349 38.98112 48.97666 94.5947 119.8318 267.4574 675.3409 632.7555 279.1054 51.22427 35.02845 39.45331 35.19422 131.9634 128.6437 61.8412 66.2959 83.07367 93.17473 108.1058 732.3226 1502.639 1409.982 1502.639
34.46715 53.96719 61.43411 23.23264 17.49353 22.19239 24.15455 22.21383 53.03501 100.2297 81.06899 74.17552 31.38212 18.68357 20.4021 69.27132 19.71057 20.7475 33.08045 34.27702 53.55396 165.9247 142.1911 20.29966 24.44451 39.20959 33.96961 38.61651 199.5375 180.5626 33.62936 18.65444 26.0936 36.11263 32.19514 41.46534 53.25475 50.76874 49.27285 169.6613 151.1538 16.13707 17.49973 31.77583 36.10212 41.65276 47.26905 87.5197 75.85942 419.7069 236.0509 27.60341 42.75294 39.35857 39.22902 55.3054 146.2006 74.99544 53.71809 86.97362 81.71062 328.6635 298.4688 169.8788 627.9094 1305.793 1490.836
46.83621 86.3776 92.43342 39.20514 18.63302 16.10836 28.12745 53.10413 119.1257 170.1382 77.80202 34.24585 27.92583 25.48887 22.69199 41.36043 48.96072 37.56489 37.7869 35.60361 56.96318 111.6608 24.9295 19.52614 40.94048 28.10846 33.1306 210.5157 297.3029 288.0301 127.8975 19.92095 36.77213 41.89583 41.68423 36.6721 29.66799 26.69756 30.27538 52.05245 56.8996 22.4759 64.034 27.46686 33.73554 54.77203 27.13113 42.66394 62.40732 50.27764 55.33418 54.38177 36.53517 42.60045 39.722 34.24664 20.26531 41.6072 39.97598 57.79032 162.7919 428.6247 145.5239 67.4432 165.9946 186.44 442.8481
72.81579 36.45955 38.5285 35.47825 42.56152 30.75066 35.99875 43.06869 39.9167 46.22842 40.47465 26.847 27.36135 40.95332 39.57304 47.96365 45.20491 22.22542 71.10901 67.92937 19.59473 22.71596 56.91055 19.46597 13.0282 7.937654 17.55025 66.30525 133.4741 52.3828 34.71398 18.16088 19.82388 27.87734 28.74994 25.82792 36.05771 57.76105 86.81329 89.04652 80.05573 33.59235 27.3063 23.06599 23.02301 38.10813 40.95224 45.09368 39.75569 54.92143 76.7481 66.63924 44.67076 38.95403 79.86391 32.85459 46.26215 62.82797 34.11848 60.80928 123.7281 212.0309 180.4069 96.31358 118.9864 121.2122 153.6029
72.08163 30.92022 44.86023 65.04898 92.40124 40.07936 41.44572 32.41425 52.1796 77.83339 40.98932 24.92349 24.40621 164.4914 127.7968 52.6455 26.92893 35.76274 41.70913 42.48812 33.76901 38.17538 70.4721 39.10586 31.47675 16.60155 22.2951 27.81185 34.76648 15.98398 14.14502 16.21541 37.26315 34.07807 19.73596 22.87465 25.13699 37.89365 44.29759 89.81013 88.2485 38.88156 56.06324 45.68226 24.91396 25.7403 116.5933 126.898 139.6102 83.07987 62.75643 24.39554 22.91268 27.56315 40.37094 44.562 38.63848 40.18466 50.23207 81.57529 140.2659 173.0664 154.4585 124.9083 165.0929 81.89955 121.4331
72.3874 16.85417 21.82828 52.48741 266.0429 199.4931 31.76567 27.47446 55.22246 54.5423 30.91378 29.53979 21.88176 30.22749 269.8483 639.8837 530.2411 154.6448 82.80173 42.34564 42.83201 43.96432 84.65262 89.48922 89.18586 65.90034 28.53656 35.08348 22.08964 23.02521 37.12624 38.89231 40.86707 36.84686 11.24699 29.78902 56.99399 49.48713 27.22898 22.01425 27.10474 56.9357 124.4997 80.51444 37.56865 36.1655 57.66266 84.0406 115.7059 79.06147 32.79359 25.80936 16.09269 26.79727 34.41977 39.9911 27.31355 27.39271 45.43809 56.65176 84.10051 108.1718 97.63039 59.51307 51.68771 56.64581 175.2352
9.165699 30.80671 30.48458 15.27322 210.0609 163.6607 16.73645 13.53297 33.77692 36.23804 20.44111 24.49629 27.60597 56.30386 376.7332 1206.909 1769.144 1124.56 628.1631 169.5879 34.48891 27.66168 36.01128 63.9129 76.37962 54.1829 43.52326 39.42495 18.03726 -9999 40.86707 40.86707 22.11683 14.17383 7.84166 8.518453 57.83846 52.92683 16.95273 18.67464 25.61644 24.2159 28.84783 35.8833 33.75424 21.2144 21.69934 33.37164 53.86353 38.68932 41.44217 22.08064 75.19487 28.64459 29.57839 33.9547 67.36263 47.52803 51.75972 47.95826 56.91735 61.28201 56.0128 39.87981 68.75169 91.78637 123.8203
38.41566 37.22747 37.4874 22.66152 8.070928 8.384126 12.01919 12.95453 14.06029 21.28365 29.70818 52.61421 36.72528 42.18567 67.64162 112.0795 680.3029 256.0767 342.2536 111.3818 51.58299 22.99942 22.75059 37.93261 16.15451 9.375537 29.84798 39.03805 13.15799 -9999 -9999 -9999 7.841661 7.841661 7.841661 7.84166 -9999 -9999 16.86507 16.86507 13.67085 17.48564 22.31986 22.4792 16.75455 16.21214 18.37097 16.24065 26.06258 31.98533 45.08091 46.65475 40.01685 53.82094 41.29094 33.64854 47.87749 50.13284 46.13841 49.71576 105.76 77.55646 44.83735 34.49231 37.2043 72.16436 77.83788
13.75569 26.51355 37.50114 34.44712 5.32682 4.173791 3.946532 5.140326 6.000747 26.70296 30.23008 63.8145 66.26028 54.92228 51.63968 67.13578 68.51073 46.25346 42.6426 70.87621 86.21548 68.17962 19.49967 20.89326 43.29145 45.4105 49.20856 38.08649 22.61039 -9999 -9999 -9999 -9999 -9999 -9999 -9999 -9999 -9999 -9999 -9999 -9999 18.68169 20.50032 21.03562 20.46432 11.85842 14.56646 17.96991 59.39217 32.11204 23.33646 37.38908 171.5099 409.1232 148.4561 59.62705 51.8054 83.97066 43.61058 32.4945 44.57869 49.87202 34.03048 34.48689 46.67662 40.79738 45.99895
2.061035 2.061035 12.17786 16.25706 1.77568 1.397771 1.397771 1.397771 1.397771 20.28785 35.36063 63.06781 112.9546 59.13669 32.75788 85.52914 85.83554 32.7259 63.59974 85.05876 87.94125 58.19094 23.06618 15.15313 38.52663 48.81199 29.91485 20.11873 18.33579 -9999 -9999 -9999 -9999 -9999 -9999 -9999 -9999 -9999 -9999 -9999 -9999 -9999 -9999 -9999 12.65225 12.65225 19.50777 19.58177 70.25137 13.42086 15.36734 21.07996 145.8914 471.9957 442.1238 288.071 78.35867 119.9235 43.44506 41.17246 44.01868 42.54884 82.92085 48.897 52.14927 58.11783 81.65314
4.159962 7.460175 4.385764 6.957502 7.533794 3.661188 1.397771 1.397771 1.397771 4.355195 14.90006 92.88118 659.3594 147.5566 28.84555 136.6135 111.2862 37.17813 51.25343 37.44873 47.81496 49.7816 25.42834 32.86987 33.07568 33.48405 22.27025 13.07132 15.17162 -9999 -9999 -9999 -9999 -9999 -9999 -9999 -9999 -9999 -9999 -9999 -9999 -9999 -9999 -9999 -9999 -9999 -9999 -9999 -9999 -9999 -9999 19.14831 62.87817 264.6756 258.2586 324.8783 173.2387 71.42046 43.70848 42.40332 41.24325 58.65512 98.94054 87.21074 57.72932 61.40305 115.9935
9.58123 9.58123 9.581231 12.85529 22.61039 22.68548 18.95084 16.15582 17.74459 26.22666 23.20103 59.06579 136.6719 39.51652 19.02913 39.56908 125.094 99.72817 38.55439 26.266 20.8602 20.33373 19.72944 27.80734 33.07345 33.07345 70.66809 238.0576 283.2556 -9999 -9999 -9999 -9999 -9999 -9999 -9999 -9999 -9999 -9999 -9999 -9999 -9999 -9999 -9999 -9999 -9999 -9999 -9999 -9999 -9999 -9999 -9999 55.12037 86.65537 53.12507 42.03777 48.68528 34.11911 55.18357 48.99916 41.86206 49.76841 52.04017 56.08961 -9999 -9999 -9999
-9999 -9999 9.58563 24.29548 24.57351 24.57351 23.17218 17.63866 16.81846 13.22088 9.973555 9.125096 102.2193 25.29009 12.78386 32.97286 112.3286 174.8447 52.86354 22.26847 22.5447 20.58469 19.46043 20.15114 31.03812 -9999 -9999 -9999 -9999 -9999 -9999 -9999 -9999 -9999 -9999 -9999 -9999 -9999 -9999 -9999 -9999 -9999 -9999 -9999 -9999 -9999 -9999 -9999 -9999 -9999 -9999 -9999 -9999 -9999 34.0251 38.48959 44.23821 47.18342 80.2961 59.25515 43.81194 48.56402 49.56887 -9999 -9999 -9999 -9999
-9999 -9999 -9999 -9999 -9999 20.84129 18.89567 23.02109 24.77352 24.48543 19.01686 26.08796 48.11907 10.53216 9.893589 24.23349 18.68601 28.69219 18.53314 17.51542 10.83929 11.09814 17.22601 19.46043 -9999 -9999 -9999 -9999 -9999 -9999 -9999 -9999 -9999 -9999 -9999 -9999 -9999 -9999 -9999 -9999 -9999 -9999 -9999 -9999 -9999 -9999 -9999 -9999 -9999 -9999 -9999 -9999 -9999 -9999 -9999 -9999 -9999 -9999 -9999 -9999 -9999 -9999 -9999 -9999 -9999 -9999 -9999
-9999 -9999 -9999 -9999 -9999 3.642192 3.642192 3.841758 8.4713 26.08653 34.47154 40.73825 28.88673 18.7541 15.2263 15.20487 15.20487 15.37726 15.07426 13.15752 7.156194 4.186079 4.186079 -9999 -9999 -9999 -9999 -9999 -9999 -9999 -9999 -9999 -9999 -9999 -9999 -9999 -9999 -9999 -9999 -9999 -9999 -9999 -9999 -9999 -9999 -9999 -9999 -9999 -9999 -9999 -9999 -9999 -9999 -9999 -9999 -9999 -9999 -9999 -9999 -9999 -9999 -9999 -9999 -9999 -9999 -9999 -9999
-9999 -9999 -9999 -9999 -9999 -9999 3.642192 3.642192 3.642192 29.52125 50.2172 47.62292 39.553 38.66747 35.63078 27.21497 15.20487 15.20487 15.20487 10.22231 4.186079 4.186079 4.186079 -9999 -9999 -9999 -9999 -9999 -9999 -9999 -9999 -9999 -9999 -9999 -9999 -9999 -9999 -9999 -9999 -9999 -9999 -9999 -9999 -9999 -9999 -9999 -9999 -9999 -9999 -9999 -9999 -9999 -9999 -9999 -9999 -9999 -9999 -9999 -9999 -9999 -9999 -9999 -9999 -9999 -9999 -9999 -9999
-9999 -9999 -9999 -9999 -9999 -9999 -9999 -9999 -9999 -9999 50.2172 44.38157 38.61752 38.61752 38.61752 -9999 -9999 -9999 -9999 -9999 4.186079 4.186079 -9999 -9999 -9999 -9999 -9999 -9999 -9999 -9999 -9999 -9999 -9999 -9999 -9999 -9999 -9999 -9999 -9999 -9999 -9999 -9999 -9999 -9999 -9999 -9999 -9999 -9999 -9999 -9999 -9999 -9999 -9999 -9999 -9999 -9999 -9999 -9999 -9999 -9999 -9999 -9999 -9999 -9999 -9999 -9999 -9999
-9999 -9999 -9999 -9999 -9999 -9999 -9999 -9999 -9999 -9999 -9999 -9999 -9999 -9999 -9999 -9999 -9999 -9999 -9999 -9999 -9999 -9999 -9999 -9999 -9999 -9999 -9999 -9999 -9999 -9999 -9999 -9999 -9999 -9999 -9999 -9999 -9999 -9999 -9999 -9999 -9999 -9999 -9999 -9999 -9999 -9999 -9999 -9999 -9999 -9999 -9999 -9999 -9999 -9999 -9999 -9999 -9999 -9999 -9999 -9999 -9999 -9999 -9999 -9999 -9999 -9999 -9999
-9999 -9999 -9999 -9999 -9999 -9999 -9999 -9999 -9999 -9999 -9999 -9999 -9999 -9999 -9999 -9999 -9999 -9999 -9999 -9999 -9999 -9999 -9999 -9999 -9999 -9999 -9999 -9999 -9999 -9999 -9999 -9999 -9999 -9999 -9999 -9999 -9999 -9999 -9999 -9999 -9999 -9999 -9999 -9999 -9999 -9999 -9999 -9999 -9999 -9999 -9999 -9999 -9999 -9999 -9999 -9999 -9999 -9999 -9999 -9999 -9999 -9999 -9999 -9999 -9999 -9999 -9999
-9999 -9999 -9999 -9999 -9999 -9999 -9999 -9999 -9999 -9999 -9999 -9999 -9999 -9999 -9999 -9999 -9999 -9999 -9999 -9999 -9999 -9999 -9999 -9999 -9999 -9999 -9999 -9999 -9999 -9999 -9999 -9999 -9999 -9999 -9999 -9999 -9999 -9999 -9999 -9999 -9999 -9999 -9999 -9999 -9999 -9999 -9999 -9999 -9999 -9999 -9999 -9999 -9999 -9999 -9999 -9999 -9999 -9999 -9999 -9999 -9999 -9999 -9999 -9999 -9999 -9999 -9999
-9999 -9999 -9999 -9999 -9999 -9999 -9999 -9999 -9999 -9999 -9999 -9999 -9999 -9999 -9999 -9999 -9999 -9999 -9999 -9999 -9999 -9999 -9999 -9999 -9999 -9999 -9999 -9999 -9999 -9999 -9999 -9999 -9999 -9999 -9999 -9999 -9999 -9999 -9999 -9999 -9999 -9999 -9999 -9999 -9999 -9999 -9999 -9999 -9999 -9999 -9999 -9999 -9999 -9999 -9999 -9999 -9999 -9999 -9999 -9999 -9999 -9999 -9999 -9999 -9999 -9999 -9999
