GISdata/Popn density Austria 2015.asc
ncols         216
nrows         96
xllcorner     9
yllcorner     46
cellsize      0.0416666666667
NODATA_value  -9999
[rows 31 to 61 of 96, columns 140 to 209 of 216]
45.64861 45.64861 45.64861 41.37246 32.24955 33.39632 33.31681 33.53654 30.16087 29.95858 29.95858 29.95858 29.95858 29.95858 33.14606 38.52174 38.52174 38.52174 38.52174 38.52174 38.52174 38.52174 38.52174 40.08967 43.4902 45.01049 46.64536 47.53899 47.53899 47.53899 47.53899 47.53899 47.75067 53.54625 54.32207 54.32207 54.32207 54.32207 54.32207 54.32207 54.32207 54.32207 54.32207 54.32207 54.32207 54.32207 54.32207 54.32207 54.32207 54.32207 54.32207 -9999 -9999 -9999 -9999 -9999 -9999 -9999 -9999 -9999 -9999 -9999 -9999 -9999 -9999 -9999 -9999 -9999 -9999 -9999
45.64861 45.64861 45.16318 44.01038 32.4546 29.95858 29.95858 29.95858 29.95858 29.95858 29.95858 29.95858 29.95858 29.95858 31.54267 33.73337 37.39853 38.88034 38.52174 38.52174 38.52174 38.52174 38.52174 38.52174 38.52174 39.50325 46.94583 47.53899 47.53899 47.53899 47.53899 47.53899 48.09703 49.67101 53.45515 54.32207 54.32207 54.32207 54.32207 54.32207 54.32207 54.32207 54.32207 54.32207 54.85495 54.72084 56.59447 54.68184 56.17002 56.91011 63.0556 -9999 -9999 -9999 -9999 -9999 -9999 -9999 -9999 -9999 -9999 -9999 -9999 -9999 -9999 -9999 -9999 -9999 -9999 -9999
35.70349 31.64753 32.53805 30.01925 29.95858 29.95858 29.95858 29.95858 29.95858 29.95858 29.95858 34.88482 39.7781 32.42199 45.69857 46.89011 55.41842 56.51128 43.21963 38.52174 38.52174 38.54506 38.52198 39.93177 42.73223 43.5159 47.53899 47.53899 47.53899 47.53899 47.53899 47.53899 47.53899 47.53899 50.16439 56.31334 66.45844 54.32207 54.32207 54.32207 54.32207 54.32207 54.32207 54.32207 58.80883 70.27037 74.06274 70.75446 70.49651 74.06274 74.06274 -9999 -9999 -9999 -9999 -9999 -9999 -9999 -9999 -9999 -9999 -9999 -9999 -9999 -9999 -9999 -9999 -9999 -9999 -9999
30.3414 29.95858 29.95858 29.95858 29.95858 29.95858 29.95858 29.95858 29.95858 29.95858 29.95858 39.71783 56.95237 57.20837 57.86164 57.86164 57.86164 57.86164 53.9077 52.04387 51.44543 56.07829 47.34685 47.53899 47.53899 47.53899 47.53899 47.53899 47.53899 47.53899 47.53899 47.53899 47.98962 79.58385 88.35621 106.056 112.3387 61.83837 54.32207 54.32207 54.32207 54.32207 54.32207 54.32207 64.59962 74.06274 74.06274 74.06274 74.06274 74.06274 74.06274 -9999 -9999 -9999 -9999 -9999 -9999 -9999 -9999 -9999 -9999 -9999 -9999 -9999 -9999 -9999 -9999 -9999 -9999 -9999
56.66115 46.55946 30.38364 29.95858 29.95858 29.95858 29.95858 29.95858 29.95858 29.95858 29.95858 41.14411 57.86164 57.86164 57.86164 57.86164 57.86164 57.86164 57.86164 57.86164 57.86164 56.2814 48.30568 47.53899 47.53899 47.53899 47.53899 47.61089 47.53899 47.53899 47.53899 47.53899 83.60362 118.2091 118.2091 118.2091 118.2091 101.0262 59.81973 54.32207 54.32207 54.32207 54.32207 58.34722 69.4307 74.06274 74.06274 74.06274 74.06274 74.06274 74.06274 -9999 -9999 -9999 -9999 -9999 -9999 -9999 -9999 -9999 -9999 -9999 -9999 -9999 -9999 -9999 -9999 -9999 -9999 -9999
63.3078 34.94405 29.97942 29.95858 29.95858 29.95858 29.95858 29.95858 29.95858 29.95858 32.73306 52.57279 57.86164 57.86164 57.86164 57.86164 57.86164 57.86164 57.86164 57.86164 57.86164 57.86164 66.61909 95.23721 93.96323 95.39806 85.47768 98.28734 103.0464 91.81111 65.26508 66.4386 103.0276 118.2091 118.2091 118.2091 118.2091 118.2091 75.04633 54.32207 54.32207 58.46421 60.11694 67.39828 74.06274 74.06274 74.06274 74.06274 74.06274 74.06274 74.06274 -9999 -9999 -9999 -9999 -9999 -9999 -9999 -9999 -9999 -9999 -9999 -9999 -9999 -9999 -9999 -9999 -9999 -9999 -9999
64.1376 54.48088 35.81242 29.95858 29.95858 29.95858 29.95858 29.95858 29.95858 29.95858 29.95858 32.33218 52.59241 57.86164 57.86164 57.86164 114.0388 236.0236 289.4481 169.6893 57.86164 57.86164 89.25729 107.7515 107.7515 107.7515 107.7515 108.4625 115.168 118.2091 118.2091 118.2091 118.2091 118.2091 118.2091 118.2091 118.2091 114.124 74.98349 54.32207 54.32207 64.89214 74.06274 74.06274 74.06274 74.06274 74.06274 74.06274 74.06274 -9999 -9999 -9999 -9999 -9999 -9999 -9999 -9999 -9999 -9999 -9999 -9999 -9999 -9999 -9999 -9999 -9999 -9999 -9999 -9999 -9999
68.04814 91.59099 83.79614 33.79324 30.08878 29.95858 29.95858 29.95858 29.95858 30.01857 30.3525 39.19773 46.02195 57.78925 57.86164 57.86164 80.17895 198.755 189.2202 366.5655 210.9988 108.4506 103.344 107.7515 107.7515 107.7515 107.7515 109.4879 117.7782 118.2091 118.2091 118.2091 118.2091 118.2091 118.2091 118.2091 118.2091 118.1759 67.02229 54.32207 54.32207 55.2995 70.4707 74.06274 74.06274 74.06274 74.06274 74.06274 74.06274 -9999 -9999 -9999 -9999 -9999 -9999 -9999 -9999 -9999 -9999 -9999 -9999 -9999 -9999 -9999 -9999 -9999 -9999 -9999 -9999 -9999
107.7296 109.4652 104.1676 68.48829 64.84022 49.97748 35.68999 37.95651 55.70731 59.27911 68.62314 63.40143 58.0181 57.86164 57.86164 57.86164 57.86164 61.0879 58.55071 69.38856 127.6236 91.85428 86.72729 96.25297 106.8963 107.7515 107.7515 107.829 107.856 110.4806 113.9248 112.9679 110.7329 112.1147 157.341 135.9073 118.2091 118.2091 105.1261 108.8882 59.8632 54.32207 54.88868 68.12071 74.06274 74.06274 74.06274 74.06274 74.06274 74.06274 -9999 -9999 -9999 -9999 -9999 -9999 -9999 -9999 -9999 -9999 -9999 -9999 -9999 -9999 -9999 -9999 -9999 -9999 -9999 -9999
109.4652 109.4652 106.8212 90.86052 72.09628 72.09628 71.09587 71.1939 72.09628 72.09628 72.09628 63.08249 57.86164 59.87029 67.44466 66.74857 76.5255 85.07829 84.04614 84.02082 85.07938 85.07938 91.62003 102.9033 107.7515 107.7515 107.7515 107.7515 107.7515 107.7515 107.7515 107.7515 107.7515 147.3986 207.0756 219.1507 142.8601 2120.822 1448.582 264.4856 120.351 71.29547 66.77966 71.04508 74.06274 74.06274 74.06274 74.06274 74.06274 74.06274 -9999 -9999 -9999 -9999 -9999 -9999 -9999 -9999 -9999 -9999 -9999 -9999 -9999 -9999 -9999 -9999 -9999 -9999 -9999 -9999
109.4652 109.4652 109.4652 98.41505 72.09628 72.09628 72.09628 72.09628 72.09628 72.09628 71.87976 66.44256 67.34512 68.74867 72.36679 76.29478 84.28912 85.07938 85.07938 87.79276 183.5336 151.0802 85.07938 88.28958 106.1171 103.1207 102.4839 107.6071 107.7515 108.167 116.7452 150.773 302.0045 596.964 603.0513 2164.173 2990.298 3503.594 3388.458 2886.54 1861.737 134.1202 74.06274 74.06274 74.06274 74.06274 74.06274 74.06274 74.06274 74.06274 74.06274 -9999 -9999 -9999 -9999 -9999 -9999 -9999 -9999 -9999 -9999 -9999 -9999 -9999 -9999 -9999 -9999 -9999 -9999 -9999
105.6378 99.33535 100.6137 78.39243 72.09628 72.09628 72.09628 72.09628 72.09628 72.09628 72.09628 72.09628 72.09628 72.09628 76.39465 84.99796 85.07938 105.1934 278.5511 371.6915 414.2501 254.7443 85.07938 85.07938 92.80777 88.09568 85.24993 97.8906 121.9655 185.101 208.4532 220.4797 1162.142 3293.985 3311.979 3527.633 3527.633 3527.633 3527.633 3527.633 3512.411 479.1017 74.06274 74.06274 74.06274 74.06274 74.06274 74.06274 74.06274 74.06274 74.06274 74.06274 -9999 -9999 -9999 -9999 -9999 -9999 -9999 -9999 -9999 -9999 -9999 -9999 -9999 -9999 -9999 -9999 -9999 -9999
93.24577 90.80688 90.84222 78.50845 72.09628 72.09628 72.09628 72.09628 72.09628 72.09628 72.09628 72.09628 72.09628 72.09628 78.21766 85.07938 85.07938 213.7319 414.2462 360.8091 142.0693 85.62492 85.07938 85.07938 85.07938 85.07938 85.07938 103.26 191.9721 220.4665 220.4797 224.0417 1085.931 3527.633 3527.633 3527.633 3527.633 3527.633 3527.633 3527.633 3303.913 236.5321 74.06274 74.06274 74.06274 74.06274 74.06274 74.06274 74.06274 74.06274 74.84858 75.05921 -9999 -9999 -9999 -9999 -9999 -9999 -9999 -9999 -9999 -9999 -9999 -9999 -9999 -9999 -9999 -9999 -9999 -9999
90.80688 90.80688 90.80688 78.1293 71.81192 64.55982 60.41441 62.55603 70.92632 72.09628 72.09628 72.09628 72.09628 72.09628 72.86786 79.71296 83.9631 97.65414 376.91 276.0644 85.07938 85.07938 85.07938 85.07938 85.07938 85.07938 85.07938 128.5066 206.9842 240.7013 269.2084 342.127 630.1966 2712.425 3022.919 3201.337 3068.292 3508.302 2887.413 1346.569 1217.591 1830.719 121.828 86.41266 74.06274 74.33492 74.08241 74.06274 75.8968 76.69464 79.341 79.7482 79.74819 79.7482 -9999 -9999 -9999 -9999 -9999 -9999 -9999 -9999 -9999 -9999 -9999 -9999 -9999 -9999 -9999 -9999
90.80688 90.80688 90.80688 88.15323 53.27595 38.81589 38.81589 40.12312 44.07048 57.57691 72.01439 72.09628 72.09628 72.09628 74.63262 80.70287 84.90672 85.07938 95.18068 103.0615 78.96422 84.74008 85.07938 85.07938 85.07938 88.45116 153.0987 179.8636 182.0501 359.8158 388.1487 388.1487 388.1487 395.6093 388.1487 468.8929 388.1435 461.9288 360.009 220.4797 220.4797 220.4797 203.1691 153.231 78.96149 79.54819 78.7193 79.30177 79.61626 79.7482 79.7482 73.23366 73.78384 63.16985 56.41566 -9999 -9999 -9999 -9999 -9999 -9999 -9999 -9999 -9999 -9999 -9999 -9999 -9999 -9999 -9999
90.80688 90.80688 90.30379 62.17318 40.33681 38.81589 38.81589 38.81589 38.81589 38.81589 49.48373 72.08578 72.09628 74.26669 82.25653 85.07938 76.76716 47.30156 46.09837 31.88344 27.1831 30.99292 38.16853 37.65454 49.81441 123.8615 165.7706 180.025 180.025 182.7304 246.4271 258.1599 383.8615 388.1487 388.1487 387.0254 388.1487 345.9679 220.4912 220.4797 216.8729 171.4341 94.19672 79.7482 79.7482 79.7482 79.7482 79.73507 70.91261 63.36023 75.75801 78.80878 59.77063 56.41566 56.41566 -9999 -9999 -9999 -9999 -9999 -9999 -9999 -9999 -9999 -9999 -9999 -9999 -9999 -9999 -9999
87.5004 65.75428 42.65083 38.8159 38.81589 38.81589 38.81589 38.81589 38.81589 38.81589 59.07215 77.99232 81.22327 85.02554 85.07938 85.07938 60.76258 27.1831 27.1831 27.1831 27.1831 27.1831 27.1831 27.1831 27.1833 27.681 105.5789 180.025 180.025 180.025 180.025 180.025 186.9789 221.097 215.3652 206.319 286.696 352.995 220.4481 213.287 135.1904 80.02493 79.7482 79.7482 78.55402 72.82648 69.70822 63.81025 56.79316 56.41566 56.41566 60.38668 56.41566 56.41566 56.41566 56.41566 -9999 -9999 -9999 -9999 -9999 -9999 -9999 -9999 -9999 -9999 -9999 -9999 -9999 -9999
87.20006 79.22491 56.08531 38.81589 38.81589 38.81589 38.81589 38.81589 38.81589 38.81589 57.68285 85.07938 85.07938 85.07938 83.97711 71.42602 27.57466 27.1831 27.1831 27.1831 27.1831 27.1831 27.1831 27.1831 46.52407 169.0887 166.0513 180.025 180.025 180.025 180.025 180.025 180.025 180.025 180.025 180.025 180.025 180.025 185.756 181.5336 179.1049 99.65392 79.74819 79.85898 78.12836 58.61492 56.41566 56.41566 56.41566 56.41566 56.41566 56.41566 56.41566 56.41566 56.41566 56.41566 -9999 -9999 -9999 -9999 -9999 -9999 -9999 -9999 -9999 -9999 -9999 -9999 -9999 -9999
90.7743 90.80688 80.79098 56.1825 39.5014 38.81589 38.81589 38.81589 38.81589 38.81589 43.16121 64.91161 85.07938 83.92419 40.72519 27.1831 27.1831 27.1831 27.1831 27.1831 27.1831 30.63648 47.31266 53.09858 65.76302 86.81022 112.7588 137.7752 166.152 180.025 180.025 180.025 180.025 178.6409 180.025 180.025 180.025 180.025 160.7151 133.5361 115.8359 79.78065 80.25002 90.26731 93.74097 91.43855 68.73143 56.41566 56.41566 56.41566 56.41566 56.41566 56.41566 56.41566 56.41566 -9999 -9999 -9999 -9999 -9999 -9999 -9999 -9999 -9999 -9999 -9999 -9999 -9999 -9999 -9999
90.78703 90.80688 88.95748 57.08443 40.51251 38.81589 38.81589 38.81589 38.81589 38.81589 37.86494 37.79494 60.82872 37.93894 27.1831 27.1831 27.1831 27.1831 27.1831 39.12436 52.47867 75.09486 77.1627 77.1627 77.1627 77.1627 77.1627 77.1627 115.2755 118.7813 151.9734 148.3158 113.1456 95.05486 83.19837 105.3805 134.3537 152.522 99.76276 93.74171 95.8984 105.5948 90.96114 93.74171 93.74171 93.74171 93.74171 56.41566 56.41566 56.41566 56.41566 56.41566 56.41566 56.41566 56.41566 -9999 -9999 -9999 -9999 -9999 -9999 -9999 -9999 -9999 -9999 -9999 -9999 -9999 -9999 -9999
90.80688 90.80688 66.54931 38.81589 38.81589 38.81589 38.81589 38.60004 32.64959 28.83023 27.48587 27.1831 27.1831 27.1831 27.1831 27.1831 27.1831 27.1831 29.76902 72.84544 72.42742 72.70316 76.51051 77.12795 77.1627 77.1627 77.1627 77.1627 77.1627 77.1627 77.1627 77.1627 178.0496 361.9832 206.3658 77.1627 79.58175 92.36759 93.74171 129.537 275.1008 260.4706 95.65845 93.74171 93.74171 93.50482 -9999 56.41566 56.41566 56.41566 56.41566 56.41566 56.41566 56.41566 56.41566 -9999 -9999 -9999 -9999 -9999 -9999 -9999 -9999 -9999 -9999 -9999 -9999 -9999 -9999 -9999
86.98602 63.40941 39.04736 38.81589 38.81589 38.81589 38.81589 38.81589 36.98235 30.60054 27.48189 38.54966 40.97616 34.90924 27.1831 27.1831 27.1831 27.1831 35.04934 67.71929 70.13612 70.13612 70.13612 75.37077 73.66602 71.94443 73.00768 73.15509 73.40331 74.83339 75.70234 76.70717 245.9524 626.7446 432.0452 94.68105 122.3829 114.5552 107.7403 106.4492 222.1242 103.9833 93.74171 97.02753 98.72932 95.25999 56.41566 56.41566 56.41566 56.41566 56.41566 56.41566 56.41566 56.41566 -9999 -9999 -9999 -9999 -9999 -9999 -9999 -9999 -9999 -9999 -9999 -9999 -9999 -9999 -9999 -9999
65.88566 38.81589 38.81589 38.81589 38.60823 38.81589 38.81589 39.62029 39.73126 43.79925 43.78092 43.86982 43.86982 43.38502 40.48866 35.64199 29.63845 27.1831 39.39872 70.13612 70.13612 70.13612 70.13612 70.558 70.13612 70.13612 70.13612 70.13612 70.13612 70.13612 70.13612 141.8877 474.8396 355.0941 78.57545 144.7939 161.2273 161.2273 161.2273 158.7135 99.68503 93.74171 93.74171 93.90594 94.86321 102.8152 56.41566 56.41566 56.41566 56.41566 56.41566 56.41566 56.41566 56.41566 -9999 -9999 -9999 -9999 -9999 -9999 -9999 -9999 -9999 -9999 -9999 -9999 -9999 -9999 -9999 -9999
36.67683 37.31366 34.21099 27.29136 24.75323 26.50209 33.38737 42.2547 43.86982 43.86982 43.86982 43.86982 43.86982 44.02084 44.56646 44.60671 43.73463 44.01163 46.17637 64.28643 68.92654 69.46371 70.13612 70.13612 70.13612 70.13612 70.13612 70.13612 70.13612 70.13612 70.13612 92.03905 86.29913 77.56259 77.25883 155.3624 161.2273 161.2273 161.2273 161.2273 154.5462 140.2682 -9999 93.74171 93.74171 56.41566 56.41565 56.41566 56.41566 56.41566 56.41566 56.41566 56.41566 56.41566 56.41566 -9999 -9999 -9999 -9999 -9999 -9999 -9999 -9999 -9999 -9999 -9999 -9999 -9999 -9999 -9999
23.88572 23.88572 23.88572 23.88572 23.88572 25.61883 43.643 43.86982 43.86982 43.86982 43.86982 43.86982 43.86982 44.3492 44.60671 44.60671 44.60671 44.60671 44.60671 44.60671 45.90674 63.11717 70.13612 70.13612 70.13612 70.13612 70.13612 70.13612 70.13612 70.13612 70.13612 70.13612 70.48182 76.55884 77.1627 108.7697 147.4174 161.2273 161.2273 161.2273 161.2273 -9999 -9999 -9999 -9999 56.41566 56.41566 56.41566 56.41566 56.41566 56.41566 56.41566 56.41566 56.41566 56.41566 -9999 -9999 -9999 -9999 -9999 -9999 -9999 -9999 -9999 -9999 -9999 -9999 -9999 -9999 -9999
23.88572 23.88572 23.88572 23.88572 23.88572 29.32909 43.86982 43.86982 43.86982 43.86982 43.86982 43.86982 43.86982 44.09468 44.60671 44.60671 44.60671 44.60671 44.60671 44.60671 44.60671 53.42446 62.23376 63.49283 70.13612 70.13612 70.13612 70.13612 70.13612 70.13612 70.13612 70.13612 71.14198 77.1627 77.1627 77.1627 89.17672 123.5043 52.53059 49.87881 49.87881 49.87881 49.87881 49.87881 -9999 -9999 -9999 -9999 -9999 -9999 -9999 -9999 -9999 -9999 -9999 -9999 -9999 -9999 -9999 -9999 -9999 -9999 -9999 -9999 -9999 -9999 -9999 -9999 -9999 -9999
32.11198 37.3902 41.04048 32.1507 34.06429 38.67331 43.86982 43.86982 43.86982 43.86982 43.86982 43.86982 43.86982 43.90026 44.45195 44.60671 44.60671 44.60671 44.60671 44.60671 44.60671 44.60671 44.60671 44.6241 59.60982 70.13612 70.13612 70.13612 70.13612 70.13612 70.13612 70.13612 74.60513 77.1627 77.1627 76.26206 57.17292 49.87881 49.87881 49.87881 49.87881 49.87881 49.87881 49.87881 49.87881 -9999 -9999 -9999 -9999 -9999 -9999 -9999 -9999 -9999 -9999 -9999 -9999 -9999 -9999 -9999 -9999 -9999 -9999 -9999 -9999 -9999 -9999 -9999 -9999 -9999
51.57207 51.57207 50.18291 46.14593 43.86982 43.86982 43.86982 43.86982 43.86982 43.86982 43.86982 43.86982 43.86982 43.88104 44.57364 44.60671 44.60671 44.60671 44.60671 44.60671 44.60671 46.6511 61.4405 67.88445 71.78036 74.14292 70.13612 70.13612 70.13612 70.13612 70.13612 71.3494 73.09571 77.1627 77.1627 66.35357 49.87881 49.87881 49.87881 49.87881 49.87881 49.87881 49.87881 49.87881 49.87881 49.87881 -9999 -9999 -9999 -9999 -9999 -9999 -9999 -9999 -9999 -9999 -9999 -9999 -9999 -9999 -9999 -9999 -9999 -9999 -9999 -9999 -9999 -9999 -9999 -9999
51.57207 51.57207 51.57207 51.09408 49.46202 44.04271 43.86982 43.86982 43.86982 43.86982 43.86982 43.86982 43.86982 44.22888 44.60671 44.60671 44.60671 44.60671 44.60671 47.40641 59.67956 75.54117 77.70954 78.10079 78.3589 74.74277 68.54169 68.9501 69.35469 70.06469 69.24442 71.84803 76.41444 77.15311 77.1627 75.3056 51.19149 49.87881 49.87881 49.87881 49.87881 49.87881 49.87881 49.87881 49.87881 49.87881 -9999 -9999 -9999 -9999 -9999 -9999 -9999 -9999 -9999 -9999 -9999 -9999 -9999 -9999 -9999 -9999 -9999 -9999 -9999 -9999 -9999 -9999 -9999 -9999
51.57207 51.57207 51.57207 51.57207 51.57207 46.5956 43.86982 43.86982 43.86982 43.86982 43.86982 43.86982 43.86982 44.33953 44.60671 44.60671 44.60671 44.60671 54.65815 72.23383 78.76286 72.92293 67.49202 67.55502 67.6973 67.43037 67.43037 67.43037 67.43229 67.85186 67.78448 71.30835 77.16098 77.1627 76.70045 60.33911 49.87881 49.87881 49.87881 49.87881 49.87881 49.87881 49.87881 49.87881 49.87881 -9999 -9999 -9999 -9999 -9999 -9999 -9999 -9999 -9999 -9999 -9999 -9999 -9999 -9999 -9999 -9999 -9999 -9999 -9999 -9999 -9999 -9999 -9999 -9999 -9999
51.57207 51.57207 51.57207 51.57207 51.57207 51.46923 48.67096 48.33247 43.97902 43.86982 43.86982 43.86982 43.86982 44.14152 44.47501 44.59606 44.60671 45.05714 76.47664 78.76286 78.76286 78.69828 68.20814 67.43037 67.43037 67.43037 67.43037 67.43037 67.43037 67.43037 67.43037 71.56472 75.59412 73.42616 67.70565 52.05164 49.87881 49.87881 49.87881 49.87881 49.87881 49.87881 49.87881 49.87881 -9999 -9999 -9999 -9999 -9999 -9999 -9999 -9999 -9999 -9999 -9999 -9999 -9999 -9999 -9999 -9999 -9999 -9999 -9999 -9999 -9999 -9999 -9999 -9999 -9999 -9999
