GISdata/Popn density Spain 2015.asc
ncols        374
nrows        216
xllcorner    -9.958333333325
yllcorner    35.541666666674
cellsize     0.041666666667
NODATA_value  -9999
[rows 24 to 47 of 216, columns 162 to 215 of 374]
-9999 -9999 -9999 -9999 -9999 -9999 -9999 -9999 -9999 -9999 -9999 -9999 -9999 -9999 -9999 -9999 -9999 -9999 -9999 -9999 -9999 -9999 -9999 -9999 -9999 -9999 -9999 -9999 -9999 -9999 -9999 -9999 -9999 -9999 -9999 -9999 -9999 -9999 -9999 -9999 -9999 -9999 -9999 -9999 -9999 -9999 -9999 -9999 -9999 -9999 -9999 -9999 -9999 -9999
-9999 -9999 -9999 -9999 -9999 -9999 -9999 -9999 -9999 -9999 -9999 -9999 -9999 -9999 -9999 -9999 -9999 -9999 -9999 -9999 -9999 -9999 -9999 -9999 -9999 -9999 -9999 -9999 -9999 -9999 -9999 -9999 -9999 -9999 -9999 -9999 -9999 -9999 -9999 -9999 -9999 -9999 -9999 -9999 -9999 -9999 -9999 -9999 -9999 -9999 -9999 -9999 -9999 -9999
-9999 -9999 -9999 -9999 -9999 -9999 360.81439208984375 58.961750030517578 54.485240936279297 87.790702819824219 362.54168701171875 422.77719116210937 146.34669494628906 -9999 -9999 -9999 -9999 -9999 -9999 -9999 -9999 -9999 -9999 -9999 -9999 -9999 -9999 -9999 -9999 -9999 -9999 -9999 -9999 -9999 -9999 -9999 -9999 -9999 -9999 -9999 -9999 -9999 -9999 -9999 -9999 -9999 -9999 -9999 -9999 -9999 -9999 -9999 -9999 -9999
197.60710144042969 -9999 113.3197021484375 -9999 4803.84521484375 593.96087646484375 355.47329711914062 44.649978637695313 91.831703186035156 189.18049621582031 326.29119873046875 314.25860595703125 108.45559692382812 56.18450927734375 45.538570404052734 48.745540618896484 1045.0040283203125 -9999 -9999 -9999 -9999 -9999 -9999 -9999 -9999 -9999 -9999 -9999 -9999 -9999 -9999 -9999 464.23590087890625 464.23590087890625 464.23590087890625 -9999 -9999 -9999 -9999 -9999 -9999 -9999 -9999 -9999 -9999 -9999 -9999 -9999 -9999 -9999 -9999 -9999 -9999 -9999
197.60710144042969 245.53239440917969 159.3114013671875 2784.1240234375 5527.28076171875 1587.4300537109375 460.13101196289062 84.976158142089844 223.49459838867187 161.59629821777344 34.72930908203125 49.808139801025391 68.361457824707031 42.427310943603516 27.460750579833984 24.926250457763672 376.95120239257812 104.91480255126953 248.77549743652344 -9999 -9999 -9999 -9999 -9999 -9999 -9999 -9999 -9999 -9999 2594.2060546875 2089.5830078125 1214.06005859375 634.34088134765625 617.723876953125 1083.2349853515625 -9999 -9999 -9999 -9999 -9999 -9999 -9999 -9999 -9999 -9999 -9999 -9999 -9999 -9999 -9999 -9999 -9999 -9999 -9999
177.44869995117187 201.65159606933594 369.6007080078125 1550.5789794921875 5606.76513671875 2651.68408203125 603.33392333984375 285.62051391601562 197.16099548339844 74.661170959472656 31.627960205078125 93.98712158203125 778.8939208984375 44.328609466552734 20.751760482788086 19.920610427856445 26.992630004882813 43.841339111328125 604.48382568359375 151.93519592285156 124.92469787597656 91.0789794921875 595.91192626953125 275.40701293945312 284.14041137695312 1130.2230224609375 497.59091186523437 1979.01904296875 2509.72900390625 2594.2060546875 2116.034912109375 764.583984375 343.37579345703125 881.21197509765625 1176.56103515625 866.4385986328125 97.966712951660156 97.966720581054688 97.966720581054688 19.711080551147461 30.514970779418945 -9999 -9999 -9999 -9999 -9999 -9999 -9999 -9999 -9999 -9999 -9999 -9999 -9999
44.414249420166016 33.504489898681641 30.505739212036133 380.08551025390625 2296.173095703125 4403.85498046875 5517.61083984375 3534.402099609375 289.3153076171875 99.015602111816406 75.318962097167969 84.128570556640625 24.22007942199707 15.193619728088379 14.427080154418945 30.89518928527832 53.912128448486328 53.651248931884766 72.432037353515625 106.96080017089844 89.185623168945313 90.395988464355469 157.09199523925781 301.5203857421875 663.572509765625 573.3814697265625 188.97129821777344 396.02450561523438 1891.7120361328125 1029 462.31369018554687 1088.7039794921875 386.4197998046875 132.74070739746094 120.64810180664062 48.275981903076172 74.212089538574219 73.580253601074219 16.514570236206055 30.639989852905273 34.424758911132812 22.794919967651367 19.711080551147461 19.711080551147461 -9999 -9999 -9999 -9999 -9999 -9999 -9999 -9999 -9999 -9999
77.557327270507813 147.25199890136719 85.148643493652344 93.186332702636719 647.48828125 1872.5770263671875 5462.47021484375 3380.498046875 812.45361328125 598.7943115234375 231.11309814453125 223.88409423828125 123.35359954833984 61.080898284912109 63.438430786132812 56.393161773681641 54.931140899658203 379.2847900390625 244.96319580078125 192.47320556640625 100.76850128173828 111.93609619140625 95.731246948242188 67.184921264648438 74.985366821289063 29.528099060058594 74.458168029785156 309.86788940429687 749.1116943359375 273.83349609375 360.43740844726562 954.934326171875 281.89968872070312 45.060020446777344 25.891300201416016 36.948348999023437 37.140480041503906 17.914840698242188 16.514570236206055 18.391290664672852 19.711080551147461 19.711080551147461 19.711080551147461 19.711080551147461 -9999 -9999 -9999 -9999 -9999 -9999 -9999 -9999 -9999 -9999
212.59970092773437 162.27589416503906 89.3551025390625 64.751617431640625 44.304370880126953 121.38020324707031 173.02529907226562 403.20858764648437 250.99189758300781 91.060157775878906 167.38420104980469 172.71530151367187 278.06210327148437 323.12319946289062 127.68579864501953 101.90229797363281 623.44671630859375 1084.4110107421875 592.50787353515625 245.99189758300781 182.24980163574219 166.33050537109375 174.62699890136719 114.87359619140625 22.642160415649414 31.981969833374023 50.84368896484375 209.70660400390625 317.9873046875 173.20700073242187 241.78550720214844 25.416309356689453 9.6594753265380859 9.6528167724609375 14.656680107116699 19.703170776367188 17.832630157470703 14.424750328063965 15.633580207824707 19.324680328369141 19.711080551147461 19.711080551147461 19.711080551147461 19.711080551147461 -9999 -9999 -9999 -9999 -9999 -9999 -9999 -9999 -9999 -9999
12.063139915466309 39.816379547119141 28.563169479370117 24.330600738525391 146.05070495605469 459.52359008789062 178.54389953613281 43.548679351806641 17.992559432983398 38.433528900146484 68.065071105957031 14.535409927368164 471.76251220703125 592.0679931640625 267.59451293945312 149.67739868164062 166.91349792480469 75.405326843261719 175.09150695800781 177.8966064453125 167.34809875488281 199.44039916992187 174.66679382324219 128.82820129394531 18.13538932800293 22.482339859008789 213.96839904785156 397.3662109375 169.45469665527344 13.145549774169922 17.650749206542969 26.265750885009766 29.300590515136719 8.3606386184692383 13.407939910888672 24.871959686279297 58.980831146240234 44.264778137207031 17.549150466918945 19.693679809570313 19.711080551147461 19.711080551147461 19.711080551147461 19.711080551147461 -9999 -9999 -9999 -9999 -9999 -9999 -9999 -9999 -9999 -9999
14.448829650878906 28.312419891357422 18.913679122924805 14.310830116271973 60.212100982666016 258.74639892578125 35.547561645507812 17.564079284667969 17.632379531860352 46.329360961914063 36.875190734863281 14.530779838562012 21.920549392700195 119.04509735107422 76.435699462890625 110.27950286865234 280.49099731445312 253.07080078125 174.14590454101562 100.83290100097656 224.38259887695312 548.78619384765625 114.88690185546875 228.84559631347656 57.267650604248047 205.48739624023437 218.21290588378906 99.833930969238281 25.501510620117188 18.910970687866211 32.579719543457031 48.861911773681641 23.017360687255859 7.2480912208557129 12.753580093383789 15.86046028137207 31.719240188598633 17.145700454711914 19.287179946899414 19.711080551147461 19.711080551147461 19.711080551147461 19.711080551147461 -9999 9.3309488296508789 9.3309488296508789 9.3309488296508789 -9999 -9999 -9999 -9999 -9999 -9999 -9999
9.0110816955566406 12.542579650878906 14.310830116271973 16.571680068969727 34.412040710449219 93.464729309082031 78.426109313964844 30.508670806884766 17.19325065612793 22.095939636230469 15.425749778747559 14.551910400390625 21.09214973449707 48.350078582763672 19.632120132446289 34.376018524169922 508.6343994140625 542.29718017578125 119.69419860839844 86.084892272949219 159.54029846191406 184.98249816894531 40.404758453369141 318.04150390625 635.94049072265625 76.26080322265625 27.507219314575195 166.95350646972656 161.09590148925781 16.693859100341797 22.313970565795898 38.544898986816406 10.046480178833008 7.6715002059936523 9.7156772613525391 11.970609664916992 16.187980651855469 17.256689071655273 19.616739273071289 19.421119689941406 16.791599273681641 19.184549331665039 12.859259605407715 -9999 9.3309488296508789 9.3309488296508789 8.9798812866210937 2.8079369068145752 2.8079369068145752 -9999 -9999 -9999 -9999 -9999
5.2205080986022949 10.98112964630127 16.144590377807617 70.926040649414063 95.458526611328125 94.295539855957031 75.838508605957031 23.973430633544922 14.820560455322266 15.21912956237793 13.597009658813477 12.754159927368164 27.746490478515625 40.382080078125 24.144269943237305 46.347358703613281 104.70899963378906 183.22230529785156 94.8211669921875 88.167350769042969 147.79299926757812 90.330856323242188 52.469860076904297 97.064918518066406 231.37330627441406 112.62909698486328 28.872770309448242 17.342720031738281 44.123001098632812 26.400999069213867 16.852130889892578 50.329521179199219 8.702794075012207 7.9663710594177246 8.0935850143432617 15.858260154724121 16.016759872436523 15.335280418395996 8.4323129653930664 7.5027809143066406 9.7875728607177734 7.8203930854797363 5.2951459884643555 5.309380054473877 9.970637321472168 4.9452328681945801 3.0201609134674072 2.8079369068145752 2.8079369068145752 3.2863869667053223 5.0640878677368164 5.0640878677368164 -9999 -9999
2.4075601100921631 2.4075601100921631 2.3255660533905029 11.138230323791504 87.760108947753906 89.014678955078125 15.78594970703125 13.968910217285156 14.817170143127441 14.817299842834473 12.939040184020996 11.975970268249512 17.298740386962891 27.99955940246582 27.668649673461914 30.753170013427734 67.095756530761719 110.62770080566406 87.997703552246094 87.791587829589844 108.85690307617187 55.382839202880859 62.780078887939453 59.481918334960937 25.088970184326172 46.619430541992188 28.307489395141602 12.806300163269043 8.9095973968505859 6.5835361480712891 9.7257814407348633 10.560279846191406 8.98779296875 8.4535140991210937 9.4339151382446289 11.521169662475586 15.735300064086914 13.022720336914063 6.6558370590209961 8.2243881225585938 9.7271614074707031 7.4813938140869141 5.2917652130126953 5.2917652130126953 9.195836067199707 11.657580375671387 6.3085308074951172 4.0900921821594238 3.4046170711517334 4.6932578086853027 5.0640878677368164 5.0640878677368164 5.0640878677368164 4.9758481979370117
3.2723410129547119 2.6958019733428955 2.1138999462127686 2.0028610229492187 7.9916009902954102 25.857089996337891 10.498140335083008 11.25413990020752 14.265399932861328 17.909130096435547 56.780841827392578 11.975970268249512 54.383029937744141 210.14750671386719 34.596809387207031 10.816149711608887 6.3124351501464844 6.2526512145996094 9.3182916641235352 22.824420928955078 20.779409408569336 17.10508918762207 18.338329315185547 66.160377502441406 167.92469787597656 36.859600067138672 53.757080078125 41.561458587646484 66.988296508789063 24.803230285644531 17.777429580688477 13.998290061950684 12.343609809875488 9.0802030563354492 11.564680099487305 10.868209838867188 10.858619689941406 12.825209617614746 7.3049850463867187 7.8209290504455566 9.7271604537963867 7.9712581634521484 5.2917652130126953 3.476248025894165 2.653994083404541 8.6388015747070312 8.9077262878417969 6.1936321258544922 5.7308812141418457 6.5465202331542969 5.2710771560668945 5.1464710235595703 5.3434891700744629 4.3388071060180664
3.7108569145202637 3.5285799503326416 3.0745840072631836 3.2286210060119629 3.595257043838501 4.1673979759216309 4.1780929565429687 3.8490729331970215 184.41929626464844 689.82818603515625 741.72601318359375 598.4093017578125 653.792724609375 506.63919067382812 360.38861083984375 202.79249572753906 6.8120689392089844 6.2526512145996094 9.1960916519165039 22.95166015625 11.370089530944824 22.387369155883789 14.038129806518555 40.817829132080078 180.86689758300781 115.4281005859375 39.272148132324219 58.506259918212891 29.326099395751953 16.299070358276367 13.685580253601074 12.402509689331055 14.169159889221191 14.479459762573242 14.236169815063477 18.824180603027344 18.333709716796875 27.697010040283203 11.28085994720459 9.6042938232421875 9.7271614074707031 7.0641570091247559 4.5555801391601562 2.311237096786499 2.135998010635376 6.9092459678649902 5.4404411315917969 5.8569159507751465 6.4838438034057617 7.8625068664550781 9.6660099029541016 7.947105884552002 9.6963529586791992 4.0976319313049316
2.8430509567260742 2.7342400550842285 3.4888930320739746 3.7108569145202637 4.0015749931335449 4.315371036529541 4.161768913269043 3.966792106628418 98.185508728027344 305.52450561523437 528.89727783203125 746.14111328125 746.14111328125 666.33428955078125 647.93280029296875 433.74359130859375 35.896141052246094 26.558740615844727 21.997100830078125 88.072853088378906 23.167270660400391 10.40779972076416 16.049379348754883 15.539509773254395 30.000009536743164 10.080400466918945 1.6108800172805786 1.9839400053024292 3.1036241054534912 2.9709711074829102 2.5930550098419189 5.6774320602416992 8.6311025619506836 13.133469581604004 22.003589630126953 36.861408233642578 564.75909423828125 922.14300537109375 566.79669189453125 35.853641510009766 50.184539794921875 6.5659551620483398 3.1117410659790039 1.9519230127334595 1.8724240064620972 1.8536629676818848 1.7374650239944458 2.0422239303588867 1.1716480255126953 4.3593940734863281 3.8778080940246582 3.7820980548858643 3.0596950054168701 4.6823701858520508
4.4697389602661133 3.6613080501556396 3.7108569145202637 3.7108569145202637 5.4831609725952148 7.4594988822937012 4.1905360221862793 4.6291189193725586 26.930299758911133 34.741458892822266 491.97210693359375 734.80438232421875 746.14111328125 746.14111328125 746.14111328125 281.3616943359375 34.708900451660156 12.994779586791992 8.4622583389282227 61.302639007568359 53.09130859375 1.8367700576782227 0 0 0 3.1519210338592529 0.70508348941802979 1.2868590354919434 8.393681526184082 4.8644227981567383 4.5812950134277344 5.1259732246398926 9.9834299087524414 29.013639450073242 32.915550231933594 87.553840637207031 4705.81201171875 6598.533203125 2498.652099609375 87.963302612304687 49.704750061035156 3.6208450794219971 3.3978760242462158 10.868160247802734 29.569950103759766 13.253979682922363 1.6140569448471069 1.1594400405883789 1.1594400405883789 2.4335930347442627 2.7397160530090332 2.7122499942779541 2.6069209575653076 6.3763151168823242
5.811161994934082 7.1366438865661621 9.6246576309204102 7.0612268447875977 8.0276641845703125 11.218819618225098 7.7157340049743652 5.7119479179382324 8.8100461959838867 16.705249786376953 4.6831269264221191 37.650119781494141 217.826904296875 408.60089111328125 318.89950561523437 67.12359619140625 6.7940611839294434 5.7566938400268555 5.5745129585266113 5.5661540031433105 3.8603219985961914 6.5069799423217773 9.7855615615844727 18.826070785522461 20.676149368286133 13.975429534912109 19.490730285644531 18.262340545654297 16.540300369262695 13.277339935302734 7.3677630424499512 6.5736222267150879 11.582030296325684 14.837989807128906 23.627470016479492 27.467449188232422 415.87799072265625 184.85890197753906 92.474510192871094 93.49005126953125 59.599220275878906 11.934470176696777 16.094659805297852 19.927589416503906 48.339729309082031 10.231570243835449 1.2083289623260498 1.1594400405883789 1.2555350065231323 1.8087589740753174 2.427217960357666 2.6427950859069824 3.1035299301147461 5.3867459297180176
4.1700358390808105 5.2991700172424316 3.3124659061431885 5.6211948394775391 164.94790649414062 40.886539459228516 16.921689987182617 21.696010589599609 10.893540382385254 4.1387619972229004 3.8229498863220215 3.8229498863220215 3.8229498863220215 3.8229498863220215 3.8259899616241455 3.8688089847564697 4.4839820861816406 5.5513629913330078 5.636570930480957 8.777989387512207 10.192049980163574 8.4270620346069336 4.4063000679016113 2.6068758964538574 0.34741270542144775 0.15901610255241394 14.021550178527832 18.366779327392578 19.849639892578125 16.487310409545898 9.716008186340332 5.1839299201965332 13.880840301513672 51.692401885986328 21.177509307861328 24.932279586791992 29.449750900268555 196.89900207519531 81.453681945800781 77.947380065917969 11.582030296325684 6.2130770683288574 3.0591199398040771 2.7864270210266113 3.2594530582427979 3.8628129959106445 2.5469119548797607 1.4754739999771118 1.9672670364379883 2.0871729850769043 2.0880000591278076 2.2604689598083496 3.5501101016998291 3.549576997756958
4.3420019149780273 4.8704609870910645 4.7931008338928223 59.123291015625 254.70350646972656 305.26168823242187 292.04638671875 98.618476867675781 11.616310119628906 10.777469635009766 6.2170248031616211 3.8256258964538574 3.8438758850097656 3.8275101184844971 3.8395709991455078 3.878964900970459 3.8914780616760254 4.3871841430664062 6.1265969276428223 11.987950325012207 11.988129615783691 11.431460380554199 8.5216779708862305 7.9588518142700195 7.8702120780944824 11.04364013671875 14.571089744567871 147.7760009765625 314.35739135742187 16.624750137329102 12.644550323486328 9.5501670837402344 17.383649826049805 51.550098419189453 32.482051849365234 17.500429153442383 12.794050216674805 24.014570236206055 32.741340637207031 32.041580200195313 7.7056231498718262 5.3265681266784668 4.0967040061950684 3.8295090198516846 3.9440970420837402 9.9187965393066406 4.3030648231506348 1.6866790056228638 1.6866790056228638 1.7684530019760132 1.6823580265045166 1.3804889917373657 2.9186429977416992 3.1113340854644775
7.1720890998840332 7.6184821128845215 6.9771599769592285 5.6653847694396973 32.68572998046875 201.92550659179687 247.74789428710937 232.91749572753906 65.427932739257813 16.377250671386719 8.4832935333251953 4.1968178749084473 3.9875569343566895 2.7355339527130127 3.9269340038299561 3.9523379802703857 3.8658909797668457 4.1031250953674316 8.0411758422851562 10.882829666137695 10.366290092468262 9.1331930160522461 9.1566228866577148 8.4534463882446289 22.729690551757813 27.398929595947266 16.895559310913086 56.446750640869141 398.40509033203125 29.41493034362793 24.737640380859375 10.812379837036133 30.00023078918457 45.057300567626953 30.315359115600586 19.471080780029297 14.220600128173828 9.3554706573486328 4.4791698455810547 3.296644926071167 2.5757410526275635 2.2072451114654541 2.9287030696868896 7.9608922004699707 12.537309646606445 24.56171989440918 21.653129577636719 17.103059768676758 14.439009666442871 3.1061310768127441 1.4240649938583374 1.1285339593887329 2.1231110095977783 2.348499059677124
5.3507571220397949 5.4623408317565918 5.6507019996643066 5.5391402244567871 5.1119599342346191 25.363910675048828 59.873088836669922 74.231056213378906 191.60060119628906 56.997730255126953 25.728799819946289 17.181240081787109 8.6101961135864258 8.6899576187133789 9.5148067474365234 10.882619857788086 12.578319549560547 9.5535202026367187 17.47205924987793 15.228529930114746 5.5770320892333984 13.106760025024414 11.216239929199219 7.6073770523071289 10.862460136413574 9.316741943359375 13.246279716491699 12.219840049743652 16.832199096679688 15.173290252685547 19.140039443969727 22.908269882202148 22.320579528808594 23.43147087097168 24.991039276123047 24.352920532226563 32.840000152587891 24.939830780029297 7.8662891387939453 3.3936769962310791 2.6560919284820557 2.8933639526367187 1.8767989873886108 11.272729873657227 19.262130737304687 47.382358551025391 39.485691070556641 15.935520172119141 14.130109786987305 3.4677109718322754 1.4288820028305054 1.3182049989700317 2.7226669788360596 3.9033811092376709
1.9298499822616577 2.6010830402374268 3.7380959987640381 6.5133261680603027 8.0653448104858398 17.109249114990234 27.400440216064453 133.23280334472656 188.95640563964844 34.497188568115234 22.510360717773438 20.06028938293457 22.307640075683594 23.954700469970703 17.290849685668945 17.856159210205078 21.205390930175781 17.296070098876953 41.963829040527344 43.269340515136719 15.33003044128418 13.823260307312012 8.473175048828125 14.188460350036621 21.872289657592773 15.346619606018066 19.896839141845703 16.707839965820313 25.068710327148438 22.044179916381836 19.893510818481445 23.833049774169922 24.406339645385742 24.720199584960937 27.193130493164062 46.524250030517578 63.882381439208984 17.911399841308594 3.0249431133270264 4.3105049133300781 3.9112179279327393 5.617365837097168 5.0531778335571289 11.671290397644043 17.824640274047852 44.984138488769531 57.041980743408203 57.031269073486328 9.0879440307617188 1.3076490163803101 1.7548999786376953 1.1463539600372314 1.4999289512634277 2.1618819236755371
