GISdata/Popn density Denmark 2015.asc
ncols         216
nrows         96
xllcorner     7
yllcorner     54
cellsize      0.0416666666667
NODATA_value  -9999
[rows 31 to 61 of 96, columns 0 to 69 of 216]
-9999 -9999 -9999 -9999 -9999 -9999 -9999 -9999 -9999 -9999 -9999 -9999 -9999 -9999 -9999 -9999 -9999 -9999 -9999 -9999 -9999 -9999 -9999 -9999 -9999 -9999 -9999 -9999 93.93081 85.85314 -9999 31.78784 31.78784 32.85265 36.82843 38.23824 35.88753 54.30443 56.3776 62.96062 62.96062 62.96062 62.95231 44.31096 45.34143 56.95319 67.03861 61.33699 49.43988 39.13252 39.13172 39.13172 43.15683 43.2529 43.2529 42.24087 41.40275 41.67436 41.67436 41.67436 41.67436 41.67436 40.15078 33.42783 32.85285 68.96696 91.01753 46.69249 38.21556 38.21556
-9999 -9999 -9999 -9999 -9999 -9999 -9999 -9999 -9999 -9999 -9999 -9999 -9999 -9999 -9999 -9999 -9999 -9999 -9999 -9999 -9999 -9999 -9999 -9999 -9999 -9999 -9999 93.93082 93.93081 93.93081 -9999 -9999 -9999 -9999 53.27705 53.27705 53.27705 53.27705 53.27705 53.27705 -9999 44.31096 44.31096 44.31096 44.31096 44.31096 49.78831 67.7659 45.16054 39.13172 39.13172 127.0319 43.2529 127.0319 -9999 36.76395 36.87387 37.91588 39.88845 38.68475 39.94213 40.9529 41.73818 70.60637 62.43766 87.11545 92.05402 84.50271 63.77211 50.78018
-9999 -9999 -9999 -9999 -9999 -9999 -9999 -9999 -9999 -9999 -9999 -9999 -9999 -9999 -9999 -9999 -9999 -9999 -9999 -9999 -9999 -9999 -9999 -9999 -9999 -9999 -9999 93.93081 82.63314 43.46886 36.79129 36.79129 -9999 -9999 -9999 53.27705 53.27705 53.27705 53.27705 -9999 44.31096 44.31096 44.31096 44.31096 44.31096 44.31096 93.78967 127.0319 112.7174 68.55025 127.0319 127.0319 127.0319 127.0319 127.0015 37.46402 36.76395 36.76395 36.76395 36.76395 36.76395 36.76395 36.76395 57.27199 81.19366 91.36916 92.05402 92.05402 91.87996 55.77379
-9999 -9999 -9999 -9999 -9999 -9999 -9999 -9999 -9999 -9999 -9999 -9999 -9999 -9999 -9999 -9999 -9999 -9999 -9999 -9999 -9999 -9999 -9999 -9999 -9999 -9999 72.90044 65.64889 52.87656 36.79129 36.79129 36.79129 36.79129 36.79129 36.79129 36.79617 85.24648 108.4768 113.7625 113.7625 -9999 44.31096 41.93576 39.62848 49.71479 69.37321 75.90365 125.6037 127.0319 127.0319 127.0319 127.0319 127.0319 133.612 144.7857 36.76395 36.76395 36.68076 34.75485 32.60937 33.73301 35.34072 34.49522 32.77789 30.40422 43.90582 69.41885 74.65591 78.49557 50.69083
-9999 -9999 -9999 -9999 -9999 -9999 -9999 -9999 -9999 -9999 -9999 -9999 -9999 -9999 -9999 -9999 -9999 -9999 -9999 -9999 -9999 -9999 -9999 -9999 -9999 -9999 36.79129 36.79129 36.79129 36.79129 36.79129 36.79129 36.79129 36.79129 36.79129 50.69128 107.7507 113.7625 113.7625 113.7625 -9999 35.89013 35.89013 35.89013 66.52757 127.0319 127.0319 104.4825 77.13948 64.34696 66.10266 81.61142 85.80872 142.6414 145.4761 145.4761 144.2478 107.363 34.3214 30.40422 30.40422 30.40422 30.40422 30.40422 30.40422 30.40422 32.17962 49.36559 49.36559 56.92096
-9999 -9999 -9999 -9999 -9999 -9999 -9999 -9999 -9999 -9999 -9999 -9999 -9999 -9999 -9999 -9999 -9999 -9999 -9999 -9999 -9999 -9999 -9999 -9999 -9999 -9999 36.79129 36.79129 36.79129 36.79129 36.79129 36.79129 36.79129 36.79129 36.79129 65.21898 113.7625 113.7625 113.7625 113.7625 101.1751 35.89013 35.89013 35.89013 37.04455 38.56825 43.37527 48.02057 32.54838 32.54838 32.54838 32.54838 32.54838 38.54176 133.8997 145.4761 145.4761 145.4761 134.3979 67.47254 43.51251 30.40422 30.40422 30.40422 31.95718 42.29623 48.61212 49.36559 49.36559 107.4468
-9999 -9999 -9999 -9999 -9999 -9999 -9999 -9999 -9999 -9999 -9999 -9999 -9999 -9999 -9999 -9999 -9999 -9999 -9999 -9999 -9999 -9999 -9999 -9999 -9999 -9999 36.79129 36.79129 36.79129 36.79129 36.79129 36.79129 36.79129 44.41728 67.5117 112.2884 114.5124 114.173 114.3267 113.7625 103.2284 57.3829 55.54247 41.73808 35.89013 35.89013 35.89013 35.5265 32.57938 32.54838 32.54838 32.54838 32.54838 33.43613 128.4116 145.4761 145.4761 145.4761 145.4761 145.4761 124.9152 49.26484 44.43189 52.24049 62.59387 66.26245 59.50849 54.56298 56.28403 86.43229
-9999 -9999 -9999 -9999 -9999 -9999 -9999 -9999 -9999 -9999 -9999 -9999 -9999 -9999 -9999 -9999 -9999 -9999 -9999 -9999 -9999 -9999 -9999 -9999 -9999 -9999 35.7534 35.65009 36.79129 36.79129 36.79129 36.79129 36.46916 47.95983 82.73393 112.6869 120.7516 120.953 121.4568 118.9564 120.891 121.5162 121.5162 112.3497 89.34463 56.74593 34.87336 28.61167 28.27488 30.7967 32.54838 33.1067 35.35935 76.56169 143.444 145.4761 145.4761 145.4761 145.4222 138.0679 114.4649 73.42172 66.26487 66.26487 66.06405 61.85241 56.46169 57.48667 58.61095 59.24562
-9999 -9999 -9999 -9999 -9999 -9999 -9999 -9999 -9999 -9999 -9999 -9999 -9999 -9999 -9999 -9999 -9999 -9999 -9999 -9999 -9999 -9999 -9999 -9999 -9999 -9999 29.80198 29.80198 30.71246 36.79129 34.58467 31.44011 30.04711 33.01693 80.98446 107.885 121.5162 121.5162 121.5162 121.5162 121.5162 121.5162 98.38705 87.18409 101.0914 67.71781 26.51542 26.51542 26.51542 26.71232 33.36467 39.05515 39.59982 39.89835 65.16266 88.87231 119.3634 101.5704 75.90797 64.07943 66.26487 66.26487 66.26487 66.26487 64.95808 56.83077 56.42273 56.4504 58.2334 59.24562
-9999 -9999 -9999 -9999 -9999 -9999 -9999 -9999 -9999 -9999 -9999 -9999 -9999 -9999 -9999 -9999 -9999 -9999 -9999 -9999 -9999 -9999 -9999 -9999 -9999 -9999 29.80198 29.80198 29.80198 29.80198 29.80198 29.80198 29.80198 53.00584 113.3458 121.5162 106.2358 113.4348 121.5162 117.0523 121.5162 121.5162 103.3298 42.79997 26.51542 26.51542 26.51542 26.51542 26.51542 34.58488 38.69468 39.59982 39.59982 39.59982 43.15016 53.59497 55.52242 55.52242 55.52242 58.3737 60.64348 59.87354 61.03791 60.50458 58.30781 56.94178 56.4305 58.13177 67.90289 68.37412
-9999 -9999 -9999 -9999 -9999 -9999 -9999 -9999 -9999 -9999 -9999 -9999 -9999 -9999 -9999 -9999 -9999 -9999 -9999 -9999 -9999 -9999 -9999 -9999 -9999 -9999 29.80198 32.58374 31.57268 29.8093 29.80198 29.80198 29.82688 30.43378 32.75935 46.51611 35.65792 35.93068 47.03622 38.20302 55.55708 49.13749 26.61521 26.51542 42.29866 83.50766 80.54465 91.38565 81.13602 62.5069 64.20851 56.69707 53.26077 45.49554 54.64758 55.52242 55.52242 55.52242 55.52242 61.87733 99.67274 100.9503 57.4408 57.25082 58.23645 58.23645 62.20166 76.1532 77.18565 77.18565
-9999 -9999 -9999 -9999 -9999 -9999 -9999 -9999 -9999 -9999 -9999 -9999 -9999 -9999 -9999 -9999 -9999 -9999 -9999 -9999 -9999 -9999 -9999 -9999 -9999 -9999 -9999 45.13877 45.13877 42.49813 37.28318 39.62612 42.59118 44.92055 43.14818 36.7086 34.95076 34.95076 34.95076 34.95076 34.95076 31.87068 29.97892 64.37373 100.3741 107.607 107.607 107.607 107.607 107.607 107.223 92.97393 72.26254 58.75035 57.03666 75.8884 156.0376 139.3259 109.6508 219.5859 224.4002 224.4002 133.3387 58.23645 58.23645 58.23645 62.84466 77.18539 77.18565 81.99417
-9999 -9999 -9999 -9999 -9999 -9999 -9999 -9999 -9999 -9999 -9999 -9999 -9999 -9999 -9999 -9999 -9999 -9999 -9999 -9999 -9999 -9999 -9999 -9999 -9999 -9999 51.10289 46.12542 45.13877 45.13877 45.13877 45.13877 45.13877 45.13877 45.06454 41.38699 38.66066 37.32227 35.01104 34.95076 34.95076 34.95076 34.95076 47.69309 66.30992 107.2798 107.607 107.607 107.607 105.756 82.22523 78.15512 78.15512 78.15512 77.85539 86.72609 145.9685 216.6897 224.4002 224.4002 224.4002 224.4002 223.7666 181.9882 93.68192 81.10978 64.06249 66.24496 92.02584 157.6758
-9999 -9999 -9999 -9999 -9999 -9999 -9999 -9999 -9999 -9999 -9999 -9999 -9999 -9999 -9999 -9999 -9999 -9999 -9999 -9999 -9999 -9999 -9999 -9999 -9999 -9999 59.83231 58.05863 56.03531 53.64809 45.13877 45.13877 45.13877 45.13877 44.8119 43.15485 41.04571 40.9339 38.30539 36.13247 37.87099 37.39466 46.36422 63.84113 88.3509 107.6061 107.607 107.607 107.607 107.607 96.36371 78.15512 78.15512 78.15512 78.15512 78.15512 78.15512 143.2442 201.9726 169.8358 218.3463 221.6851 219.8163 221.8477 224.4002 204.542 85.03439 87.44376 130.2191 162.4677
-9999 -9999 -9999 -9999 -9999 -9999 -9999 -9999 -9999 -9999 -9999 -9999 -9999 -9999 -9999 -9999 -9999 -9999 -9999 -9999 -9999 -9999 -9999 -9999 -9999 -9999 59.83231 59.83231 59.83231 53.93624 45.13877 45.13877 45.13877 45.13877 44.22519 41.09295 41.02977 41.02977 41.02977 41.0293 41.02977 41.02977 65.25691 82.7313 107.6044 107.607 107.607 107.607 107.607 107.607 98.53137 78.27917 78.15512 78.15512 78.15512 72.41795 65.92175 66.58535 34.26354 33.90283 34.87954 49.68841 35.46903 65.19665 91.15466 83.33569 81.58805 81.60328 106.7132 143.8755
-9999 -9999 -9999 -9999 -9999 -9999 -9999 -9999 -9999 -9999 -9999 -9999 -9999 -9999 -9999 -9999 -9999 -9999 -9999 -9999 -9999 -9999 -9999 -9999 -9999 -9999 59.83231 59.83231 -9999 45.13877 45.13877 45.13877 45.13877 45.13877 45.13877 41.61697 39.60423 40.40375 41.00632 41.02977 41.02977 41.02977 40.37235 38.68914 59.37039 64.62041 102.2781 107.607 107.607 107.607 107.607 95.68812 61.25524 49.17209 55.0234 34.90945 32.67836 33.90283 33.90283 33.90283 33.90283 34.08474 40.00601 53.52867 68.08838 81.58023 81.58806 81.58806 90.07246 153.591
-9999 -9999 -9999 -9999 -9999 -9999 -9999 -9999 -9999 -9999 -9999 -9999 -9999 -9999 -9999 -9999 -9999 -9999 -9999 -9999 -9999 -9999 -9999 -9999 -9999 -9999 59.83231 59.83231 -9999 -9999 39.41822 43.26257 43.34613 42.05696 41.10907 39.53503 39.41822 39.41822 39.58147 39.76053 40.12006 40.71834 37.91579 29.23831 28.34892 29.22266 89.37333 107.607 107.607 107.607 107.6062 65.06506 31.2055 26.057 26.057 26.057 27.94838 28.86852 31.91863 33.91932 35.46526 36.17774 40.17423 44.12666 45.86173 51.1937 55.58843 102.998 172.1388 172.1388
-9999 -9999 -9999 -9999 -9999 -9999 -9999 -9999 -9999 -9999 -9999 -9999 -9999 -9999 -9999 -9999 -9999 -9999 -9999 -9999 -9999 -9999 -9999 -9999 -9999 -9999 59.83231 59.83231 -9999 -9999 39.41822 39.41822 39.41822 39.41822 39.41822 39.41822 39.41822 39.41822 39.41822 39.41822 39.42742 39.15509 29.68835 28.34892 28.34892 28.41974 39.68187 56.27985 59.53249 67.26727 55.08283 43.65622 36.58144 26.31155 26.057 26.057 26.057 26.057 26.153 31.91508 43.43359 44.12666 44.12666 44.12666 50.52113 65.87056 65.97623 120.6818 166.7758 146.1968
-9999 -9999 -9999 -9999 -9999 -9999 -9999 -9999 -9999 -9999 -9999 -9999 -9999 -9999 -9999 -9999 -9999 -9999 -9999 -9999 -9999 -9999 -9999 -9999 -9999 -9999 -9999 59.83231 59.83231 -9999 -9999 -9999 39.41822 39.08342 37.51088 37.78181 34.60666 33.6074 37.98789 39.41822 39.41822 35.68706 28.34892 28.34892 28.34892 28.34892 28.34892 28.87732 44.04565 44.25541 44.25541 44.25541 42.77559 35.00185 32.65588 30.19739 29.99815 29.04044 26.057 26.057 36.4461 43.98603 44.28625 45.15944 45.4404 97.53517 183.5348 126.4966 95.24454 118.3558
-9999 -9999 -9999 -9999 -9999 -9999 -9999 -9999 -9999 -9999 -9999 -9999 -9999 -9999 -9999 -9999 -9999 -9999 -9999 -9999 -9999 -9999 -9999 -9999 -9999 -9999 -9999 59.83231 53.42449 24.05548 24.05548 24.05548 24.56638 24.66629 24.05548 24.05548 24.05548 24.05548 24.29423 26.06277 33.04601 34.30809 25.53891 26.6563 31.55746 34.93127 33.87332 36.68129 44.25541 44.25541 44.21036 41.9291 36.74717 35.50034 35.50034 35.50034 35.50034 42.06324 56.78149 57.91801 55.73337 62.80036 64.71733 66.56975 140.5792 300.7333 300.7333 300.7333 300.7333 300.7333
-9999 -9999 -9999 -9999 -9999 -9999 -9999 -9999 -9999 -9999 -9999 -9999 -9999 -9999 -9999 -9999 -9999 -9999 -9999 -9999 -9999 -9999 -9999 -9999 -9999 -9999 -9999 59.83231 42.31102 24.05548 24.05548 24.05548 24.05548 24.05548 24.05548 24.05548 24.65969 30.43509 27.43543 29.88516 28.95248 24.08689 24.05548 29.68143 42.58117 42.66599 42.66623 43.86307 44.14544 42.61806 36.0785 35.50058 35.50034 35.50034 35.50034 35.50034 35.50034 42.10882 44.31448 67.39684 67.53062 67.53062 70.72851 68.44911 116.2174 201.1658 300.6353 300.7333 300.7333 300.7333
-9999 -9999 -9999 -9999 -9999 -9999 -9999 -9999 -9999 -9999 -9999 -9999 -9999 -9999 -9999 -9999 -9999 -9999 -9999 -9999 -9999 -9999 -9999 -9999 -9999 -9999 -9999 59.8323 28.6593 24.18731 24.10388 24.09592 24.16831 24.10524 24.06034 24.05548 32.77444 44.98781 45.35132 45.35132 45.28859 35.68565 31.91204 37.85016 42.66599 42.66599 42.66599 42.66599 42.67576 39.27033 35.50034 35.50034 35.50034 35.50034 35.50034 35.50034 35.50034 57.53879 68.07194 68.19362 67.65618 67.53062 101.1483 124.8837 128.2367 129.7406 157.4061 224.6929 240.2415 227.6066
-9999 -9999 -9999 -9999 -9999 -9999 -9999 -9999 -9999 -9999 -9999 -9999 -9999 -9999 -9999 -9999 -9999 -9999 -9999 -9999 -9999 -9999 -9999 -9999 -9999 -9999 -9999 -9999 24.25809 24.25809 24.25809 24.25809 24.25809 24.25809 24.22596 26.90736 66.21726 62.59105 46.52365 45.35132 45.35132 45.33223 43.2843 42.66607 42.66599 42.66599 42.66599 42.66599 44.79137 47.01301 43.4206 35.52496 35.50034 35.80795 36.81201 35.50034 43.3518 66.58042 68.23537 70.95039 118.993 134.3346 149.3699 171.4173 137.1365 129.7406 114.6775 73.56019 65.32069 65.32069
-9999 -9999 -9999 -9999 -9999 -9999 -9999 -9999 -9999 -9999 -9999 -9999 -9999 -9999 -9999 -9999 -9999 -9999 -9999 -9999 -9999 -9999 -9999 -9999 -9999 -9999 -9999 23.68375 24.19506 24.25809 24.25809 24.25809 24.25809 24.25809 24.25809 49.73584 83.58001 74.92098 48.64725 45.35132 45.35132 45.35132 45.35132 44.39676 42.68477 42.66599 42.66599 44.40935 51.31501 54.82872 57.38887 52.61473 42.64215 44.43957 47.79003 47.00369 51.16956 69.04472 222.9542 363.4951 392.2271 392.2271 392.2271 392.2271 207.5157 123.7397 85.47009 65.37295 65.32069 65.32069
-9999 -9999 -9999 -9999 -9999 -9999 -9999 -9999 -9999 -9999 -9999 -9999 -9999 -9999 -9999 -9999 -9999 -9999 -9999 -9999 -9999 -9999 -9999 -9999 -9999 -9999 -9999 21.91102 21.91635 22.66114 23.57689 25.48348 33.88836 46.77191 65.64725 81.52194 83.58001 82.50452 66.44342 43.29586 40.80743 41.82524 41.05424 38.91999 41.2602 42.64318 42.66599 42.66599 42.66599 47.3905 57.24563 55.68834 50.36607 50.33513 50.33513 50.33513 50.33513 77.61721 213.3017 354.1244 392.2271 392.2271 277.773 114.2576 115.6537 71.01299 65.32069 65.32069 65.32069 65.32069
-9999 -9999 -9999 -9999 -9999 -9999 -9999 -9999 -9999 -9999 -9999 -9999 -9999 -9999 -9999 -9999 -9999 -9999 -9999 -9999 -9999 -9999 -9999 -9999 -9999 -9999 21.91102 21.91102 21.91102 21.91102 21.91102 33.79343 83.58001 83.58001 83.58001 83.58001 78.21873 54.0076 30.55286 28.80373 28.80373 28.80373 28.80373 28.80373 28.80373 38.10128 42.37358 50.88794 55.8914 55.89257 57.38887 55.65265 50.72524 50.33513 50.33513 50.33513 50.33513 50.33513 59.60318 271.2548 275.0251 275.8831 123.1551 113.7179 113.7179 117.5516 364.7014 364.7014 364.7014 -9999
-9999 -9999 -9999 -9999 -9999 -9999 -9999 -9999 -9999 -9999 -9999 -9999 -9999 -9999 -9999 -9999 -9999 -9999 -9999 -9999 -9999 -9999 -9999 -9999 -9999 -9999 21.91102 21.91102 21.91102 21.91102 29.46696 77.97543 135.2747 85.58602 83.58001 86.33597 101.4489 37.7159 28.80373 28.80373 28.80373 28.80373 28.80373 29.52346 30.79528 33.70323 36.95038 42.76115 60.08391 59.50992 60.53593 63.48378 63.49421 57.44754 51.93545 50.36604 50.33513 50.33513 50.49391 130.8092 186.6021 131.4043 251.4208 332.5452 245.9503 324.1932 364.7014 364.7014 364.7014 -9999
-9999 -9999 -9999 -9999 -9999 -9999 -9999 -9999 -9999 -9999 -9999 -9999 -9999 -9999 -9999 -9999 -9999 -9999 -9999 -9999 -9999 -9999 -9999 -9999 -9999 21.91102 21.91102 21.91102 21.91102 21.91102 21.91102 340.3445 349.5316 287.554 164.9488 327.2847 349.5316 238.9919 46.75571 28.80373 32.58085 30.49586 40.7429 36.93741 36.95038 36.95038 39.08782 60.31735 62.58717 64.04115 66.12788 66.47929 66.47929 66.47929 65.84932 64.26069 58.9659 52.95327 194.7442 268.235 266.3939 285.5218 361.0091 364.7014 364.7014 364.7014 358.2734 298.4339 298.4339 -9999
-9999 -9999 -9999 -9999 -9999 -9999 -9999 -9999 -9999 -9999 -9999 -9999 -9999 -9999 -9999 -9999 -9999 -9999 -9999 -9999 -9999 -9999 -9999 -9999 -9999 -9999 -9999 21.91102 21.91102 21.91102 21.91102 57.72043 349.5316 349.5316 349.5316 349.5316 349.5316 349.5316 280.5546 55.51944 73.82234 76.19046 83.38648 67.64558 46.67698 36.95038 40.07341 60.82311 62.58842 66.12384 66.47929 66.47929 66.47929 66.47929 66.03474 65.07087 84.54131 209.7006 266.0208 268.235 268.235 277.6175 361.5782 364.7014 338.4619 342.1003 298.4339 298.4339 258.6532 86.14697
-9999 -9999 -9999 -9999 -9999 -9999 -9999 -9999 -9999 -9999 -9999 -9999 -9999 -9999 -9999 -9999 -9999 -9999 -9999 -9999 -9999 -9999 -9999 -9999 -9999 -9999 -9999 -9999 -9999 21.91102 21.91102 22.43913 50.76417 183.6486 349.5316 349.5316 349.5316 349.5316 347.0244 165.9143 83.63301 83.63301 83.63301 83.63301 67.59184 36.95038 40.03454 60.54753 62.71156 66.22079 66.47929 66.47929 66.47929 66.53786 65.76228 65.11835 76.18671 194.2596 268.235 268.235 268.235 268.235 268.235 268.3456 288.4718 252.9032 298.4339 287.85 136.6573 84.76081
-9999 -9999 -9999 -9999 -9999 -9999 -9999 -9999 -9999 -9999 -9999 -9999 -9999 -9999 -9999 -9999 -9999 -9999 -9999 -9999 -9999 -9999 -9999 -9999 -9999 -9999 -9999 -9999 -9999 -9999 -9999 50.76417 50.76417 50.76417 71.65898 315.6272 349.5316 349.5316 318.153 119.2249 83.63301 80.42134 68.26972 58.27462 46.72248 36.95038 36.95956 43.42449 48.14981 52.65841 53.2502 47.44453 44.93526 68.3946 74.06647 72.86316 74.13269 78.54021 195.8234 254.4673 206.6235 245.8391 265.5315 268.235 268.235 86.14697 99.69936 128.6913 83.48866 69.79214
