GISdata/Popn density Croatia 2015.asc
ncols         168
nrows         120
xllcorner     13
yllcorner     42
cellsize      0.0416666666667
NODATA_value  -9999
[rows 33 to 65 of 120, columns 0 to 72 of 168]
-9999 -9999 -9999 -9999 -9999 -9999 -9999 -9999 -9999 -9999 -9999 -9999 -9999 -9999 -9999 -9999 -9999 -9999 -9999 -9999 -9999 -9999 -9999 -9999 -9999 -9999 -9999 -9999 -9999 -9999 -9999 -9999 -9999 -9999 -9999 25.31299 25.31299 25.31299 25.31299 25.31299 25.31299 -9999 -9999 -9999 -9999 -9999 -9999 -9999 -9999 -9999 -9999 -9999 -9999 -9999 131.6521 132.8407 134.3747 101.8236 45.24467 45.24467 43.87296 19.66026 30.34723 23.61443 17.76154 9.377196 18.16496 2.349077 2.044587 3.551987 35.6461 50.77718 41.14331
-9999 -9999 -9999 -9999 -9999 -9999 -9999 -9999 -9999 -9999 -9999 -9999 -9999 -9999 -9999 -9999 -9999 -9999 -9999 -9999 -9999 -9999 -9999 -9999 -9999 -9999 -9999 -9999 -9999 -9999 -9999 -9999 -9999 -9999 -9999 25.31299 25.31299 25.31299 25.31299 25.31299 25.31299 -9999 -9999 -9999 -9999 -9999 -9999 -9999 -9999 -9999 -9999 -9999 -9999 -9999 -9999 125.6658 139.305 125.0264 45.42439 34.84235 19.10405 16.31589 38.31561 28.34385 19.72172 11.96358 2.370598 2.257652 6.663555 2.523516 19.34824 24.78654 21.77779
-9999 -9999 -9999 -9999 -9999 -9999 -9999 -9999 -9999 -9999 -9999 -9999 33.13655 -9999 -9999 -9999 -9999 -9999 -9999 -9999 -9999 -9999 -9999 20.44002 20.44002 -9999 -9999 -9999 -9999 5.989384 -9999 -9999 -9999 175.4921 175.4921 97.24661 29.04713 25.31299 25.31299 25.31299 23.59325 14.22182 14.22182 14.22182 -9999 67.81924 67.81924 67.81924 -9999 -9999 -9999 -9999 -9999 -9999 -9999 53.1612 67.4782 79.94509 44.95374 17.40741 4.25714 4.25714 9.756541 4.25714 4.25714 4.25714 9.669676 27.2428 36.27505 27.23355 13.3266 12.12907 12.12907
-9999 -9999 -9999 -9999 -9999 -9999 -9999 -9999 -9999 -9999 -9999 33.13655 33.13655 31.70692 27.2842 25.76083 -9999 25.76083 25.76083 25.76083 -9999 -9999 -9999 20.44002 20.44002 20.44002 15.86653 5.989384 5.989384 5.989384 5.989384 18.56987 175.4921 175.4921 163.1315 70.11356 64.55167 29.85112 25.31299 25.31299 21.3362 14.22182 14.22182 14.22182 17.22644 59.73862 71.57545 67.81924 63.91252 18.74312 15.6264 -9999 -9999 -9999 42.59777 42.59777 45.02673 45.02673 44.70384 33.05634 8.128053 4.25714 4.25714 4.25714 4.25714 4.25714 29.20971 37.04659 18.60793 20.55149 11.53001 8.780559 5.414577
-9999 -9999 -9999 -9999 -9999 -9999 -9999 -9999 -9999 -9999 -9999 -9999 33.13655 33.13655 30.30348 25.76083 25.76083 26.18107 37.67218 47.0858 58.11406 28.06345 21.71398 21.09326 20.65283 20.44004 19.4244 9.441922 5.989384 5.989384 5.989384 62.52364 175.4921 169.544 82.22059 68.55836 61.61538 27.51971 25.23009 19.59614 17.18721 14.24522 14.22182 14.22182 32.68211 108.88 115.3726 53.9329 16.96482 15.6264 15.6264 15.6264 15.6264 35.80006 42.59777 42.97435 43.83337 45.17266 40.00563 33.76715 27.24388 10.34253 4.25714 4.25714 4.311211 4.25714 9.681512 21.48985 19.13961 16.16523 12.26857 3.666244 1.934188
-9999 -9999 -9999 -9999 -9999 -9999 -9999 -9999 -9999 -9999 -9999 -9999 33.13655 36.24826 57.92289 37.69489 27.41797 44.05253 45.56899 57.07344 58.11405 36.29808 21.71398 21.71398 21.71398 21.40172 23.17366 20.42475 72.22773 23.82034 5.989384 39.90578 225.1093 115.5861 71.92943 61.27589 28.40351 26.5422 22.20158 24.35819 18.74885 15.62393 14.22182 14.22182 26.2664 40.88339 92.2019 23.6713 15.09391 15.6264 15.6264 15.6264 15.6264 24.52507 42.10081 43.28349 45.13964 46.26882 40.32981 32.03107 20.05057 16.5733 8.084516 6.180209 42.60283 32.85459 19.04869 8.529371 16.16523 16.16523 16.16523 11.3973 1.934188
-9999 -9999 -9999 -9999 -9999 -9999 -9999 -9999 -9999 -9999 -9999 -9999 64.9302 357.2378 295.5017 124.7016 56.42701 59.74514 62.63839 128.6114 132.901 49.9908 21.78605 72.63521 106.8263 22.86064 33.9371 29.47405 60.62509 272.2593 180.7533 108.3599 188.7308 93.17345 75.62699 40.97929 22.49749 20.12732 17.94069 23.42302 55.73457 50.41168 30.25988 21.65135 17.88292 11.49964 11.33315 11.70949 15.41323 15.6264 15.6264 15.6264 12.06339 18.19869 41.14004 42.74781 45.83927 46.68702 39.36486 17.62718 17.08672 14.52068 12.19398 15.01907 52.77243 53.99576 42.26859 16.21611 16.16523 19.03915 33.04914 34.70648 3.839228
-9999 -9999 -9999 -9999 -9999 -9999 -9999 -9999 -9999 -9999 -9999 -9999 520.8839 467.9275 201.8613 96.90672 123.2482 64.15224 87.73353 178.9889 195.2138 33.39388 39.23758 258.084 307.6475 235.1483 88.79659 34.40097 125.982 256.7218 263.0869 278.1653 -9999 83.04217 83.04218 119.9551 97.27741 19.47551 17.89461 27.87048 74.31132 83.88889 66.64048 27.82422 27.82281 25.297 22.75032 19.69894 10.48896 14.42694 15.06873 12.53565 7.732287 6.143029 8.107125 7.531003 10.5518 22.3983 27.08798 17.29995 14.2155 12.68679 12.27567 23.39967 53.99576 53.99576 53.99576 39.73326 28.55902 21.94767 48.93344 50.26968 35.59124
-9999 -9999 -9999 -9999 -9999 -9999 -9999 -9999 -9999 -9999 -9999 -9999 -9999 26.7715 26.7715 38.00483 80.86528 33.37839 33.86141 120.1858 83.14285 9.916164 6.387582 205.898 307.9598 307.9598 185.1272 25.21695 68.07645 114.507 144.3192 -9999 -9999 -9999 -9999 -9999 209.6973 121.7304 67.37522 27.19165 49.73572 78.64827 68.75877 31.68584 28.51487 27.82281 27.82281 16.23611 6.136349 6.136349 7.445513 6.136349 6.136349 6.136349 78.22442 371.2402 386.0688 196.3141 23.30299 17.30708 12.40693 7.583192 10.58311 30.35224 53.99576 53.99576 53.83264 50.9166 50.76197 50.75133 50.76197 50.5104 13.31076
-9999 -9999 -9999 -9999 -9999 -9999 -9999 -9999 -9999 -9999 -9999 -9999 -9999 -9999 26.7715 26.7715 28.08001 30.0761 46.528 88.27463 51.85793 6.387582 6.387582 56.70042 167.2728 117.4066 32.39375 14.78521 17.67638 32.82484 32.82484 -9999 -9999 -9999 -9999 -9999 55.40636 55.40636 107.6335 98.97109 34.78762 32.57633 32.57633 32.57633 29.6396 27.43917 27.51884 19.66618 6.136349 6.136349 6.136349 6.136349 6.136349 6.889212 51.79647 212.3942 480.2818 486.675 185.7003 10.82244 6.08532 6.04852 6.141123 45.79732 53.96589 52.92634 53.72298 53.39446 50.78799 50.76197 50.76197 32.53389 1.934188
-9999 -9999 -9999 -9999 -9999 -9999 -9999 -9999 -9999 -9999 -9999 -9999 -9999 29.23351 65.03654 30.46452 37.64783 51.90203 64.077 88.96461 444.6144 86.69014 107.9114 158.4202 74.90293 37.94167 20.15964 14.78521 16.60902 32.82484 -9999 9.796381 9.796381 -9999 -9999 -9999 55.40636 56.01376 64.50074 170.4848 142.6105 71.27331 32.57527 29.35061 27.25615 27.25482 27.25482 19.51186 6.136349 6.136349 6.136349 6.136349 6.136349 6.155231 57.69808 66.54655 98.68274 383.7945 289.558 6.04852 6.04852 6.04852 6.087512 25.85581 39.75375 38.63591 39.41326 51.39308 -9999 -9999 -9999 -9999 1.934188
-9999 -9999 -9999 -9999 -9999 -9999 -9999 -9999 -9999 -9999 -9999 -9999 -9999 -9999 101.2336 145.0538 146.1109 140.1535 152.8095 207.3999 153.6068 94.1217 93.54328 131.8795 55.46946 33.64312 30.42861 19.02788 20.58811 21.0295 9.796381 9.796381 9.796381 -9999 -9999 42.97097 46.23948 54.63062 74.84909 74.92692 75.51775 157.9281 38.92674 27.25482 27.25482 27.25482 27.25482 22.02196 7.600829 6.136349 6.136349 8.766902 45.39444 45.73533 65.7846 66.54639 65.05433 68.46046 57.97245 6.04852 6.04852 6.04852 6.04852 18.88631 38.59597 38.59597 38.59597 -9999 -9999 -9999 -9999 -9999 -9999
-9999 -9999 -9999 -9999 -9999 -9999 -9999 -9999 -9999 -9999 -9999 -9999 -9999 -9999 416.6696 416.6696 416.6696 323.4154 201.5388 201.829 142.9166 105.2723 87.93201 68.78556 42.20262 37.41228 62.35305 75.90189 80.77226 14.78521 9.796381 9.79638 9.796382 -9999 10.97664 26.25349 41.10437 51.4734 80.11744 98.52762 102.5122 -9999 -9999 27.25482 27.25482 27.25482 27.25482 27.25482 17.52881 7.677245 6.718554 6.747577 21.33494 57.69901 63.1818 59.61913 58.58274 56.22882 31.88537 6.04852 6.04852 6.04852 6.04852 7.975303 15.52528 38.49561 38.59597 -9999 -9999 -9999 -9999 -9999 -9999
-9999 -9999 -9999 -9999 -9999 -9999 -9999 -9999 -9999 -9999 -9999 -9999 -9999 -9999 -9999 416.6696 416.6696 272.2675 79.79153 79.79153 103.9424 119.7023 72.3476 51.94635 49.21382 45.70328 83.18571 75.84362 83.63883 -9999 -9999 9.796382 9.796381 9.796381 10.97664 10.97664 12.45216 11.91276 32.49731 94.64365 93.26958 42.75641 -9999 -9999 27.25482 15.51635 7.740801 9.44864 9.681911 8.580315 8.580315 8.580315 8.580315 12.65909 31.46196 55.10373 58.50438 52.61165 57.75504 37.99855 10.20962 7.700854 8.095106 7.431748 7.683229 18.20166 33.53769 -9999 -9999 -9999 -9999 -9999 -9999
-9999 -9999 -9999 -9999 -9999 -9999 -9999 -9999 -9999 -9999 -9999 -9999 -9999 -9999 -9999 -9999 416.6696 135.6458 69.93974 58.4583 107.4986 114.6538 78.24548 69.96555 61.01898 40.16932 62.5811 49.53884 37.23837 -9999 -9999 -9999 9.796381 9.796381 9.796381 10.97664 10.97664 10.97664 28.91315 203.118 49.59797 28.14621 28.14621 28.14621 -9999 3.172638 2.767826 2.767826 6.676861 8.580314 8.580314 8.580314 8.580314 8.580314 8.580314 17.20144 25.2307 13.23552 24.36176 27.79384 12.36265 9.025874 9.025874 9.025874 9.025874 9.021912 9.025874 -9999 -9999 -9999 -9999 -9999 -9999
-9999 -9999 -9999 -9999 -9999 -9999 -9999 -9999 -9999 -9999 -9999 -9999 -9999 -9999 -9999 -9999 -9999 64.52716 24.91789 24.64788 32.66639 48.86072 92.0428 94.0808 94.0808 82.17959 37.23837 37.23837 37.23837 -9999 -9999 -9999 9.796381 9.796381 9.796381 9.959285 10.97664 10.97664 227.7862 227.7862 154.8174 31.46218 28.14621 28.14621 -9999 2.767826 2.767826 2.767826 4.703211 8.368356 8.48129 7.024351 6.550502 8.206167 6.199281 4.793586 3.176149 5.934869 12.63961 12.83068 12.57506 9.847809 9.025873 9.025873 9.025873 9.025874 9.025874 -9999 -9999 -9999 -9999 -9999 -9999
-9999 -9999 -9999 -9999 -9999 -9999 -9999 -9999 -9999 -9999 -9999 -9999 -9999 -9999 -9999 -9999 -9999 69.00116 56.98603 377.0627 89.8415 34.38034 80.62981 89.28093 94.0808 70.74498 -9999 -9999 -9999 -9999 -9999 9.796381 9.796381 9.796381 9.796381 9.79638 10.97664 10.97664 -9999 -9999 155.6015 28.21259 28.14621 28.14621 -9999 2.767826 2.767826 2.767826 2.767826 3.040441 3.668901 3.122176 3.122176 3.196632 3.132186 3.122176 3.122176 3.122176 10.69576 12.3909 10.2303 7.679185 6.884685 5.354873 7.306265 7.545777 -9999 -9999 -9999 -9999 -9999 -9999 -9999
-9999 -9999 -9999 -9999 -9999 -9999 -9999 -9999 -9999 -9999 -9999 -9999 -9999 -9999 -9999 -9999 -9999 69.00116 69.00117 193.3788 63.59888 60.75021 44.73992 53.88176 93.16242 -9999 -9999 -9999 -9999 -9999 -9999 9.796381 9.796381 9.79638 9.796381 9.796381 -9999 -9999 -9999 -9999 -9999 15.54328 22.81275 28.14621 28.14621 2.767826 2.767826 2.767826 2.767826 2.865716 3.018063 3.122176 3.122176 3.122176 3.122176 3.122176 3.158674 9.129797 14.50684 19.39704 4.557967 5.944291 3.431946 3.431946 3.431946 3.431946 3.431946 -9999 -9999 -9999 -9999 -9999 -9999
-9999 -9999 -9999 -9999 -9999 -9999 -9999 -9999 -9999 -9999 -9999 -9999 -9999 -9999 -9999 -9999 -9999 -9999 -9999 69.00116 66.86739 64.32236 44.80241 41.87618 41.87618 -9999 -9999 -9999 -9999 -9999 -9999 9.79638 9.796381 9.796381 9.796381 9.796381 -9999 -9999 -9999 -9999 15.54328 15.54328 15.54328 15.54328 15.54328 2.767826 2.767826 2.767826 2.767826 2.818364 3.101661 3.122176 3.122176 3.122176 3.122176 4.190752 16.29334 24.1362 24.31541 16.65364 3.431946 3.431946 3.431946 3.431946 3.431946 3.431946 3.431946 3.431946 -9999 -9999 -9999 -9999 -9999
-9999 -9999 -9999 -9999 -9999 -9999 -9999 -9999 -9999 -9999 -9999 -9999 -9999 -9999 -9999 -9999 -9999 -9999 -9999 -9999 60.2281 60.2281 57.70983 43.12386 41.87618 -9999 -9999 -9999 -9999 -9999 -9999 9.796381 9.79638 9.79638 9.931014 9.796381 -9999 -9999 -9999 15.54328 15.54328 15.54328 15.54328 15.54328 -9999 2.767826 2.767826 2.767826 2.767826 2.767826 3.77814 6.144662 5.489666 3.692526 3.122176 3.122176 3.204412 9.339794 22.03588 23.689 12.17237 5.548916 3.431946 3.431946 3.431946 3.431946 3.431946 -9999 -9999 -9999 -9999 -9999 -9999
-9999 -9999 -9999 -9999 -9999 -9999 -9999 -9999 -9999 -9999 -9999 -9999 -9999 -9999 -9999 -9999 -9999 -9999 -9999 -9999 -9999 60.2281 60.2281 -9999 -9999 -9999 -9999 -9999 -9999 -9999 -9999 9.796381 9.796381 10.41201 11.73385 11.77831 -9999 -9999 -9999 15.54328 15.54328 15.54328 15.54328 15.54328 15.54328 2.767826 2.767826 2.767826 2.767826 2.767826 8.523962 11.22905 11.22905 11.17431 10.38205 7.431771 3.286765 3.197113 6.857991 22.55603 21.81693 10.9228 3.431946 3.431946 3.431946 3.431946 3.431946 -9999 -9999 -9999 -9999 -9999 -9999
-9999 -9999 -9999 -9999 -9999 -9999 -9999 -9999 -9999 -9999 -9999 -9999 -9999 -9999 -9999 -9999 -9999 -9999 -9999 -9999 -9999 -9999 -9999 -9999 -9999 -9999 -9999 -9999 -9999 -9999 -9999 -9999 11.77934 11.76791 11.77934 11.77934 -9999 -9999 -9999 -9999 -9999 -9999 15.54328 15.54328 15.54328 2.767826 2.767826 2.767826 2.767826 4.787523 10.83156 11.22905 11.22905 11.22905 11.22905 11.22905 10.56627 10.71135 9.35121 6.689856 3.645281 3.431946 3.431946 3.411479 3.416688 3.431946 3.391342 2.577045 3.985914 4.040336 4.040336 -9999 -9999
-9999 -9999 -9999 -9999 -9999 -9999 -9999 -9999 -9999 -9999 -9999 -9999 -9999 -9999 -9999 -9999 -9999 -9999 -9999 -9999 -9999 -9999 -9999 -9999 -9999 -9999 -9999 -9999 -9999 11.77934 11.77934 -9999 11.77934 11.77934 11.77934 11.77934 11.77934 11.77934 -9999 -9999 -9999 39.63367 39.63367 15.54328 15.54328 2.767826 2.767826 2.767826 2.767826 3.001173 3.91879 5.271367 6.172009 6.31875 8.770545 11.22905 11.22905 11.22905 11.22905 9.472162 3.293669 2.862676 2.556449 2.398144 2.454374 2.579973 2.846684 2.334557 2.759814 3.968072 4.040336 4.040336 -9999
-9999 -9999 -9999 -9999 -9999 -9999 -9999 -9999 -9999 -9999 -9999 -9999 -9999 -9999 -9999 -9999 -9999 -9999 -9999 -9999 -9999 -9999 -9999 -9999 -9999 -9999 -9999 -9999 -9999 11.77934 11.77934 -9999 11.77934 11.77934 11.77934 11.77934 11.77934 11.77934 11.77934 -9999 -9999 -9999 39.63367 39.63367 -9999 -9999 2.767826 2.767826 7.090117 28.74858 3.70136 2.650749 2.650749 2.650749 3.061224 6.616215 9.240193 10.72975 6.853429 2.928636 2.569515 2.317158 2.286068 2.286068 2.286068 2.286068 2.286068 2.286068 2.541626 3.85411 4.040336 4.040336 4.040336
-9999 -9999 -9999 -9999 -9999 -9999 -9999 -9999 -9999 -9999 -9999 -9999 -9999 -9999 -9999 -9999 -9999 -9999 -9999 -9999 -9999 -9999 -9999 -9999 -9999 -9999 -9999 -9999 -9999 11.77934 11.77934 11.77934 11.77934 11.77934 11.77934 11.77934 11.77934 -9999 -9999 -9999 -9999 -9999 -9999 39.63367 39.63367 39.63367 39.63367 8.377616 51.0713 60.61281 48.43862 27.91409 9.971484 2.650749 2.650749 2.650749 2.650749 2.937534 2.650749 2.650749 2.650749 2.400432 2.286068 2.286068 2.286068 2.286068 2.286068 2.286068 2.49344 3.996962 4.040336 4.040336 4.040336
-9999 -9999 -9999 -9999 -9999 -9999 -9999 -9999 -9999 -9999 -9999 -9999 -9999 -9999 -9999 -9999 -9999 -9999 -9999 -9999 -9999 -9999 -9999 -9999 -9999 -9999 -9999 -9999 -9999 -9999 -9999 11.77934 11.77934 11.77934 11.77934 11.77934 -9999 -9999 -9999 -9999 -9999 -9999 -9999 -9999 39.63367 39.63367 39.63367 46.66359 60.61281 60.61281 60.61281 60.61281 42.9038 2.830222 2.650749 2.650749 2.650749 2.650749 2.650749 2.650749 2.650749 2.608407 2.320397 2.286068 2.286068 2.286068 2.286068 2.286068 2.287383 3.699265 4.040336 4.040336 4.040336
-9999 -9999 -9999 -9999 -9999 -9999 -9999 -9999 -9999 -9999 -9999 -9999 -9999 -9999 -9999 -9999 -9999 -9999 -9999 -9999 -9999 -9999 -9999 -9999 -9999 -9999 -9999 -9999 -9999 -9999 11.77934 11.77934 -9999 -9999 11.77934 11.77934 11.77934 11.77934 -9999 -9999 -9999 -9999 -9999 -9999 -9999 33.24075 27.53007 36.98795 39.63367 57.11283 60.61281 60.61281 45.87876 10.22465 2.650749 2.650749 2.650749 2.650749 2.650749 2.650749 2.650749 2.650749 2.615391 2.32063 2.286068 2.286068 2.286068 2.286068 2.286068 2.516242 4.047829 4.107589 4.040336
-9999 -9999 -9999 -9999 -9999 -9999 -9999 -9999 -9999 -9999 -9999 -9999 -9999 -9999 -9999 -9999 -9999 -9999 -9999 -9999 -9999 -9999 -9999 -9999 -9999 -9999 -9999 -9999 -9999 -9999 -9999 -9999 -9999 -9999 -9999 11.77934 11.77934 11.77934 -9999 -9999 -9999 -9999 -9999 -9999 39.63367 26.46163 26.46163 26.46163 31.16318 33.73013 60.61282 60.61281 54.48502 30.98607 20.6079 3.196522 2.650749 2.650749 2.650749 2.650749 2.650749 2.650749 4.146971 9.943302 4.737105 2.286068 2.286068 2.286068 2.664328 4.368477 6.422232 6.490636 4.956985
-9999 -9999 -9999 -9999 -9999 -9999 -9999 -9999 -9999 -9999 -9999 -9999 -9999 -9999 -9999 -9999 -9999 -9999 -9999 -9999 -9999 -9999 -9999 -9999 -9999 -9999 -9999 -9999 -9999 -9999 -9999 -9999 -9999 -9999 -9999 -9999 11.77934 11.77934 -9999 -9999 -9999 -9999 13.83334 -9999 -9999 26.46163 26.46163 26.46163 26.46163 26.46163 26.46163 43.31937 60.61281 60.61281 60.61281 47.59203 7.75361 2.650749 2.650749 2.650749 2.650749 2.650749 8.901517 15.28543 12.58569 5.197867 2.699297 4.496043 6.043325 6.593095 6.593095 6.593095 6.377328
-9999 -9999 -9999 -9999 -9999 -9999 -9999 -9999 -9999 -9999 -9999 -9999 -9999 -9999 -9999 -9999 -9999 -9999 -9999 -9999 -9999 -9999 -9999 -9999 -9999 -9999 -9999 -9999 -9999 -9999 -9999 -9999 -9999 -9999 -9999 -9999 -9999 -9999 -9999 13.83334 13.83334 -9999 13.83334 13.83334 13.83334 -9999 26.46163 26.46163 26.46163 26.46163 26.46163 26.46163 26.46163 60.61282 60.61281 55.32016 40.03787 15.11564 4.776392 2.650749 2.650749 7.293306 13.53407 15.28543 15.28543 15.0649 11.7087 6.602444 6.593095 6.593095 6.593095 6.593095 6.593095
-9999 -9999 -9999 -9999 -9999 -9999 -9999 -9999 -9999 -9999 -9999 -9999 -9999 -9999 -9999 -9999 -9999 -9999 -9999 -9999 -9999 -9999 -9999 -9999 -9999 -9999 -9999 -9999 -9999 -9999 -9999 -9999 -9999 -9999 -9999 -9999 -9999 -9999 13.83334 -9999 13.83334 13.83334 13.83334 13.83334 13.83334 -9999 -9999 -9999 -9999 -9999 856.8956 652.566 432.1687 26.46163 58.95466 52.95204 52.92042 52.92042 51.94449 41.27685 27.08923 15.30236 15.28543 15.28543 15.28543 15.28543 13.56307 9.600958 6.593095 6.593095 6.593095 6.593095 6.593095
-9999 -9999 -9999 -9999 -9999 -9999 -9999 -9999 -9999 -9999 -9999 -9999 -9999 -9999 -9999 -9999 -9999 -9999 -9999 -9999 -9999 -9999 -9999 -9999 -9999 -9999 -9999 -9999 -9999 -9999 -9999 -9999 -9999 -9999 -9999 -9999 -9999 -9999 13.83334 13.83334 -9999 -9999 -9999 -9999 -9999 -9999 -9999 -9999 106.4799 106.4799 543.8409 934.2287 244.9684 26.46163 78.22793 79.8372 52.92042 52.92042 52.92042 52.92042 52.92042 56.24269 29.77539 15.28543 15.28543 15.28543 15.28543 13.01944 6.593095 6.593095 6.593095 6.593095 6.593095
-9999 -9999 -9999 -9999 -9999 -9999 -9999 -9999 -9999 -9999 -9999 -9999 -9999 -9999 -9999 -9999 -9999 -9999 -9999 -9999 -9999 -9999 -9999 -9999 -9999 -9999 -9999 -9999 -9999 -9999 -9999 -9999 -9999 -9999 -9999 -9999 -9999 -9999 -9999 -9999 13.83334 13.83334 13.83334 13.83334 -9999 -9999 -9999 -9999 106.4799 106.4799 109.5757 121.9393 63.78942 19.47247 53.38837 79.8372 79.8372 84.57248 90.84464 61.22409 104.0722 529.5107 543.9092 495.4366 306.7838 104.4518 10.40043 7.225676 6.593095 6.593095 6.593095 6.593095 6.593095
