GISdata/Popn density Finland 2015.asc
ncols         360
nrows         288
xllcorner     18
yllcorner     59
cellsize      0.0416666666667
NODATA_value  -9999
[rows 192 to 223 of 288, columns 71 to 141 of 360]
-9999 -9999 -9999 8.888727 8.888726 8.888727 8.888726 8.888727 -9999 -9999 8.888727 8.888726 8.888727 51.85209 66.05528 14.99332 17.9677 18.02746 18.02746 18.02746 18.02746 17.09833 12.13176 10.98186 10.98186 10.98186 13.0602 16.3606 16.80786 10.66346 10.66346 10.66346 10.66346 10.66346 10.66346 10.36226 8.744389 8.459115 8.459115 8.459115 8.459115 8.459115 8.459115 8.459115 11.92627 13.90038 13.90038 13.90038 13.90038 13.90038 13.90038 13.90038 13.90038 13.90038 13.90038 13.90038 13.90038 13.90038 13.90038 13.9003 13.20142 8.590841 9.054543 9.363034 9.363034 9.363034 9.363034 9.363034 9.363034 9.363034 9.363034
-9999 -9999 -9999 -9999 8.866341 8.829393 8.888726 -9999 -9999 8.888727 8.888726 8.888727 8.888727 8.888727 8.888727 8.888727 10.32159 13.84814 17.1423 18.02746 15.15514 11.26754 10.98186 10.98186 10.98186 10.98186 10.98186 10.98186 10.96545 10.79275 10.66346 10.66346 10.66346 10.66346 10.53557 8.673307 8.459115 8.459115 8.459115 8.459115 8.459115 8.459115 8.459115 8.459115 9.035758 13.83359 13.90038 13.90038 13.90038 13.90038 13.90038 13.90038 13.90038 13.90038 13.90038 13.90038 13.90038 13.90038 13.90038 13.90038 12.56178 9.654 9.361074 9.363035 9.363035 9.363035 9.363035 9.363035 9.363035 7.995234 6.722381
-9999 -9999 -9999 -9999 8.21034 8.21034 8.21034 8.21034 8.235259 8.888727 8.888726 8.888727 8.888727 8.888727 8.888727 8.888727 8.888727 8.888727 9.127834 12.15907 11.02695 10.98186 10.98186 10.98186 10.98186 10.98186 10.98186 10.98186 10.98186 10.98186 10.76826 10.66346 10.66346 10.66346 9.645292 8.459115 8.459115 8.459115 8.459115 8.459115 8.459115 8.4774 8.459115 8.459115 8.734735 13.86856 13.90038 13.95779 14.1599 13.90038 13.90038 13.90038 13.90038 13.90038 13.90038 13.90038 13.90038 13.90038 10.27613 7.817438 7.356035 6.153917 6.649461 7.962879 9.206146 9.363035 9.290956 8.339431 6.885886 5.401217 5.093733
-9999 -9999 -9999 8.21034 8.21034 8.21034 8.21034 8.21034 8.238132 8.696173 8.888727 8.888727 8.888727 8.888727 8.888727 8.888727 8.888727 8.888727 8.880201 8.290858 9.354349 10.96535 10.98186 10.98186 10.98186 10.98186 10.98186 10.98186 10.98186 10.98186 10.98186 10.70413 10.66346 10.24128 9.104872 8.459115 8.459115 8.459115 8.888342 10.50971 12.68451 14.70048 16.12307 61.65939 37.79533 28.62433 28.97243 29.36556 29.43017 27.84738 25.41296 16.6771 13.90038 13.90038 13.90038 13.90038 13.90038 10.25152 6.138664 6.138652 6.138652 6.138652 6.138652 6.138652 6.657555 7.137285 5.921437 5.093733 5.093733 5.093733 5.093733
-9999 -9999 -9999 8.21034 8.21034 8.21034 8.21034 8.21034 8.415029 8.845423 8.888726 8.888726 8.888726 8.888726 8.888726 8.888726 8.888726 8.888726 8.00786 6.973267 6.973267 8.561506 9.990638 10.9573 10.98186 10.98186 10.98186 10.98186 10.98186 10.98186 10.98186 10.89522 10.70199 10.15268 10.3877 11.28957 12.69428 14.20901 15.00943 15.08804 15.08804 16.33642 183.7251 225.7662 213.4368 132.4097 33.08875 29.71137 29.71137 29.26089 23.28889 22.09667 22.6583 21.70066 14.04657 13.85071 9.136972 6.262667 6.138652 6.138652 6.138652 6.138652 6.138652 6.138652 6.138652 6.202843 6.407989 5.480455 5.093733 5.093733 5.093733
-9999 -9999 -9999 8.21034 8.21034 8.21034 8.21034 8.21034 8.210639 8.458981 8.594228 8.530904 8.479654 8.496797 8.675703 8.725699 8.888727 8.863992 7.628373 6.973268 6.973268 6.973268 6.973268 7.162172 7.86013 8.939528 9.434849 9.715946 9.749635 10.67108 12.65062 14.69796 15.08804 15.08804 15.08804 15.08804 15.08804 15.08804 15.08804 15.08804 15.08804 37.98527 163.5733 223.9405 225.7662 225.7662 143.0992 29.71137 29.71137 29.71137 29.71137 29.71137 29.71137 29.71137 27.32073 18.33844 6.138652 6.138652 6.138652 6.138652 6.138652 6.138652 6.138652 6.138652 6.139564 6.347001 7.362298 6.997498 6.031302 5.929459 5.547254
-9999 8.21034 8.21034 -9999 8.21034 8.21034 8.21034 8.21034 8.19666 7.870744 7.405704 7.401558 7.401558 7.401558 7.401558 7.436663 7.628079 7.639887 7.327301 6.995213 6.973267 6.973267 6.973267 6.973267 6.973267 6.973267 6.973267 6.973267 8.908854 14.04451 15.08804 15.08804 15.08804 15.08804 15.08804 15.08804 15.08804 15.08804 15.08804 15.08804 15.08804 15.08804 15.08804 44.68813 135.1897 220.5417 221.7867 95.26244 29.71137 29.71137 29.71137 29.71137 29.71137 27.64866 19.46987 12.50374 6.908926 6.218431 6.138652 6.138652 6.138652 6.138652 6.138652 6.138652 6.386265 7.697716 7.988057 8.154757 8.474861 8.485116 8.485116
-9999 -9999 8.028699 7.619137 7.724132 7.796434 7.993002 7.992638 7.878247 7.401558 7.401558 7.401558 7.401558 7.401558 7.401558 7.401558 7.401558 7.401558 7.326422 7.165293 6.973267 6.973267 6.973267 6.973267 6.973267 6.973267 6.973267 6.973267 14.99227 16.75603 16.55663 16.21579 16.04904 15.8271 15.51504 15.12288 15.08804 15.08804 15.08804 15.08804 15.08804 15.08804 15.08804 15.08804 15.08804 61.48303 155.4395 145.4582 41.07715 29.62351 29.71137 29.71137 29.71137 15.50905 8.537061 8.537061 8.537061 8.135275 7.138251 6.140716 6.142156 6.138652 6.144084 7.159472 8.484465 8.537061 8.534019 8.488382 8.485116 8.485116 8.485116
-9999 -9999 7.401558 7.401558 7.401558 7.401557 7.401557 7.401557 7.401557 7.401557 7.401557 7.401557 7.401557 7.401557 7.401557 7.401557 7.429182 7.331832 7.027282 6.97383 6.982029 6.973267 6.973267 6.973267 6.973267 6.973267 6.973267 8.776538 16.74598 16.75739 16.75739 16.75739 16.75739 16.75739 16.75739 16.55649 15.83155 15.29191 15.12347 15.17428 14.97915 15.08732 15.00292 14.49739 13.93501 13.2442 12.14641 10.81538 8.768094 11.47903 24.01453 29.71137 23.17947 7.941778 8.53706 8.53706 8.53706 8.53706 8.53706 8.011713 8.266382 8.087183 7.988866 8.53706 8.53706 8.53706 8.520096 8.485116 8.485116 8.485116 8.485116
-9999 -9999 7.401558 7.401558 7.401558 7.401558 7.401558 7.401558 7.401558 7.401558 7.401558 7.401558 7.401558 7.401558 7.401558 7.509642 7.597934 7.532988 7.59428 7.467012 7.353579 7.286653 7.242387 7.218327 7.465564 7.372292 7.346896 11.41288 16.75739 16.75739 16.75739 16.75739 16.75739 16.75739 16.75739 16.75739 16.75739 16.75739 16.69243 16.75224 15.2174 9.588654 7.247246 7.189286 7.189286 6.925873 6.221642 5.804289 5.789121 5.789121 5.815665 13.11407 9.353963 6.132065 6.857934 7.488781 8.536633 8.537061 8.537061 8.537061 8.537061 8.537061 8.537061 8.537061 8.537061 8.535833 8.497343 8.485116 8.485116 8.485116 8.485116
-9999 -9999 7.401559 7.401557 7.401558 7.401558 7.401558 7.401558 7.401558 7.401558 7.401558 7.401558 7.401558 7.401558 7.401558 7.53115 7.646692 7.646692 7.646692 7.646692 7.646692 7.646692 7.646692 7.646692 7.646692 7.658418 8.615532 13.02994 15.69492 15.99653 16.73572 16.75739 16.75739 16.75739 16.75739 16.75739 16.75739 16.75739 16.4817 11.72633 9.682445 7.189286 7.189286 7.189286 7.189286 7.189286 7.189286 6.335436 5.855597 5.789121 5.789121 5.789121 5.789121 5.789121 5.789121 7.027522 8.366525 8.53706 8.53706 8.53706 8.53706 8.53706 8.53706 8.53706 8.53706 8.53706 8.528655 8.492961 8.485116 8.485116 8.485116
-9999 -9999 7.401558 7.401558 7.401558 7.401557 7.401558 7.401558 7.401558 7.401558 7.401558 7.401558 7.401558 7.401558 7.402209 7.575123 7.646692 7.646692 7.646692 7.646692 7.646692 7.646692 7.646692 7.646692 7.647749 8.158908 9.139513 10.46167 8.819556 8.276513 8.624411 9.738264 12.54338 14.80485 16.75739 16.75739 16.75739 14.89002 9.222335 7.189286 7.189286 7.189286 7.189286 7.189286 7.189286 7.189286 7.189286 7.189286 6.860293 5.85325 5.789121 5.789121 5.789121 5.789121 5.803977 7.285613 8.458939 8.53706 8.53706 8.53706 8.53706 8.53706 8.53706 8.53706 8.53706 8.53706 8.53706 8.533977 8.500678 7.99626 6.635769
-9999 -9999 -9999 7.401558 7.401558 7.401558 7.401558 7.401557 7.401557 7.401557 7.401557 7.401557 7.401557 7.401557 7.49979 7.646692 7.646692 7.646692 7.646692 7.646692 7.646692 7.646692 7.646692 7.646692 7.760736 8.274884 8.276513 8.276513 8.276513 8.276513 8.276513 8.276513 8.276513 8.672778 10.8008 11.96126 12.58321 13.66529 10.52171 7.196624 7.189286 7.189286 7.189286 7.189286 7.189286 7.189286 7.189286 7.189286 7.189286 6.837235 5.920021 5.789121 5.789121 5.789121 5.789121 5.789121 6.914031 8.510676 8.53706 8.53706 8.53706 8.53706 8.53706 8.53706 8.53706 8.53706 8.53706 8.381239 6.925737 5.488759 5.113593
-9999 -9999 -9999 -9999 -9999 7.401558 7.401558 7.401558 7.401558 7.401558 7.401558 7.401558 7.401558 7.418864 7.569679 7.646692 7.646692 7.646692 7.646692 7.646692 7.646692 7.646692 7.646692 7.739427 8.200821 8.276513 8.276513 8.276513 8.276513 8.276513 8.276513 8.276513 8.276513 8.276513 8.276513 8.276513 8.276513 8.276513 8.276513 7.81014 7.211332 7.189286 7.189286 7.189286 7.189286 7.189286 7.189286 7.189286 7.189286 7.189286 6.897043 5.947608 5.789121 5.789121 5.789121 5.789121 5.722363 7.407574 8.53706 8.53706 8.53706 8.53706 8.53706 8.53706 8.53706 8.113239 6.226599 4.743873 4.589823 4.495384 4.759793
-9999 -9999 -9999 -9999 -9999 7.401558 45.10722 9.255395 7.401558 7.401558 7.401558 7.401558 7.455163 7.80119 6.297342 6.190489 6.46015 6.796007 7.167473 7.4159 7.63722 7.646692 7.766798 8.221348 8.276513 8.276513 8.276513 8.276513 8.276513 8.276513 8.276513 8.276513 8.276513 8.276513 8.276513 8.276513 8.276513 8.276513 8.276513 8.276513 7.523252 7.189286 7.189286 7.189286 7.189286 7.189286 7.189286 7.189286 7.189286 7.189286 7.189286 6.864994 5.831515 5.789121 5.789121 5.064145 4.520956 5.349673 7.097779 8.318806 8.124471 5.689433 4.932204 5.074132 5.214305 4.61895 4.495384 4.495384 4.495384 4.495384 4.55232
-9999 -9999 -9999 -9999 -9999 83.13541 118.7535 120.8533 7.401558 7.401558 7.491278 7.880496 8.297481 8.368967 7.594204 7.488889 7.728635 6.476668 5.864745 5.864745 5.951971 6.317465 8.233148 8.276513 8.276513 8.276513 8.276513 8.276513 8.276513 8.276513 8.276513 8.276513 8.276513 8.276513 8.276513 8.276513 8.276513 8.276513 8.276513 8.276513 7.633323 7.189286 7.189286 7.189286 7.189286 7.189286 7.189286 7.189286 7.189286 7.189286 7.189286 7.041805 5.863961 5.789121 5.228539 4.642682 4.495384 4.495384 4.495384 4.495384 4.499947 4.675043 4.495384 4.495384 4.495384 4.495384 4.495384 4.495384 4.495384 4.495384 4.495384
-9999 -9999 -9999 -9999 -9999 120.8533 -9999 7.401558 7.596675 8.157369 8.35708 8.36897 8.36897 8.36897 8.36897 8.36897 8.354918 6.516173 5.864745 5.864745 5.864745 5.870642 7.63093 8.276512 8.276512 8.276512 8.276512 8.276512 8.276512 8.276512 8.276512 8.276512 8.276512 8.276512 8.276512 8.276512 8.276512 8.276512 8.249453 6.731976 7.279913 7.185927 7.189286 7.189286 7.189286 7.189286 7.189286 7.189286 7.189286 6.981413 6.35881 5.724904 4.831998 4.282595 4.146409 4.429396 4.495384 4.495384 4.495384 4.495384 4.495384 4.495384 4.495384 4.495384 4.495384 4.495384 4.495384 4.495384 4.495384 4.495384 4.495384
-9999 -9999 -9999 -9999 -9999 -9999 -9999 -9999 8.36897 8.36897 8.36897 8.36897 8.36897 8.36897 8.36897 8.36897 8.36897 6.888209 6.289531 5.864745 5.66133 3.047161 3.7827 7.115897 8.276513 8.276513 8.276513 8.276513 8.276513 8.276513 8.276513 8.276513 8.276513 8.276513 8.276513 8.276513 8.276513 8.276513 6.489736 3.886384 3.886384 4.2212 5.023949 5.399778 5.575353 6.603078 6.60665 6.399325 6.078675 4.119417 4.068787 4.068787 4.068787 4.068787 4.068787 4.086443 4.324194 4.494775 4.495384 4.495384 4.495384 4.495384 4.495384 4.495384 4.495384 4.495384 4.495384 4.495384 4.495384 4.495384 4.495384
-9999 -9999 -9999 -9999 -9999 -9999 -9999 -9999 8.36897 8.36897 8.36897 8.368969 8.36897 8.36897 8.36897 8.36897 8.36897 8.337095 7.210336 5.209556 4.2045 2.906308 2.906308 2.948838 4.557591 6.905701 8.275235 8.276513 8.276513 8.276513 8.276513 8.276513 8.276513 8.276513 8.276513 8.276513 8.21884 7.51678 4.146698 3.886384 3.886384 3.886384 3.886384 3.886384 3.987748 5.645549 5.983275 5.983275 5.983275 4.51185 4.068787 4.068787 4.068787 4.068787 4.068787 4.068787 4.068787 4.204924 4.484946 4.495384 4.495384 4.495384 4.495384 4.495384 4.495384 4.495384 4.495384 4.495384 4.495384 4.495384 4.495384
-9999 -9999 -9999 -9999 -9999 -9999 -9999 -9999 -9999 8.36897 8.36897 8.368969 8.36897 8.36897 8.36897 8.36897 8.36897 5.265425 2.906308 2.906308 2.906308 2.906308 2.906308 2.906308 2.906308 2.906308 3.963358 6.226695 8.090981 8.276513 8.276513 8.276513 8.276513 8.276513 8.191983 5.975806 4.170785 3.917371 3.886384 3.886384 3.886384 3.886384 3.886384 3.886384 3.886384 5.116423 5.983275 5.983275 5.983275 5.646906 4.218817 4.068787 4.068787 4.068787 4.068787 4.068787 4.068787 4.068787 4.240128 4.495384 4.495384 4.495384 4.495384 4.495384 4.495384 4.495384 4.495384 4.495384 4.561487 4.615272 4.495384
-9999 -9999 -9999 -9999 -9999 -9999 -9999 -9999 8.36897 8.36897 8.368971 8.368971 8.368971 8.368971 8.368971 8.368971 6.780259 5.313577 2.906308 2.906308 2.906308 2.906308 2.906308 2.906308 2.906308 2.906308 2.906308 2.906308 3.307472 6.893384 8.276513 8.276513 8.276513 7.792888 4.9633 3.886595 3.886384 3.886384 3.886384 3.886384 3.886384 3.886384 3.886384 4.818037 5.758226 5.947114 5.983275 5.983275 5.983275 5.983275 5.402679 4.154316 4.068787 4.068787 4.068787 4.068787 4.024686 3.292335 2.8447 3.27996 3.933321 4.452812 4.495384 4.495384 4.495384 4.495384 4.495384 4.495384 4.519892 4.903943 4.823348
-9999 -9999 -9999 -9999 -9999 -9999 -9999 8.36897 8.36897 8.36897 8.368969 8.368969 8.368969 8.368969 8.368969 8.368969 4.255436 2.906308 2.906308 2.906308 2.906308 2.906308 2.906308 2.906308 2.906308 2.906308 2.906308 2.906308 2.906308 4.305363 6.50548 6.518866 6.395356 4.875504 4.607943 4.045077 3.886384 3.886384 3.886384 3.886384 3.886384 3.886384 3.886384 4.909835 5.983275 5.983275 5.983275 5.983275 5.983275 5.983275 5.983275 5.672226 4.201189 4.120891 4.178696 4.257231 3.024611 2.689932 2.689932 2.689932 2.689932 2.80621 3.436046 4.193681 4.495384 4.55399 4.579582 4.558232 5.093209 5.139713 5.139791
-9999 -9999 -9999 -9999 -9999 -9999 -9999 8.36897 8.36897 8.36897 8.36897 8.36897 8.36897 8.36897 8.36897 8.36897 5.032379 2.906308 2.906308 2.906308 2.906308 2.906308 2.906308 2.906308 2.906308 2.906308 2.906308 2.920529 3.705545 4.650422 4.677036 4.677036 4.677036 4.677036 4.623092 3.941296 3.886384 3.886384 3.886384 3.886384 4.102079 4.413102 4.553916 5.161915 5.983275 5.983275 5.983275 5.983275 5.983275 5.983275 5.983275 5.983275 5.976287 5.983275 5.983275 5.983275 5.603634 4.544422 2.689932 2.689932 2.689932 2.689932 2.689932 2.69458 2.941911 3.743505 5.139294 5.137774 5.139791 5.139791 5.139791
-9999 -9999 -9999 -9999 -9999 -9999 -9999 -9999 8.36897 8.36897 8.363491 7.710933 7.288864 6.96047 6.992373 7.100757 5.213115 4.379264 4.201775 2.728801 2.817602 2.898476 2.906308 2.906308 2.906308 2.953429 3.506273 4.244151 4.677036 4.677036 4.677036 4.677036 4.677036 5.019915 6.014426 6.297857 6.279364 4.532352 4.468501 5.670652 5.983256 5.983275 5.983275 5.983275 5.983275 5.983275 5.983275 5.983275 5.983275 5.983275 5.983275 5.983275 5.983275 5.983275 5.983275 5.983275 5.983275 4.457634 2.689932 2.689932 2.689932 2.689932 2.689932 2.689932 2.689932 2.846855 3.462164 4.867222 5.139791 5.139791 5.139791
-9999 -9999 -9999 -9999 -9999 -9999 -9999 8.36897 8.36897 8.144239 6.665812 5.874108 5.874108 5.874108 5.874108 5.874108 5.874108 5.874108 5.874108 2.347415 2.269778 2.288591 2.382569 2.484393 3.37336 4.540065 4.677036 4.677036 4.677036 4.677036 4.677036 4.754087 5.053596 11.69122 13.95876 13.95876 13.95876 13.55207 11.47396 9.595617 7.172869 5.983275 5.983275 5.983275 5.983275 5.983275 6.042957 6.220452 5.983275 5.983275 5.983275 5.983275 5.983275 5.983275 5.983275 5.983275 4.968022 2.840425 2.689932 2.689932 2.689932 2.689932 2.689932 2.689932 2.689932 2.689932 2.689932 3.28207 4.664792 5.139791 5.139791
-9999 -9999 -9999 -9999 -9999 -9999 -9999 -9999 8.36897 6.059926 5.874108 5.874108 5.874108 5.874108 5.874108 5.874108 5.874108 5.874108 5.625507 2.328751 2.269778 2.269778 2.269778 2.269778 2.509048 3.66553 4.018651 4.469105 5.121462 5.24249 4.747452 9.76546 13.84513 13.95876 13.95876 13.95876 13.95876 13.95876 12.50357 10.65212 8.595654 6.13786 6.006511 6.125639 6.804127 7.081552 7.115073 7.200234 6.037874 5.999479 6.577529 6.645412 6.066585 5.983275 5.983275 5.983275 5.984806 4.67695 3.687182 2.786594 2.689932 2.689932 2.689932 2.689932 2.689932 2.689932 2.689932 2.689932 2.692949 4.598404 5.139791
-9999 -9999 -9999 -9999 -9999 -9999 -9999 -9999 -9999 -9999 -9999 5.874108 5.874108 5.874108 5.874108 5.874108 5.874108 5.874108 4.349344 2.269778 2.269778 2.269778 2.269778 2.269778 2.269778 2.269778 2.269778 2.407855 7.226632 13.15694 12.82743 13.95812 13.95876 13.95876 13.95876 13.95876 13.95876 12.35099 7.504901 7.093918 7.093918 7.093918 7.067176 7.201093 7.230608 7.230608 7.230608 7.230608 7.132197 7.047104 7.230608 7.230608 6.885117 6.641117 6.688512 6.735904 7.048313 7.230608 7.230608 6.528171 2.691949 2.689932 2.689932 2.689932 2.689932 2.689932 2.689932 2.689932 2.689932 3.441744 5.060884
-9999 -9999 -9999 -9999 -9999 -9999 -9999 -9999 5.874108 5.874108 -9999 5.874108 5.874108 5.874108 5.874108 5.874108 5.874108 4.258792 2.290239 2.269778 2.269778 2.269778 2.269778 2.269778 2.269778 2.269778 2.94522 4.992061 9.952747 13.95522 13.95876 13.95876 13.95876 13.95876 13.95876 13.95876 13.95876 13.95876 9.686361 7.093919 7.093919 7.093919 7.102442 7.158176 7.230444 7.230608 7.230608 7.230608 7.230608 7.230608 7.230608 7.230608 7.230608 7.230608 7.230608 7.230608 7.230608 7.230608 7.230608 7.202462 6.909468 5.62447 5.108464 3.222659 2.689932 2.689932 2.689932 2.689932 2.689932 2.763664 4.942997
-9999 -9999 -9999 -9999 -9999 -9999 -9999 -9999 -9999 -9999 -9999 5.874108 5.874108 5.874108 5.874108 5.874108 5.874108 3.831062 2.269778 2.269778 2.269778 2.269778 2.269778 2.269778 2.269778 2.47454 11.34211 13.95876 13.95876 13.95876 13.95876 13.95876 13.95876 13.95876 13.95876 13.95876 13.95876 13.95876 9.157608 7.093918 7.093918 7.093918 7.093918 7.093918 7.146746 7.230608 7.230608 7.230608 7.230609 7.230608 7.230608 7.230608 7.230608 7.230608 7.230608 7.230608 7.230608 7.230608 7.215031 7.182841 7.1741 7.177152 6.104191 3.078037 2.689932 2.689932 2.689932 2.689932 313.3652 353.3334 277.6088
-9999 -9999 -9999 -9999 -9999 -9999 -9999 -9999 -9999 -9999 -9999 -9999 5.874108 5.874108 5.874108 5.874108 5.874108 5.671445 2.768084 2.269778 2.30866 2.725016 3.271007 3.498233 3.381027 2.534441 3.90115 7.527474 8.863308 13.76623 13.29686 13.24025 13.89501 13.95876 13.95876 13.95876 13.95876 13.95876 13.93554 12.82542 11.11444 7.353587 7.097914 7.111822 7.193823 7.230608 7.230608 7.230608 7.230608 7.230608 7.230608 7.230608 7.230608 7.230608 7.230608 7.227473 7.222506 7.162411 7.131343 7.130981 7.130981 7.130981 5.734712 6.985393 2.689932 2.689932 2.689932 178.239 353.3334 353.3334 353.3334
-9999 -9999 -9999 -9999 -9999 -9999 -9999 -9999 -9999 -9999 -9999 -9999 -9999 93.80231 115.6048 112.5284 103.9236 95.75359 105.4872 49.78363 6.04915 5.295351 5.295351 5.295351 5.295351 5.263697 5.294592 5.295351 5.295351 9.146177 6.648509 5.295351 5.741835 9.970884 13.79181 13.95876 13.95876 13.95876 13.95876 13.95876 13.89705 9.892875 6.827813 7.230608 7.230608 7.230608 7.230608 7.230608 7.230608 7.230608 7.271467 10.5814 11.45711 13.35695 7.130981 7.13158 7.137633 7.130981 7.130981 7.130981 7.130981 38.2897 64.15176 86.77794 5.262731 2.689932 2.689932 269.7843 353.3334 353.3334 353.3334
-9999 -9999 -9999 -9999 -9999 -9999 -9999 -9999 -9999 124.8892 124.8892 124.8892 124.8892 124.8892 124.8892 124.8892 124.8892 124.8892 124.8892 124.8892 60.45195 8.508132 5.511729 5.295351 5.295351 5.295351 5.295351 5.295351 5.295351 6.014048 8.119859 12.38163 13.21124 10.98215 5.753937 5.737759 6.974141 8.305113 9.178956 8.153515 7.190566 5.950919 4.801029 5.595299 7.256449 13.089 14.70923 15.53938 14.8919 13.41434 16.51496 17.146 17.146 17.146 8.797242 7.130981 7.130981 7.13098 9.516852 9.261518 27.69931 94.81568 96.71674 96.71673 96.71674 96.71674 2.689932 353.3334 353.3334 353.3334 353.3334
