GISdata/Popn density Sweden 2015.asc
ncols         360
nrows         384
xllcorner     10
yllcorner     54
cellsize      0.0416666666667
NODATA_value  -9999
[rows 93 to 123 of 384, columns 210 to 279 of 360]
0.1836935 0.1836935 0.1836935 0.1836935 0.4019946 0.8592923 0.8906057 0.8906057 0.8389351 0.6170468 0.4839138 0.4202332 0.4136117 0.3195797 0.2537829 0.2529641 0.2529641 0.2529641 0.2529641 0.2529641 0.2529641 0.2529641 0.2529641 0.2529641 0.2529641 0.2529641 0.2529641 0.2529641 0.2529641 0.2529641 0.2529641 0.2529641 0.2529641 0.2529641 0.2529641 0.2529641 0.2529641 0.2529641 0.2529641 0.2529641 0.5397028 3.947033 5.392594 5.392594 5.392594 5.392594 5.392594 5.392594 5.392594 5.392594 5.392594 5.392594 5.392594 5.392594 5.392594 5.392594 5.392594 5.392594 5.392594 5.392594 5.392594 5.392594 5.392594 5.392594 5.392594 5.392594 5.392594 5.392594 5.392594 5.392594
0.1836935 0.1836935 0.1838809 0.500016 0.8839412 0.8906058 0.8906058 0.8906058 0.8906058 0.8906058 0.8906058 0.8906058 0.8906058 0.8906058 0.7507838 0.4525162 0.3041343 0.2564024 0.2529641 0.267323 0.2627369 0.2981835 0.2583178 0.2529641 0.2529641 0.2529641 0.2529641 0.2529641 0.2529641 0.2529641 0.2529641 0.2529641 0.2529641 0.2529641 0.2529641 0.2529641 0.2529641 0.2529641 0.2529641 0.8848208 4.503276 5.392594 5.392594 5.392594 5.392594 5.392594 5.392594 5.392594 5.392594 5.392594 5.392594 5.392594 5.392594 5.392594 5.392594 5.392594 5.392594 5.392594 5.392594 5.392594 5.392594 5.392594 5.392594 5.392594 5.392594 5.392594 5.392594 5.392594 5.392594 5.392594
0.5340236 0.422762 0.6072958 0.8906058 0.8906058 0.8906058 0.8906058 0.8906058 0.8906058 0.8906058 0.8906058 0.8906058 0.8906058 0.8906058 0.8906058 0.8906058 0.8906058 0.8485314 0.8853552 0.8899762 0.8845509 0.8906058 0.8488633 0.728524 0.6175145 0.4740353 0.467712 0.4801368 0.3125434 0.2529641 0.2529641 0.2529641 0.2529641 0.2529641 0.2529641 0.2529641 0.2529641 0.2529641 1.254798 4.773879 5.392594 5.392594 5.392594 5.392594 5.392594 5.392594 5.392594 5.392594 5.392594 5.392594 5.392594 5.392594 5.392594 5.392594 5.392594 5.392594 5.392594 5.392594 5.392594 5.392594 5.392594 5.392594 5.392594 5.392594 5.392594 5.392594 5.392594 5.392594 5.392594 5.392594
0.8906057 0.8906057 0.8906057 0.8906057 0.8906057 0.8906057 0.8906057 0.8906057 0.8906057 0.8906057 0.8906057 0.8906057 0.8906057 0.8906057 0.8906057 0.8906057 0.8906057 0.8906057 0.8906057 0.8906057 0.8906057 0.8906057 0.8906057 0.8906057 0.8906057 0.8906057 0.8906057 0.8906057 0.8736574 0.6887157 0.4277174 0.2529641 0.2529641 0.2529641 0.2529641 0.2529641 0.4177901 2.482051 4.183294 4.219913 4.379844 4.690838 5.0021 5.310426 5.392594 5.392594 5.392594 5.392594 5.392594 5.392594 5.392594 5.392594 5.392594 5.392594 5.392594 5.392594 5.392594 5.392594 5.392594 5.392594 5.392594 5.392594 5.392594 5.392594 5.392594 5.392594 5.392594 5.392594 5.392594 5.392594
0.8906058 0.8906058 0.8906058 0.8906058 0.8906058 0.8906058 0.8906058 0.8906058 0.8906058 0.8906058 0.8906058 0.8906058 0.8906058 0.8906058 0.8906058 0.8906058 0.8906058 0.8906058 0.8906058 0.8906058 0.8906058 0.8906058 0.8906058 0.8906058 0.8906058 0.8906058 0.8906058 0.8906058 0.8906058 0.8906058 0.8671001 0.6507502 0.5342681 0.435582 0.3035859 1.25967 3.679693 4.219881 4.219881 4.219881 4.219881 4.219881 4.219881 4.234133 4.481491 4.811041 5.1436 5.382998 5.392594 5.392594 5.392594 5.392594 5.392594 5.392594 5.392594 5.392594 5.392594 5.392594 5.392594 5.392594 5.392594 5.392594 5.392594 5.392594 5.392594 5.392594 5.392594 5.392594 5.392594 5.392594
0.8906059 0.8906059 0.8906059 0.8906059 0.8906059 0.8906059 0.8906059 0.8906059 0.8906059 0.8906059 0.8906059 0.8906059 0.8906059 0.8906059 0.8906059 0.8906059 0.8906059 0.8906059 0.8906059 0.8906059 0.8906059 0.8906059 0.8906059 0.8906059 0.8906059 0.8906059 0.8906059 0.8906059 0.8906059 0.8906059 0.8906059 0.8906059 0.8906059 1.056474 2.824599 4.200842 4.219881 4.219881 4.219881 4.219881 4.219881 4.219881 4.219881 4.219881 4.219881 4.219881 4.219881 4.317893 4.665369 5.033797 5.351895 5.392594 5.392594 5.392594 5.392594 5.392594 5.392594 5.392594 5.392594 5.392594 5.392594 5.392594 5.392594 5.392594 5.392594 5.392594 5.392594 5.392594 5.392594 5.392594
0.8906057 0.8906057 0.8906057 0.8906057 0.8906057 0.8906057 0.8906057 0.8906057 0.8906057 0.8906057 0.8906057 0.8906057 0.8906057 0.8906057 0.8906057 0.8906057 0.8906057 0.8906057 0.8906057 0.8906057 0.8906057 0.8906057 0.8906057 0.8906057 0.8906057 0.8906057 0.8906057 0.8906057 0.8906057 0.8906057 0.8906057 0.8906057 1.448595 3.80449 4.219881 4.219881 4.219881 4.219881 4.219881 4.219881 4.219881 4.219881 4.219881 4.219881 4.219881 4.219881 4.219881 4.219881 4.219881 4.219881 4.277386 4.629169 5.044066 5.371915 5.392594 5.392594 5.392594 5.392594 5.392594 5.392594 5.392594 5.392594 5.392594 5.392594 5.392594 5.392594 5.392594 5.392594 5.392594 5.392594
0.8906059 0.8906059 0.8906059 0.8906059 0.8906059 0.8906059 0.8906059 0.8906059 0.8906059 0.8906059 0.8906059 0.8906059 0.8906059 0.8906059 0.8906059 0.8906059 0.8906059 0.8906059 0.8906059 0.8906059 0.8906059 0.8906059 0.8906059 0.8906059 0.8906059 0.8906059 0.8906059 0.8906059 0.8906059 0.8906059 0.8906059 0.8906059 1.24685 4.178351 4.219881 4.219881 4.219881 4.219881 4.219881 4.219881 4.219881 4.219881 4.219881 4.219881 4.219881 4.219881 4.219881 4.219881 4.219881 4.219881 4.219881 4.219881 4.219881 4.326232 4.758368 5.220204 5.392594 5.392594 5.392594 5.392594 5.392594 5.392594 5.392594 5.392594 5.392594 5.392594 5.392594 5.392594 5.392594 5.392594
0.8906058 0.8906058 0.8906058 0.8906058 0.8906058 0.8906058 0.8906058 0.8906058 0.8906058 0.8906058 0.8906058 0.8906058 0.8906058 0.8906058 0.8906058 0.8906058 0.8906058 0.8906058 0.8906058 0.8906058 0.8906058 0.8906058 0.8906058 0.8906058 0.8906058 0.8906058 0.8906058 0.8906058 0.8906058 0.8906058 0.8906058 0.8906058 0.8906058 3.252089 4.219881 4.219881 4.219881 4.219881 4.219881 4.219881 4.219881 4.219881 4.219881 4.219881 4.219881 4.219881 4.219881 4.219881 4.219881 4.219881 4.219881 4.219881 4.219881 4.219881 4.219881 4.22459 4.522916 5.043084 5.386075 5.392594 5.392594 5.392594 5.392594 5.392594 5.392594 5.392594 5.392594 5.392594 5.392594 5.392594
0.8906059 0.8906059 0.8906059 0.8906059 0.8906059 0.8906059 0.8906059 0.8906059 0.8906059 0.8906059 0.8906059 0.8906059 0.8906059 0.8906059 0.8906059 0.8906059 0.8906059 0.8906059 0.8906059 0.8906059 0.8906059 0.8906059 0.8906059 0.8906059 0.8906059 0.8906059 0.8906059 0.8906059 0.8906059 0.8906059 0.8906059 0.8906059 0.8906059 1.969673 4.219881 4.219881 4.219881 4.219881 4.219881 4.219881 4.219881 4.219881 4.219881 4.219881 4.219881 4.219881 4.219881 4.219881 4.219881 4.219881 4.219881 4.219881 4.219881 4.219881 4.219881 4.219881 4.219881 4.219881 4.406539 4.943252 5.369409 5.392594 5.392594 5.392594 5.392594 9.474424 13.78043 6.316457 5.392594 5.392594
0.8906057 0.8906057 0.8906057 0.8906057 0.8906057 0.8906057 0.8906057 0.8906057 0.8906057 0.8906057 0.8906057 0.8906057 0.8906057 0.8906057 0.8906057 0.8906057 0.8906057 0.8906057 0.8906057 0.8906057 0.8906057 0.8906057 0.8906057 0.8906057 0.8906057 0.8906057 0.8906057 0.8906057 0.8906057 0.8906057 0.8906057 0.8906057 0.8906057 0.9654157 3.941828 4.219881 4.219881 4.219881 4.219881 4.219881 4.219881 4.219881 4.219881 4.219881 4.219881 4.219881 4.219881 4.219881 4.219881 4.219881 4.219881 4.219881 4.219881 4.219881 4.219881 4.219881 4.219881 4.219881 4.219881 4.219881 4.360766 4.905231 9.789685 14.33983 18.32241 10.29422 30.6773 30.22555 14.83174 8.128267
0.8906057 0.8906057 0.8906057 0.8906057 0.8906057 0.8906057 0.8906057 0.8906057 0.8906057 0.8906057 0.8906057 0.8906057 0.8906057 0.8906057 0.8906057 0.8906057 0.8906057 0.8906057 0.8906057 0.8906057 0.8906057 0.8906057 0.8906057 0.8906057 0.8906057 0.8906057 0.8906057 0.8906057 0.8906057 0.8906057 0.8906057 0.8906057 0.8906057 0.8906057 2.734116 4.219881 4.219881 4.219881 4.219881 4.219881 4.219881 4.219881 4.279398 4.219881 4.219881 4.219881 4.219881 4.219881 4.219881 4.219881 4.219881 4.219881 4.219881 4.219881 4.219881 4.219881 4.219881 4.219881 4.219881 4.328537 5.837265 7.773672 13.79057 31.01227 32.90685 32.45311 32.90685 32.90685 32.90685 32.90685
0.8906058 0.8906058 0.8906058 0.8906058 0.8906058 0.8906058 0.8906058 0.8906058 0.8906058 0.8906058 0.8906058 0.8906058 0.8906058 0.8906058 0.8906058 0.8906058 0.8906058 0.8906058 0.8906058 0.8906058 0.8906058 0.8906058 0.8906058 0.8906058 0.8906058 0.8906058 0.8906058 0.8906058 0.8906058 0.8906058 0.8906058 0.8906058 0.8906058 0.8906058 1.48349 6.223364 7.135018 8.091004 6.838637 6.348848 8.096243 8.000751 10.60537 9.648126 7.008118 4.4234 4.219881 4.219881 4.219881 4.219881 4.219881 4.219881 4.219881 4.219881 4.219881 4.219881 4.219881 5.286682 9.154228 10.98353 11.4114 11.4114 11.4114 14.54729 20.76889 27.44391 32.79816 32.90685 32.90685 32.90685
0.8906058 0.8906058 0.8906058 0.8906058 0.8906058 0.8906058 0.8906058 0.8906058 0.8906058 0.8906058 0.8906058 0.8906058 0.8906058 0.8906058 0.8906058 0.8906058 0.8906058 0.8906058 0.8906058 0.8906058 0.8906058 0.8906058 0.8906058 0.8906058 0.8906058 0.8906058 0.8906058 0.8906058 0.8906058 0.8906058 0.8906058 0.8906058 0.8906058 1.421213 4.451246 10.81226 11.4114 11.4114 11.4114 11.4114 11.4114 11.4114 11.4114 11.4114 11.4114 11.3907 10.34486 7.250013 6.212643 4.970492 4.242343 4.219881 4.219881 4.219881 4.219881 4.219881 4.886345 6.872143 10.03336 11.4114 11.4114 11.4114 11.4114 11.4114 11.4114 11.4114 14.93249 24.56069 32.28733 32.90685
0.8906058 0.8906058 0.8906058 0.8906058 0.8906058 0.8906058 0.8906058 0.8906058 0.8906058 0.8906058 0.8906058 0.8906058 0.8906058 0.8906058 0.8906058 0.8906058 0.8906058 0.8906058 0.8906058 0.8906058 0.8906058 0.8906058 3.904221 8.76085 9.668466 8.413363 7.123227 5.832839 4.542196 3.251301 2.364272 4.926282 8.274676 11.09152 11.4114 11.4114 11.4114 11.4114 11.4114 11.4114 11.4114 11.4114 11.4114 11.4114 11.4114 11.4114 11.4114 11.4114 11.4114 11.4114 11.07608 8.879998 6.903157 7.885311 7.13168 9.294076 11.28917 11.4114 11.4114 11.4114 11.4114 11.4114 11.4114 11.4114 11.4114 11.4114 11.4114 11.4114 13.42597 22.54132
0.8906058 0.8906058 0.8906058 0.8906058 0.8906058 0.8906058 0.8906058 0.8906058 0.8906058 0.8906058 0.8906058 0.8906058 0.8906058 0.8906058 0.8906058 0.8906058 0.8906058 0.8906058 0.8906058 0.8906058 0.8906058 3.942299 11.1236 11.4114 11.4114 11.4114 11.4114 11.4114 11.4114 11.4114 11.4114 11.4114 11.4114 11.4114 11.4114 11.4114 11.4114 11.4114 11.4114 11.4114 11.4114 11.4114 11.4114 11.4114 11.4114 11.4114 11.4114 11.4114 11.4114 11.4114 11.4114 11.4114 11.4114 11.4114 11.4114 11.4114 11.4114 11.4114 11.4114 11.4114 11.4114 11.4114 11.4114 11.4114 11.4114 11.4114 11.4114 11.4114 11.4114 11.4114
0.8906057 0.8906057 0.8906057 0.8906057 0.8906057 0.8906057 0.8906057 0.8906057 0.8906057 0.8906057 0.8906057 0.8906057 0.8906057 0.8906057 0.8906057 0.8906057 0.8906057 0.8906057 0.8906057 0.8906057 0.8906057 3.506457 6.478151 9.095392 11.24812 11.4114 11.4114 11.4114 11.4114 11.4114 11.4114 11.4114 11.4114 11.4114 11.4114 11.4114 11.4114 11.4114 11.4114 11.4114 11.4114 11.4114 11.4114 11.4114 11.4114 11.4114 11.4114 11.4114 11.4114 11.4114 11.4114 11.4114 11.4114 11.4114 11.4114 11.4114 11.4114 11.4114 11.4114 11.4114 11.4114 11.4114 11.4114 11.4114 11.4114 11.4114 11.4114 11.4114 11.4114 11.4114
1.262089 1.04034 0.8906059 0.8906059 0.8906059 0.8906059 0.8906059 0.8906059 0.8906059 0.8906059 0.8906059 0.8906059 0.8906059 0.8906059 0.8906059 0.8906059 0.8906059 0.8906059 0.8906059 0.8906059 0.8906059 0.8906059 0.8906059 0.8906059 1.531816 4.27122 7.174994 10.40132 11.38979 11.39816 11.4114 11.4114 11.4114 11.4114 11.4114 11.4114 11.4114 11.4114 11.4114 11.4114 11.4114 11.4114 11.4114 11.4114 11.4114 11.4114 11.4114 11.4114 11.4114 11.4114 11.4114 11.4114 11.4114 11.4114 11.4114 11.4114 11.4114 11.4114 11.4114 11.4114 11.4114 11.4114 11.4114 11.4114 11.4114 11.4114 11.4114 11.4114 11.4114 11.4114
1.592497 1.590072 1.529255 1.385613 1.136748 1.000444 0.8923678 0.8906058 0.8906058 0.8906058 0.8906058 0.8906058 0.8906058 0.8906058 0.8906058 0.8906058 0.8906058 0.8906058 0.8906058 0.8906058 0.8906058 0.8906058 0.8906058 0.8906058 0.8906058 1.13143 4.884779 8.420348 8.686275 9.076141 9.325202 10.03903 10.51306 11.06986 11.40854 11.4114 11.4114 11.4114 11.4114 11.4114 11.4114 11.4114 11.4114 11.4114 11.4114 11.4114 11.4114 11.4114 11.4114 11.4114 11.4114 11.4114 11.4114 11.4114 11.4114 11.4114 11.4114 11.4114 11.4114 11.4114 11.4114 11.4114 11.4114 11.4114 11.4114 11.4114 11.4114 11.4114 11.4114 11.4114
1.592497 1.592497 1.592497 1.592497 1.592497 1.592497 1.361444 1.142234 1.061389 0.895025 0.8906057 0.8906057 0.8906057 0.8906057 0.8906057 0.8906057 0.8906057 0.8906057 0.8906057 0.8906057 0.8906057 0.8906057 0.8906057 0.8906057 2.785654 7.418561 8.576303 8.576303 8.576303 8.576303 8.576303 8.576303 8.576303 8.576303 8.806296 9.371755 9.940251 10.50345 11.06097 11.4068 11.4114 11.4114 11.4114 11.4114 11.4114 11.4114 11.4114 11.4114 11.4114 11.4114 11.4114 11.4114 11.4114 11.4114 11.4114 11.4114 11.4114 11.4114 11.4114 11.4114 11.4114 11.4114 11.4114 11.4114 11.4114 11.4114 11.4114 11.4114 11.4114 11.4114
1.592497 1.592497 1.592497 1.592497 1.592497 1.592497 1.592497 1.592497 1.592497 1.547192 1.355757 1.150165 0.9173977 0.8906058 0.8906058 0.8906058 0.8906058 0.8906058 0.8906058 0.8906058 0.8906058 0.8906058 1.132256 5.493714 8.539955 8.576303 8.576303 8.576303 8.576303 8.576303 8.576303 8.576303 8.576303 8.576303 8.576303 8.576303 8.576303 8.576303 8.576303 8.787824 9.340208 9.89736 10.45469 11.01219 11.39841 11.4114 11.4114 11.4114 11.4114 11.4114 11.4114 11.4114 11.4114 11.4114 11.4114 11.4114 11.4114 11.4114 11.4114 11.4114 11.4114 11.4114 11.4114 11.4114 11.4114 11.4114 11.4114 11.4114 11.4114 11.4114
1.592497 1.592497 1.592497 1.592497 1.592497 1.592497 1.592497 1.592497 1.592497 1.592497 1.592497 1.55274 0.9751932 0.8906059 0.8906059 0.8906059 0.8906059 0.8906059 0.8906059 0.8906059 0.8932856 3.477067 7.837693 8.576303 8.576303 8.576303 8.576303 8.576303 8.576303 8.576303 8.576303 8.576303 8.576303 8.576303 8.576303 8.576303 8.576303 8.576303 8.576303 8.576303 8.576303 8.576303 8.576303 8.576303 8.747494 9.28696 9.825474 10.36315 10.90098 11.35565 11.4114 11.4114 11.4114 11.4114 11.4114 11.4114 11.4114 11.4114 11.4114 11.4114 11.4114 11.4114 11.4114 11.4114 11.4114 11.4114 11.4114 11.4114 11.4114 11.4114
1.592497 1.592497 1.592497 1.592497 1.592497 1.592497 1.592497 1.592497 1.592497 1.592497 1.592497 1.592497 1.541986 1.357513 1.001946 0.8906058 0.8906058 0.9092144 1.101743 1.336825 3.951753 8.503315 8.576303 8.576303 8.576303 8.576303 8.576303 8.576303 8.576303 8.576303 8.576303 8.576303 8.576303 8.576303 8.576303 8.576303 8.576303 8.576303 8.576303 8.576303 8.576303 8.576303 8.576303 8.576303 8.576303 8.576303 8.576303 8.576303 8.576303 8.60535 8.829501 9.089941 9.35042 9.613878 9.885209 10.16536 10.45122 10.7236 10.99513 11.2761 11.4114 11.4114 11.4114 11.4114 11.4114 11.4114 11.4114 11.4114 -9999 -9999
1.592497 1.592497 1.592497 1.592497 1.592497 1.592497 1.592497 1.592497 1.592497 1.592497 1.592497 1.592497 1.592497 1.594347 1.611019 1.369844 1.474089 1.70215 1.805227 1.805227 1.805227 3.080518 6.081448 8.576303 8.576303 8.576303 8.576303 8.576303 8.576303 8.576303 8.576303 8.576303 8.576303 8.576303 8.576303 8.576303 8.576303 8.576303 8.576303 8.576303 8.576303 8.576303 8.576303 8.576303 8.576303 8.576303 8.576303 8.576303 8.576303 8.576303 8.576303 8.576303 8.576303 8.576303 8.576303 8.576303 8.576303 8.576303 8.576303 8.578654 9.01173 10.37251 11.28001 11.4114 11.4114 11.4114 11.4114 11.4114 11.4114 11.4114
1.592497 1.592497 1.592497 1.592497 1.592497 1.592497 1.592497 1.592497 1.592497 1.592945 1.62703 1.682043 1.737033 1.790153 1.805227 1.805227 1.805227 1.805227 1.805227 1.805227 1.805227 1.805227 2.220031 5.732033 8.504777 8.576303 8.576303 8.576303 8.576303 8.576303 8.576303 8.576303 8.576303 8.576303 8.576303 8.576303 8.576303 8.576303 8.576303 8.576303 8.576303 8.576303 8.576303 8.576303 8.576303 8.576303 8.576303 8.576303 8.576303 8.576303 8.576303 8.576303 8.576303 8.576303 8.576303 8.576303 8.576303 8.576303 8.576303 8.576303 8.576303 8.576303 8.659073 9.372764 10.21806 11.08593 11.4114 11.4114 11.4114 -9999
1.592497 1.592497 1.592497 1.592497 1.592497 1.592497 1.619656 1.674794 1.729787 1.784311 1.805227 1.805227 1.805227 1.805227 1.805227 1.805227 1.805227 1.805227 1.805227 1.805227 1.805227 1.805227 1.805227 1.805227 3.20168 7.841484 8.576303 8.576303 8.576303 8.576303 8.576303 8.576303 8.576303 8.576303 8.576303 8.576303 8.576303 8.576303 8.576303 8.576303 8.576303 8.576303 8.576303 8.576303 8.576303 8.576303 8.576303 8.576303 8.576303 8.576303 8.576303 8.576303 8.576303 8.576303 8.576303 8.576303 8.576303 8.576303 8.576303 8.576303 8.576303 8.576303 8.576303 8.576303 8.576303 8.607376 9.956942 10.13553 -9999 -9999
1.592497 1.593505 1.627306 1.676909 1.726493 1.776391 1.805206 1.805227 1.805227 1.805227 1.805227 1.805227 1.805227 1.805227 1.805227 1.805227 1.805227 1.805227 1.805227 1.805227 1.805227 1.805227 1.805227 1.805227 1.805227 2.541014 4.845815 6.525457 8.160477 8.576303 8.576303 8.576303 8.576303 8.576303 8.576303 8.576303 8.576303 8.576303 8.576303 8.576303 8.576303 8.576303 8.576303 8.576303 8.576303 8.576303 8.576303 8.576303 8.576303 8.576303 8.576303 8.576303 8.576303 8.576303 8.576303 8.576303 8.576303 8.576303 8.576303 8.576303 8.576303 8.576303 8.576303 8.576303 8.576303 8.576303 8.576303 8.576303 -9999 -9999
1.705925 1.775915 1.805158 1.805227 1.805227 1.805227 1.805227 1.805227 1.805227 1.805227 1.805227 1.805227 1.805227 1.805227 1.805227 1.805227 1.805227 1.805227 1.805227 1.805227 1.805227 1.805227 1.805227 1.805227 1.805227 1.805227 1.805227 1.805227 1.887082 3.352072 6.008008 8.33466 8.576303 8.576303 8.576303 8.576303 8.576303 8.576303 8.576303 8.576303 8.576303 8.576303 8.576303 8.576303 8.576303 8.576303 8.576303 8.576303 8.576303 8.576303 8.576303 8.576303 8.576303 8.576303 8.576303 8.576303 8.576303 8.576303 8.576303 8.576303 8.576303 8.576303 8.576303 8.576303 -9999 -9999 -9999 -9999 -9999 -9999
1.733092 1.733092 1.743064 1.766406 1.789828 1.804937 1.805227 1.805227 1.805227 1.805227 1.805227 1.805227 1.805227 1.805227 1.805227 1.805227 1.805227 1.805227 1.805227 1.805227 1.805227 1.805227 1.805227 1.805227 1.805227 1.805227 1.805227 1.805227 1.805227 1.805227 1.805227 3.150038 8.265032 8.576303 8.576303 8.576303 8.576303 8.576303 8.576303 8.576303 8.576303 8.576303 8.576303 8.576303 8.576303 8.576303 8.576303 8.576303 8.576303 8.576303 8.576303 8.576303 8.576303 8.576303 8.576303 8.576303 8.576303 8.576303 8.576303 8.576303 8.576303 -9999 -9999 -9999 -9999 -9999 -9999 -9999 -9999 -9999
1.733092 1.733092 1.733092 1.733092 1.733092 1.741405 1.764525 1.787947 1.804566 1.805227 1.805227 1.805227 1.805227 1.805227 1.805227 1.805227 1.805227 1.805227 1.805227 1.805227 1.805227 1.805227 1.805227 1.805227 1.805227 1.805227 1.805227 1.805227 1.805227 1.805227 1.805227 1.805264 3.24681 6.627784 8.576303 8.576303 8.576303 8.576303 8.576303 8.576303 8.576303 8.576303 8.576303 8.576303 8.576303 8.576303 8.576303 8.576303 8.576303 8.576303 8.576303 8.576303 8.576303 8.576303 8.576303 8.576303 8.576303 8.576303 8.576303 8.576303 8.576303 8.576303 -9999 -9999 -9999 -9999 -9999 -9999 -9999 -9999
1.733092 1.733092 1.733092 1.733092 1.733092 1.733092 1.733092 1.733092 1.739896 1.762645 1.786065 1.804044 1.805227 1.805227 1.805227 1.805227 1.805227 1.805227 1.805227 1.805227 1.805227 1.805227 1.805227 1.805227 1.805227 1.805227 1.805227 1.805227 1.805227 1.805227 1.805227 1.805227 1.805227 2.019314 4.194261 8.392823 8.576303 8.576303 8.576303 8.576303 8.576303 8.576303 8.576303 8.576303 8.576303 8.576303 8.576303 8.576303 8.576303 8.576303 8.576303 8.576303 8.576303 8.576303 8.576303 8.576303 8.576303 8.576303 8.576303 8.576303 -9999 -9999 -9999 -9999 -9999 -9999 -9999 -9999 -9999 -9999
