GISdata/Popn density Poland 2015.asc
ncols         288
nrows         192
xllcorner     13
yllcorner     48
cellsize      0.0416666666667
NODATA_value  -9999
[rows 116 to 144 of 192, columns 66 to 131 of 288]
43.94706 43.99732 45.61026 207.9429 342.6531 49.25358 46.70151 36.58455 73.24256 257.817 169.966 56.38828 56.38828 51.43578 35.76701 30.6926 42.3014 103.008 95.55679 93.38969 93.38969 93.38969 90.07184 67.86045 65.88942 732.6846 2072.555 2072.555 2072.555 2072.555 2072.555 2046.631 2072.555 1204.536 104.3009 104.3009 104.2395 80.97588 46.1679 45.64994 52.51859 66.59311 68.68324 58.51099 49.87249 49.78186 53.10704 81.91681 91.05882 83.47081 44.74441 40.12289 43.87535 51.99375 60.07059 59.79285 58.07904 55.56794 57.73844 58.12757 58.50845 60.27897 57.7137 59.20482 63.07841 66.15026
43.43383 43.43383 47.68808 257.1515 470.0342 49.25358 44.48041 33.97008 34.45014 177.9331 232.1758 59.03125 53.28907 44.54881 43.26179 43.26179 46.46698 68.81409 69.04647 83.67344 84.75876 89.30643 69.61866 52.68043 57.34047 88.11045 1048.094 1380.943 1993.052 2072.555 2072.555 2072.555 2072.555 1839.072 217.0123 106.7837 106.2716 106.4408 95.24503 88.20911 76.2426 68.68323 68.68323 63.40071 49.87379 50.03602 62.62145 78.45782 91.05882 83.09132 69.79489 40.33133 44.98074 57.05877 60.37135 60.53123 58.13529 55.56762 55.56762 55.56762 55.56762 53.2631 48.51072 56.6556 107.8205 93.43256
46.07841 45.74606 51.71207 51.94872 44.48967 35.98605 33.0379 32.47923 32.47923 144.7522 1097.064 277.8748 60.26313 55.45321 46.59977 45.61996 47.04757 47.5293 47.70443 49.04015 49.37347 50.20781 49.57692 70.68358 89.16936 104.2054 104.2054 104.2054 417.3623 1547.412 1761.128 1695.076 1069.574 197.9185 114.7236 111.9787 112.126 127.2502 136.6395 136.6395 114.3439 99.16621 87.92287 85.2739 87.52074 85.5322 90.88924 91.05882 78.46265 48.26505 35.58603 35.58603 43.13459 60.53123 60.53123 60.41525 58.79829 58.94674 75.12529 92.51929 85.05547 54.79514 49.10239 47.83603 95.81716 128.1939
53.04651 52.02159 52.10892 52.10892 50.32885 38.39201 32.5472 33.8492 34.22806 35.0569 71.25908 55.13886 91.51181 119.3167 125.4046 79.22894 78.22765 58.85316 48.62156 49.37145 50.74366 48.49955 62.20076 101.9873 104.2054 104.2054 99.54748 89.58693 88.33501 84.3376 79.30868 126.3005 142.26 142.26 136.6901 120.5859 90.22421 130.0358 136.6395 117.3767 124.3029 136.6395 117.4249 91.11651 91.05882 91.05882 91.05882 90.09282 78.81363 38.23931 35.43175 35.58603 52.52361 60.53123 60.53123 60.53123 64.32133 137.2631 169.3047 170.8591 170.399 109.0038 62.68526 47.83603 77.99229 112.1336
65.82846 58.42944 52.11452 85.02042 75.75316 57.6819 60.62668 46.99719 35.35848 35.35848 43.74386 64.48118 159.4847 184.7748 184.7748 184.7676 169.4068 145.6741 122.4805 129.9806 89.4431 46.50322 46.55472 69.86502 101.7769 100.3862 95.74627 87.14427 87.14427 77.21229 66.24549 70.34858 84.4191 90.82066 68.62753 62.5603 424.2479 322.2336 112.9194 95.97346 60.70909 95.82462 76.07247 59.74192 60.67904 63.4613 50.36828 34.42051 33.45113 33.24838 34.20394 35.8058 43.07556 47.07318 58.78508 60.58187 116.6437 170.824 170.8591 170.8591 154.3007 170.8555 129.5036 48.10498 49.02926 41.7202
227.1039 160.3 133.8286 91.68605 102.8638 77.20614 71.51781 67.538 64.48065 64.50336 65.63129 64.22211 116.9554 184.7748 184.7748 157.3831 147.9182 140.9029 135.3219 120.1607 49.95724 52.80803 61.28808 88.65564 91.25269 91.00121 88.33942 87.14427 83.50767 67.73559 66.01366 65.79121 61.42607 56.1534 58.43073 81.69826 829.0085 828.9357 91.93779 63.26247 49.87291 40.98082 40.98082 40.98082 40.98082 40.86012 34.90625 33.30484 35.00364 36.81792 38.30036 38.35915 38.19828 34.42544 36.59475 75.6403 138.6338 170.8591 147.8293 130.7813 33.98853 48.55898 114.8739 68.17481 60.34487 37.34495
640.8699 431.8196 393.3179 82.24134 76.54104 65.65189 64.77783 67.96072 71.51781 71.51781 69.09416 60.56657 86.97903 319.336 415.7451 341.3915 148.3656 133.2045 100.494 77.54015 72.34033 72.41322 81.53421 91.00121 91.00121 88.25246 65.43832 78.12331 81.48211 57.88002 56.0173 57.2206 56.12703 56.14681 56.29529 61.18581 62.5603 62.5603 63.72511 68.17153 108.4525 41.61238 40.98082 40.98082 40.98082 41.73818 43.28435 42.71058 42.65987 39.44133 38.35915 36.8248 34.82774 34.02145 34.02145 34.13272 65.04223 96.33556 46.87049 33.67519 33.67519 33.78579 73.74577 76.03974 73.87726 62.11432
252.3278 116.3071 115.5115 99.23203 76.82242 60.04069 60.04069 59.478 52.98838 53.34407 48.79823 46.10257 703.3499 926.0831 328.1564 93.82688 131.6282 2217.25 1272.593 75.14227 72.92653 72.41322 81.65673 87.00069 81.2389 62.97461 52.51824 54.27504 59.84749 55.04243 56.51435 67.45148 84.39976 53.49174 52.82159 54.71136 61.64909 62.70521 66.32603 69.39714 1103.582 1642.264 100.836 56.7063 49.08509 43.84939 44.20562 44.20562 44.20562 43.45458 43.67648 47.60429 34.02145 40.1105 54.64524 43.68227 34.1813 33.70935 34.39677 33.67519 33.67519 34.31567 64.60606 76.03975 76.03975 76.03975
101.3937 172.1629 214.4151 127.1412 61.40661 71.30043 342.8956 61.5327 72.11075 67.70683 44.90549 263.4015 1031.944 1387.609 447.2112 75.60277 75.60277 870.7492 323.2247 75.36623 66.49503 65.37006 62.23396 60.96431 60.96431 59.81525 60.76738 52.9549 49.00928 53.77995 110.8136 130.105 130.105 97.73999 51.16042 51.16042 52.23172 54.97714 62.60564 62.26792 58.26213 55.38033 67.07958 78.29305 74.57714 68.55524 53.4702 45.21286 45.72485 98.8972 118.6017 131.7798 61.26638 51.37058 67.03209 68.99469 58.5722 60.42186 58.73732 37.56848 38.30166 37.18672 59.91516 68.59646 67.01962 72.38403
145.8339 293.4533 289.7235 78.32008 58.98884 200.2853 771.2526 406.3824 72.98693 113.8488 480.85 891.0379 1382.772 1367.174 195.7766 75.10928 75.46017 75.60276 75.60276 76.40307 64.13792 226.6135 62.13482 61.58965 61.06711 61.99396 68.07484 54.62825 48.92085 98.25179 130.105 130.105 130.105 108.0558 68.34063 51.16042 58.55006 68.11615 65.08975 59.86024 53.65862 51.93105 62.4826 86.50356 86.53336 86.53336 86.53336 80.53194 82.13065 143.5519 153.7208 138.6158 90.61807 70.19431 64.9653 64.62925 63.66288 61.74281 67.77365 70.34071 45.26846 41.14483 41.93498 51.15538 62.64818 64.3522
157.1021 227.4968 107.08 80.70038 79.08127 81.71267 66.16444 57.37572 62.73757 77.31889 269.9205 450.0682 960.5043 597.7394 184.0056 85.37181 74.54407 77.95599 103.162 138.2168 398.0297 1690.78 498.7837 66.75414 77.46964 82.35509 79.55889 52.69233 48.61643 58.22388 126.0527 129.8782 101.41 59.7912 78.70113 53.47475 63.50813 69.15424 69.71072 69.71072 69.0778 60.82478 67.96098 84.0554 84.74397 86.34729 82.53286 80.20904 74.12171 77.25095 96.84688 372.4973 138.137 68.31957 62.13239 61.74281 61.74281 62.74016 133.2288 157.9138 93.91489 74.14814 61.76873 64.3522 64.3522 64.27502
-9999 -9999 82.20299 82.20299 82.20299 82.20299 80.72637 63.52735 65.37581 70.80581 88.65638 94.12556 104.0931 136.8552 154.8945 140.7658 97.68082 94.34489 146.2153 357.5229 722.1935 642.9352 62.71243 206.7258 271.8211 83.55209 71.81333 39.95726 41.28625 73.35294 95.07244 88.51215 51.24363 46.28615 46.28481 53.3593 69.12895 69.71072 69.69627 69.65945 69.70731 70.00546 73.4697 73.56489 74.23487 79.64338 73.91165 74.10229 75.65617 92.36639 751.7675 1208.401 1108.574 669.6468 204.8317 73.47854 109.6178 163.5227 163.7849 167.9556 163.8661 143.5773 79.17375 73.35521 69.53545 62.95642
-9999 -9999 -9999 -9999 -9999 -9999 82.203 82.20299 85.63537 94.12556 94.12556 94.12556 145.4476 145.4476 145.4476 119.4372 108.7024 88.57487 108.5933 472.5124 329.5439 63.3111 56.3986 68.83031 171.5905 147.1679 106.9592 54.69731 41.64571 50.51653 81.25028 81.25028 80.96187 56.88565 46.28481 54.23793 69.71072 69.67079 68.00331 67.10944 69.59612 71.38691 73.56489 73.56489 73.56489 73.56489 73.6125 81.09364 175.0032 162.6996 238.8129 838.2228 1021.4 1271.497 761.9954 79.7093 79.7093 92.61115 127.6175 135.9563 131.7939 76.86369 75.08159 82.31384 77.32864 65.18833
-9999 -9999 -9999 -9999 -9999 82.20299 82.203 82.203 -9999 -9999 -9999 -9999 -9999 -9999 -9999 89.16841 89.16841 366.8949 337.7184 89.16842 64.69815 50.17262 50.17262 52.83185 118.7479 158.3432 158.3432 157.1929 94.13126 81.25028 81.25028 81.25028 76.92928 52.20168 41.21231 60.17104 68.71738 67.53522 66.35986 66.55512 67.36953 70.43198 73.05919 72.33262 71.1108 63.09133 59.78791 56.85941 83.74777 171.7071 145.3039 80.80888 140.9611 816.0673 248.4969 117.8067 111.2984 90.17532 67.94279 119.2672 155.247 125.438 71.51571 73.1521 107.4754 129.2362
-9999 -9999 -9999 -9999 -9999 -9999 -9999 -9999 -9999 -9999 -9999 -9999 -9999 -9999 -9999 66.9735 69.18208 153.4189 503.5163 274.0222 87.83829 57.4728 51.71626 70.63001 137.4673 158.3432 158.3432 140.0383 85.60928 82.20654 81.25028 76.72251 48.09071 39.6776 39.80902 43.89202 44.87165 49.30222 55.66916 60.79873 64.85938 66.32154 66.33064 66.30598 62.99708 58.75007 55.17029 55.33443 67.92786 80.27802 80.22558 89.53159 102.0006 116.0505 122.2032 121.9654 116.9109 64.94716 65.34618 147.2852 155.247 146.4074 76.96732 71.51571 69.74547 101.246
-9999 -9999 -9999 -9999 -9999 -9999 -9999 -9999 -9999 -9999 -9999 -9999 -9999 66.9735 66.9735 66.9735 66.9735 66.9735 181.378 230.082 83.23789 72.72654 69.87623 71.87513 81.88889 96.24323 103.0273 91.58078 88.6675 85.69211 81.31203 71.94025 63.91365 54.31393 66.56953 108.3451 162.7825 145.6338 187.3662 168.6074 104.0339 66.30981 65.21234 62.31287 60.95338 53.28611 52.20713 53.85976 55.25919 65.74751 75.70337 210.443 232.1416 122.2534 120.2762 120.2337 81.36729 73.06947 128.9976 155.247 155.247 155.247 141.6595 81.54552 61.24707 48.0191
-9999 -9999 -9999 -9999 -9999 -9999 -9999 -9999 -9999 -9999 -9999 328.2491 328.2491 170.8659 70.54234 64.70933 65.57244 64.32035 66.20566 70.86346 72.38964 165.6122 77.67146 72.06308 70.81921 73.21069 73.37187 73.32857 97.12753 133.7228 111.6771 91.29273 77.38721 77.38721 77.38721 115.1515 269.9531 273.4537 273.4537 273.4537 251.9504 93.98252 53.24702 52.15511 52.15482 52.15929 53.94706 54.72385 59.99915 62.53096 62.53096 101.3091 238.9515 224.6657 125.7162 126.3607 211.99 165.7048 113.7211 117.574 113.6656 129.4726 122.6133 133.0897 135.7453 116.4791
-9999 -9999 -9999 -9999 -9999 -9999 -9999 -9999 -9999 -9999 328.2491 316.0089 147.5483 74.70373 56.70158 58.50949 57.15055 93.7076 92.47499 72.38964 367.5275 1115.043 366.4571 72.38964 65.30321 60.81593 60.72374 64.80461 170.1491 177.2532 177.2532 177.0239 149.0094 99.0095 77.3872 128.8795 254.5591 273.4537 273.4537 273.4537 272.2032 124.0235 52.15482 52.15482 52.9772 54.33414 54.89362 54.90337 60.44782 63.86755 63.31311 80.20085 199.9746 192.5509 191.7284 217.0183 299.0945 227.8029 89.49769 89.04814 82.04781 77.2894 76.37123 96.81979 91.95219 88.95297
-9999 -9999 -9999 -9999 -9999 -9999 -9999 -9999 -9999 -9999 -9999 212.379 33.1721 33.1721 87.3122 136.1689 57.15055 214.9017 267.9545 72.38964 107.3581 276.826 72.38964 72.40028 73.15551 71.61289 74.48441 79.30569 -9999 -9999 177.2532 177.2532 114.9129 77.3872 77.3872 81.98116 185.6137 219.3588 189.1728 199.4374 229.3667 210.9035 191.5086 99.25892 57.43031 54.90337 54.90337 54.90337 56.63243 79.99242 81.17731 215.3936 141.9878 81.42567 85.44201 93.73133 188.6407 277.9481 143.9195 210.7321 253.6609 246.3218 77.22469 66.37025 63.24452 63.24452
-9999 -9999 -9999 -9999 -9999 -9999 -9999 -9999 -9999 -9999 -9999 -9999 33.1721 33.1721 214.6375 141.4875 57.15055 58.52563 59.63688 61.73277 61.0483 63.01328 68.24237 71.86636 78.92044 79.3057 79.3057 79.3057 79.3057 -9999 -9999 -9999 -9999 -9999 77.38721 93.90614 143.4395 154.3368 154.3368 154.3368 158.6671 232.4434 233.594 229.0519 92.90459 51.46663 52.78213 52.3214 70.08547 82.61636 82.61636 82.61644 82.73034 82.09701 82.719 90.59885 218.6258 502.3734 509.6629 509.6629 509.6629 493.8828 331.5154 83.54983 63.24452 63.24452
-9999 -9999 -9999 -9999 -9999 -9999 -9999 -9999 -9999 -9999 -9999 -9999 -9999 -9999 -9999 180.8391 58.02254 59.33086 59.52443 59.52443 59.52443 59.52443 59.52443 59.63528 71.05359 78.8848 70.83607 68.18882 63.47247 60.81583 60.81583 -9999 -9999 -9999 -9999 154.3368 154.3368 154.3368 154.3368 154.3368 162.5627 229.7574 233.594 225.3348 109.5681 49.79923 49.79923 71.41113 81.27134 81.57464 82.61634 82.00932 65.02541 60.44499 59.29309 86.85376 92.92616 160.7729 144.8858 233.2659 459.2838 152.4115 68.30225 67.40665 70.17014 73.66474
-9999 -9999 -9999 -9999 -9999 -9999 -9999 -9999 -9999 -9999 -9999 -9999 -9999 -9999 -9999 -9999 -9999 59.52443 59.52443 59.52443 59.52443 59.52443 59.52443 59.52443 59.52443 60.59149 60.81593 60.81583 60.81583 60.81583 60.81583 -9999 -9999 -9999 -9999 -9999 -9999 -9999 154.3368 154.3368 154.3368 183.2396 233.5466 138.6698 49.79923 49.79923 49.79923 80.46964 80.46964 80.50639 81.07211 81.04951 58.05496 50.88842 50.88842 62.5376 79.94915 89.62798 96.55576 83.21246 87.16071 68.26149 69.66886 71.94032 77.06413 78.09528
-9999 -9999 -9999 -9999 -9999 -9999 -9999 -9999 -9999 -9999 -9999 -9999 -9999 -9999 -9999 -9999 -9999 -9999 59.52443 59.09312 52.5224 42.93381 49.67534 52.80037 56.83226 59.91513 60.80401 60.81583 60.81583 60.81583 60.81583 -9999 -9999 -9999 -9999 -9999 -9999 -9999 -9999 -9999 -9999 -9999 -9999 -9999 -9999 -9999 -9999 80.46964 80.46964 80.46964 80.46964 80.46964 56.17976 51.08876 50.88842 52.4522 76.41634 81.52319 94.12093 96.49905 80.78371 84.16592 90.82874 92.07119 91.04671 78.79202
-9999 -9999 -9999 -9999 -9999 -9999 -9999 -9999 -9999 -9999 -9999 -9999 -9999 -9999 -9999 -9999 -9999 -9999 -9999 39.66977 39.09303 39.09303 39.09303 39.09303 39.2232 49.22965 60.00046 60.81583 -9999 -9999 -9999 -9999 -9999 -9999 -9999 -9999 -9999 -9999 -9999 -9999 -9999 -9999 -9999 -9999 80.46964 80.46964 80.46964 80.46964 80.46964 80.46964 80.46964 74.32733 58.70758 54.63329 52.32563 67.7493 78.60399 75.50516 82.05229 78.29012 98.73714 108.2515 113.9163 92.57821 92.07119 245.0041
-9999 -9999 -9999 -9999 -9999 -9999 -9999 -9999 -9999 -9999 -9999 -9999 -9999 -9999 -9999 -9999 -9999 -9999 -9999 39.09303 39.09303 39.09303 39.09303 39.09303 39.09303 39.09303 -9999 -9999 -9999 -9999 -9999 -9999 -9999 -9999 -9999 -9999 -9999 -9999 -9999 -9999 -9999 -9999 -9999 -9999 80.46964 80.46964 80.46964 80.46964 80.46964 80.11906 81.65405 68.02615 56.53826 56.53826 56.53826 83.87114 82.75902 66.81033 84.89925 181.8089 169.8555 138.8469 145.7921 139.7772 153.163 988.4673
-9999 -9999 -9999 -9999 -9999 -9999 -9999 -9999 -9999 -9999 -9999 -9999 -9999 -9999 -9999 -9999 -9999 -9999 -9999 -9999 39.09303 39.09303 39.09303 39.09303 -9999 -9999 -9999 -9999 -9999 -9999 -9999 -9999 -9999 -9999 -9999 -9999 -9999 -9999 -9999 -9999 -9999 -9999 -9999 -9999 -9999 80.46964 80.46964 79.99107 78.95496 78.65688 79.21151 82.02747 73.22599 66.06207 62.82637 82.34897 104.1935 194.4259 606.5565 735.5864 688.0362 195.9118 162.9336 279.7628 476.5518 739.9564
-9999 -9999 -9999 -9999 -9999 -9999 -9999 -9999 -9999 -9999 -9999 -9999 -9999 -9999 -9999 -9999 -9999 -9999 -9999 -9999 -9999 -9999 -9999 -9999 -9999 -9999 -9999 -9999 -9999 -9999 -9999 -9999 -9999 -9999 -9999 -9999 -9999 -9999 -9999 -9999 -9999 -9999 -9999 -9999 -9999 -9999 -9999 78.50735 78.50735 78.50735 78.99668 84.02007 84.2369 84.2369 84.74952 107.4332 111.3131 204.3171 629.1087 638.0618 521.0513 197.1823 309.4238 855.4438 1417.94 1191.819
-9999 -9999 -9999 -9999 -9999 -9999 -9999 -9999 -9999 -9999 -9999 -9999 -9999 -9999 -9999 -9999 -9999 -9999 -9999 -9999 -9999 -9999 -9999 -9999 -9999 -9999 -9999 -9999 -9999 -9999 -9999 -9999 -9999 -9999 -9999 -9999 -9999 -9999 -9999 -9999 -9999 -9999 -9999 -9999 -9999 -9999 -9999 -9999 78.50735 78.50735 78.50735 81.97073 84.2369 84.2369 84.23691 84.2369 129.4601 129.4601 142.7473 153.6395 176.4107 195.1084 427.7969 811.0802 959.9799 1067.287
-9999 -9999 -9999 -9999 -9999 -9999 -9999 -9999 -9999 -9999 -9999 -9999 -9999 -9999 -9999 -9999 -9999 -9999 -9999 -9999 -9999 -9999 -9999 -9999 -9999 -9999 -9999 -9999 -9999 -9999 -9999 -9999 -9999 -9999 -9999 -9999 -9999 -9999 -9999 -9999 -9999 -9999 -9999 -9999 -9999 -9999 -9999 -9999 -9999 78.50735 78.50735 82.33221 84.2369 -9999 -9999 -9999 129.4601 129.4601 144.9323 153.4098 155.0272 260.4853 316.2954 358.55 589.7516 740.2412
