GISdata/Popn density Finland 2015.asc
ncols         360
nrows         288
xllcorner     18
yllcorner     59
cellsize      0.0416666666667
NODATA_value  -9999
[rows 224 to 255 of 288, columns 142 to 212 of 360]
353.3334 353.3334 353.3334 353.3334 138.5795 11.57775 11.57775 11.57775 11.57775 11.57775 11.57775 11.57775 11.57775 11.57775 11.50912 4.638971 7.201836 3.668128 2.812161 2.812161 2.808896 2.66978 2.684714 2.719271 2.766848 2.589051 2.580784 2.580784 2.580784 2.580784 2.580784 2.580784 2.580784 2.580784 2.580784 2.580784 2.580784 2.580784 -9999 4.392807 4.392807 4.392807 4.392807 4.392807 4.386041 4.350872 4.343461 4.280577 4.274589 4.274589 4.274589 4.27459 4.955241 5.513575 5.279852 5.031418 4.850524 5.228095 4.949379 3.837704 4.993659 5.519154 5.414906 3.713657 3.713657 3.713657 3.713657 3.713657 3.713657 3.713657 3.713657
353.3334 353.3334 343.2639 177.318 76.44001 37.70834 18.95865 11.62768 11.57775 11.90424 11.57775 11.57775 11.57775 11.57775 11.57775 11.57775 11.57775 9.412864 2.987575 2.812161 2.800081 2.628926 2.60359 2.64013 2.581112 2.580784 2.580784 2.580784 2.580784 2.580784 2.580784 2.580784 2.580784 2.580784 2.580784 2.580784 2.580784 -9999 -9999 4.392807 4.392807 4.392807 4.392807 4.392807 4.392807 4.392807 4.329915 4.274639 4.274621 4.274589 4.274589 4.274589 4.274589 4.318175 4.277442 4.274589 4.274589 4.254151 3.521873 3.30822 3.30822 3.30822 3.349169 3.669654 3.886234 3.780156 3.733947 3.713657 3.713657 3.713657 3.713657
353.3334 343.9018 136.146 47.4996 47.4996 47.4996 47.4996 40.84121 39.59145 46.52678 24.55574 11.57775 11.57775 11.57775 11.57775 11.57775 11.57775 11.57775 10.82101 7.472759 3.428915 3.271206 3.048441 2.802213 2.580899 2.580784 2.580784 2.580784 2.580784 2.580784 2.580784 2.580784 2.580784 2.580784 2.580784 2.580784 2.580784 -9999 4.392807 4.392807 4.392807 4.392807 4.392807 4.392807 4.392807 4.392807 4.385993 4.369619 4.304072 4.27491 4.274589 4.274589 4.274589 4.274589 4.27459 4.274589 4.11766 3.43 3.30822 3.30822 3.30822 3.30822 3.30822 3.370525 3.784378 4.411272 4.445017 4.149165 4.313329 3.870356 3.713657
339.4138 133.54 47.4996 47.4996 47.4996 47.4996 47.4996 47.4996 46.71893 21.50884 13.08308 13.08308 7.180326 4.65248 4.018155 4.100556 5.930742 8.219296 5.701068 5.634822 4.018155 4.018155 4.018155 4.018138 3.171541 2.580784 2.580784 2.580784 2.580784 2.580784 2.580784 2.580784 2.580784 2.580784 -9999 -9999 -9999 4.392807 4.392807 4.392807 4.392807 4.392807 4.392807 4.392807 4.392807 4.392807 4.392807 4.381236 4.313206 4.27465 4.274589 4.274589 4.274589 4.274589 4.274589 4.274589 3.961676 3.521741 3.372977 3.30822 3.30822 3.30822 3.30822 3.30822 3.326764 4.021957 4.449234 4.449234 4.449234 4.420516 4.148098
155.9626 47.4996 47.4996 47.4996 47.4996 47.4996 47.4996 37.39123 14.3775 13.08308 13.08308 13.08308 13.08308 12.55776 9.675046 5.656956 4.018155 4.018155 4.018155 4.154371 4.147159 4.408965 4.251597 4.095587 3.286139 2.581534 2.594889 2.879313 3.171736 2.874281 3.18015 3.130804 3.357429 4.363957 4.363957 -9999 -9999 -9999 -9999 4.392807 4.392807 4.392807 4.392807 4.392807 4.392807 4.392807 4.388979 4.297441 4.274589 4.274589 4.27969 4.300983 4.274589 4.274589 4.274589 4.274589 4.04678 3.312993 3.316277 3.30822 3.30822 3.30822 3.30822 3.520477 3.984485 4.367772 4.449234 4.449234 4.449234 4.449234 4.449234
49.18307 47.4996 47.4996 47.4996 47.4996 47.4996 47.4996 47.4996 37.40925 13.13808 13.11196 13.10207 13.08784 13.08628 13.09749 12.97338 8.916868 4.508969 4.471381 4.565462 4.647961 4.647961 4.623156 4.424898 4.353519 4.121666 4.293898 4.363957 4.363957 4.363957 4.363957 4.363956 4.363957 4.363957 4.363957 4.363957 4.363957 4.392807 4.392807 4.392807 4.392807 4.392807 4.392807 4.392807 4.392807 4.392807 4.392807 4.377229 4.32645 4.323909 4.36866 4.39179 4.332818 4.306842 4.280795 4.413954 5.295432 3.30822 3.30822 3.30822 3.30822 3.30822 3.342304 3.939406 4.449234 4.449234 4.449234 4.449234 4.449234 4.449234 4.449234
48.432 47.4996 47.4996 47.4996 47.4996 47.4996 47.3635 39.18032 27.33179 13.20126 13.20126 13.20126 13.20003 13.20088 12.14785 7.004202 4.72904 4.647961 4.647961 4.647961 4.647961 4.647961 4.647961 4.554395 4.363957 4.363957 4.363957 4.363957 4.363957 4.363957 4.363957 4.363957 4.363957 4.363957 4.363957 4.363957 4.363957 4.363957 4.392807 4.392807 4.392807 4.392807 4.392807 4.392807 4.392807 4.392807 4.392807 4.392807 4.392807 4.400037 5.257767 8.738079 8.701335 9.931722 13.88965 19.97873 21.57469 8.687017 3.30822 3.30822 3.30822 3.30822 3.478036 4.126678 4.449234 4.449234 4.449234 4.449234 4.449234 4.449234 4.449234
53.70401 47.87981 47.73046 47.70388 43.56869 26.37144 13.84407 13.20126 13.20126 13.20126 13.20126 13.20126 11.99626 6.682145 4.900074 4.647961 4.647961 4.647961 4.647961 4.647961 4.647961 4.647961 4.647961 4.508248 4.363957 4.363957 4.363957 4.363957 4.363957 4.363957 4.363957 4.363957 4.363957 4.363957 4.363956 4.363957 4.363957 4.363957 4.363956 4.54782 5.652236 5.429594 5.699771 8.276499 6.115105 4.392807 5.582757 19.11723 17.59838 20.36569 21.85476 21.85476 21.85476 21.85476 21.85476 21.85476 21.34278 16.88579 7.795676 4.36154 5.27192 9.330929 4.790009 4.444036 4.449234 4.449234 4.449234 4.449234 4.449234 4.449234 4.449234
54.96192 54.46323 54.18042 54.75738 35.793 13.20126 13.20126 13.20126 13.20126 13.20126 13.20126 13.20126 11.31809 5.284168 4.703645 5.11375 4.664187 4.647961 4.647961 5.229961 4.651436 4.647961 4.647961 5.546695 4.499746 4.363957 4.363957 4.363957 4.363957 4.363957 4.363957 4.363957 4.363957 4.363957 4.363957 4.366536 6.419787 7.805092 9.989515 11.81095 11.81095 11.81095 11.81095 11.81095 11.66479 12.76446 21.38444 21.85476 21.85476 21.85476 21.85476 21.85476 21.85476 21.85476 21.85476 21.85476 21.85476 21.85476 21.8468 18.64612 18.09387 17.44959 4.750978 4.449234 4.449234 4.44858 4.449234 4.449234 4.449234 4.449234 4.449234
55.19799 55.19906 55.19906 55.19906 55.19906 55.19906 30.67478 20.19285 13.20126 13.20126 13.20126 12.88604 11.05062 8.519301 6.775682 6.878684 6.742323 6.313365 6.097447 6.681437 5.969102 5.84797 6.165016 6.673513 6.430748 5.982447 5.357677 4.445868 4.614805 4.380397 4.363957 4.376202 4.40892 4.363957 5.698288 9.297441 11.81095 11.81095 11.81095 11.81095 11.81095 11.81095 11.81095 11.81095 11.81095 16.1501 16.9312 21.82173 21.85476 21.85476 21.85476 21.85476 21.85476 21.85476 21.85476 21.85476 21.85476 21.85476 21.85476 21.85476 18.88252 15.1705 5.128945 3.559536 3.237446 3.629594 4.449234 4.449234 5.711687 7.603428 8.330275
55.19906 55.19906 55.19906 55.19906 55.19906 55.19906 55.19906 55.19894 33.12955 13.60791 8.093864 7.037848 6.878684 6.878684 6.878684 6.878684 6.878684 6.878684 6.878684 6.878684 6.720441 6.659717 6.78176 6.786687 6.786687 6.786687 6.731735 6.769283 6.786687 6.658115 6.727911 11.00166 11.42406 11.41657 11.74661 11.81095 11.81095 11.81095 11.81095 11.81095 11.81095 11.81095 11.81095 11.81095 11.81095 11.81095 11.81095 11.8421 21.85476 21.85476 21.85476 21.85476 21.85476 21.85476 21.85476 21.85476 21.85476 21.85476 21.85476 19.19626 5.70139 2.924797 2.924797 2.924797 2.924797 2.924797 4.449234 6.174738 9.03976 9.339605 9.339605
103.847 55.19906 55.19907 55.19906 55.19906 55.19906 55.19906 55.19906 55.19446 18.21426 13.52086 8.666346 6.878684 6.878684 6.878684 6.878684 6.878684 6.878684 6.878684 6.793745 6.573493 6.572943 6.660038 6.786687 6.786687 6.786687 6.786687 6.786687 6.786687 6.786687 6.786687 7.354351 11.39609 11.81095 11.81095 11.81095 11.81095 11.81095 11.81095 11.81095 11.81095 11.81095 11.81095 11.81095 11.81095 11.81095 11.81095 17.34295 21.85476 21.85476 21.85476 21.85476 21.85476 21.85476 21.85476 21.85476 21.85476 20.98806 17.32973 6.433971 2.924797 2.924797 2.924797 2.924797 2.924797 2.924797 2.924797 7.60947 9.339605 9.339604 9.339604
94.10792 55.21138 55.19906 55.18323 51.67697 24.70993 8.226148 -9999 18.30518 18.30518 18.30518 17.99366 13.01749 7.326261 6.878684 6.878684 6.878684 6.878684 6.878684 6.750562 6.572943 6.572943 6.584052 6.7173 6.786687 6.786687 6.786687 6.786687 6.786687 6.786687 6.786687 7.262074 11.32291 11.81095 11.81095 11.81095 11.81095 35.09966 35.09966 14.56872 11.81095 11.81095 11.81095 11.81095 11.81095 11.81095 11.81095 14.92802 21.81343 21.85476 21.85476 21.22412 16.87589 15.58244 18.44513 18.98035 8.359619 2.949055 2.924797 2.924797 2.924797 2.924797 2.924797 2.924797 2.924797 2.924797 2.924797 2.924797 9.339604 9.339605 9.339605
60.96419 27.98988 14.63651 10.789 8.226148 8.459245 8.226149 8.226148 18.29758 18.30518 18.30518 18.30518 18.30518 16.46978 10.04808 6.889109 6.878684 6.878684 6.878684 6.868989 6.59011 6.572943 6.572943 6.6331 6.786687 6.786687 6.786687 6.786687 6.786687 6.786687 6.812301 7.609801 12.26347 24.94824 26.56729 25.30598 34.68639 35.07355 35.09966 30.94625 29.53425 26.29731 22.6781 22.42955 21.92729 19.34669 21.30936 22.53548 21.85476 21.7562 21.78055 13.72504 8.572556 8.572556 8.572556 8.449524 6.007091 3.458232 2.924797 2.924797 2.924797 2.924797 2.924797 2.924797 2.924797 2.924797 4.371864 6.915597 9.339605 9.339604 9.339604
8.226148 8.226148 8.226148 8.226148 8.226148 8.226148 8.74209 14.0255 18.30223 18.30518 18.30518 18.30518 18.30518 18.54138 25.93809 57.84037 80.43716 83.57374 21.406 6.792823 6.576119 6.572943 6.597615 6.767467 6.786687 6.786687 6.786687 6.968641 7.146565 7.310671 7.63779 7.803688 12.42389 33.6465 35.09966 35.09966 35.09966 35.09966 35.09966 35.09966 35.09966 35.09966 35.09966 34.38083 33.04744 32.16845 31.52969 31.18006 29.53229 30.92832 29.72577 31.52965 21.23618 8.572556 8.572556 8.5725 4.823234 2.924797 2.924797 2.924797 2.924797 2.924797 2.924797 2.924797 2.924797 6.555489 9.122999 9.339604 9.339604 9.339604 9.339604
8.226149 8.226149 8.226149 8.226149 8.226149 11.50582 17.23197 18.30518 18.30518 18.30518 56.60578 166.7828 201.2318 209.0226 222.5378 224.5686 224.5686 158.6937 59.02758 17.73246 14.49679 12.5694 9.140779 6.786687 6.786687 6.786687 6.923516 7.770253 7.803689 7.803689 8.003076 17.14969 33.18703 35.09966 35.09966 35.09966 35.09966 35.09966 35.09966 94.06612 496.5393 371.5681 448.7544 438.7076 333.0938 327.1232 41.16306 31.52969 31.52969 31.52969 31.52969 31.52969 30.4096 9.450043 8.572557 8.565434 5.224105 3.261298 4.832756 5.87975 4.901824 4.600083 41.7027 7.542203 5.831597 8.967753 9.339605 18.73452 9.381207 9.339605 9.339605
8.179861 8.226148 8.226148 8.815604 14.59138 18.3023 18.30518 18.30518 16.91802 103.8533 208.8949 224.5686 224.5686 224.5686 224.5686 223.5788 108.0817 21.63135 21.23812 21.23812 21.23812 21.23812 21.00103 11.82458 8.087341 6.786688 6.889721 7.633117 7.803689 7.803689 7.866162 11.99545 24.62565 34.71778 35.09966 35.09966 35.09966 35.09966 35.46164 452.4207 589.7322 589.7322 589.7322 589.7322 589.7322 326.398 32.11861 31.52969 31.52969 31.52969 31.52969 21.82098 17.96169 8.572557 8.572557 8.572557 8.572557 8.240411 8.185247 8.572557 8.572557 11.09395 100.1474 85.72757 11.95554 37.99914 78.83937 63.59114 9.339605 9.339605 9.339605
7.690765 7.911156 10.60205 17.15928 18.30518 18.30518 16.17718 10.05228 5.764994 5.482942 5.819791 162.3322 221.2177 176.6184 126.2196 43.81056 21.23812 21.23812 21.23812 21.23812 21.23812 21.23812 21.23812 21.23812 21.17446 10.41172 7.226058 7.607192 7.782638 7.977395 12.0646 13.77604 13.77604 25.53416 35.09966 35.09966 35.09966 35.09966 35.09966 212.5822 416.6625 560.5557 587.4102 408.7788 292.2466 39.85191 31.52969 31.52969 30.5595 29.6274 31.52969 22.77423 17.72977 15.61113 8.606494 8.572556 8.572556 8.572556 8.572556 8.572556 8.572556 8.572556 33.70013 118.5948 114.6523 118.5588 40.05521 12.02682 9.339604 9.339604 9.339604
7.686972 8.48121 17.46487 18.30518 18.30518 15.65899 6.150915 5.482942 5.482942 5.482942 5.482942 35.52077 32.49567 21.23812 21.23812 21.23812 21.23812 21.23812 21.23812 21.23812 21.23812 21.23812 21.23812 21.23812 20.86172 14.34415 7.642195 6.786687 7.408306 12.79279 13.77604 13.77604 13.77604 17.56142 31.06703 35.09966 35.09966 34.58731 31.1227 33.52067 34.7107 90.20561 64.73585 18.03549 20.36832 24.93589 25.18487 26.68767 21.90568 18.13252 21.95098 24.10298 23.97361 11.58634 8.572557 8.572557 8.572557 8.572557 8.572557 8.572557 8.572557 9.99882 9.555269 116.0109 118.5948 120.222 199.1766 359.6221 257.3189 61.79585 9.339604
7.686972 7.720553 11.68431 17.48686 16.01695 6.452485 5.482942 5.482942 5.482942 5.482942 5.482942 5.482942 9.153531 19.93679 21.23812 21.23812 21.23812 21.23812 21.23812 21.16197 20.93587 19.48407 19.65974 20.63178 19.81634 18.32696 17.62065 13.1165 12.05777 13.77604 14.49991 13.86523 13.77604 13.77604 13.77725 21.33924 21.925 18.45546 18.19582 18.34094 18.56635 17.95403 17.95403 17.95403 17.95403 17.95403 17.95403 17.95403 17.95403 17.95403 17.95403 17.67379 10.90974 8.572556 8.572556 8.572556 8.572556 8.572556 8.572556 8.572556 8.572556 42.00632 86.64644 47.59024 70.3172 351.1883 454.9626 438.0386 250.8056 30.57081 10.1531
7.686972 7.686972 7.63453 7.04167 7.4295 8.118225 7.962605 6.618398 5.693967 5.862609 5.510835 5.482942 5.787187 16.89921 21.23812 21.23812 21.23812 21.23812 21.23812 30.71468 18.32865 18.33227 18.32696 18.32696 18.32696 18.32696 18.32696 18.32696 18.45863 21.72568 24.2869 17.98103 13.77604 13.77604 13.77604 13.77604 16.16513 18.14209 17.95403 17.95403 17.95403 17.95403 17.95403 17.95403 17.95403 17.95403 17.95403 17.95403 14.94927 11.04234 7.927795 7.00239 5.85409 6.176155 7.387193 8.572556 8.572556 8.572556 8.572556 11.89631 14.10375 16.39508 17.46217 17.46217 17.46217 17.45655 17.40371 15.31729 14.13937 16.87805 17.25114
7.686972 7.686972 7.686972 8.91349 9.259462 9.38149 9.38149 9.372586 9.261847 9.38149 8.48491 6.33251 14.30164 21.1536 20.62515 17.82974 18.61386 14.95296 22.71899 92.36037 156.09 121.428 23.28676 18.32696 18.32696 18.32696 18.32696 18.32696 20.79059 23.7937 26.51998 26.5199 23.44444 16.17368 15.78286 17.9804 25.79641 24.72841 18.32899 17.95403 17.95403 17.95403 17.95403 17.95403 17.95403 17.95403 17.95403 17.95399 12.90002 5.518064 5.518064 5.518064 5.518064 5.518064 5.661717 8.482336 8.214226 9.289435 10.59214 15.89463 17.46217 17.46217 17.46217 17.46217 17.44528 17.27163 17.25114 17.25114 17.25114 17.25114 17.25114
7.686972 7.686972 7.686972 9.122289 9.38149 9.38149 9.38149 9.38149 9.38149 9.38149 9.38149 9.38149 9.38149 10.06859 9.469576 9.38149 9.38149 18.46213 115.2773 177.8123 177.8123 160.2101 27.55591 18.32696 18.32696 18.32696 18.32696 20.45502 21.3176 23.01897 26.01307 26.51998 26.51998 26.51998 26.51998 26.51998 26.51998 26.51998 22.0929 17.95403 17.95403 17.95403 17.87433 17.09665 17.78166 16.9487 13.56513 11.58215 5.786626 5.578316 5.652098 5.525429 5.518064 5.518064 5.548459 6.253953 6.370219 12.70406 17.46217 17.46217 17.46217 17.46217 17.46217 17.46217 17.46125 17.35038 17.25301 17.25114 17.25114 17.25114 17.25114
7.686972 7.686972 7.686972 9.10551 9.38149 9.38149 9.38149 9.38149 9.38149 9.38149 9.38149 9.38149 9.38149 9.38149 9.38149 9.38149 43.47432 170.2258 177.8123 177.8123 177.8123 139.9442 20.74615 18.32696 30.8931 47.82521 54.34985 31.56371 23.62084 26.51998 26.51998 26.51998 26.51998 26.51998 26.51998 26.51998 24.50905 16.49144 12.88394 14.28847 16.08782 14.62185 12.50533 10.51889 7.98078 7.960686 7.960686 7.960686 7.073931 6.363086 6.363086 6.266781 5.988852 6.066265 6.328949 6.363086 6.363086 7.151187 16.2858 17.46217 17.46217 17.46217 17.46217 17.46217 17.46217 17.42281 17.25261 17.25594 40.98502 17.99483 17.25114
8.980095 11.07799 16.74227 14.27485 10.65327 9.552477 9.880942 9.38149 9.38149 9.38149 9.38149 9.38149 9.38149 9.38149 9.38149 27.21831 94.84984 123.185 135.8918 139.3321 127.7394 112.6105 96.62039 100.6699 110.7911 111.8216 111.8216 111.6944 55.04052 26.51998 26.51998 26.51998 26.51998 26.51998 26.51998 26.51998 18.38856 11.0751 11.00346 11.00346 11.00346 11.00346 10.37912 8.883039 7.960686 7.960686 7.960686 7.895624 7.159418 7.226668 7.232834 7.240802 6.439208 6.363086 6.363086 6.363086 6.363086 6.363086 7.800366 10.05138 12.05591 16.86626 17.46217 17.46217 13.847 10.953 13.29969 20.45277 151.413 123.8832 69.7218
10.27 10.50134 16.72916 26.45145 27.65661 27.39774 27.41573 21.4758 9.603887 13.21005 20.45132 14.97027 9.381491 9.381491 9.381491 49.6365 111.8216 111.8216 111.8216 111.6739 111.3418 111.8216 111.8216 111.8216 111.8216 111.8216 111.8216 77.07057 26.51998 26.51998 26.51998 26.51998 26.51998 26.51998 26.51998 26.51998 26.51998 20.1661 12.12637 14.29166 14.54389 14.58539 12.92854 11.12665 8.821294 7.960686 7.960686 7.960686 7.976932 8.238178 8.292529 8.310366 6.833122 6.374279 6.528578 6.363087 6.363087 6.363087 6.704367 6.953922 6.953922 10.18912 14.04727 13.8446 11.4408 12.04945 9.186119 12.93069 57.83168 162.0942 162.0942
10.2664 10.2664 10.2664 13.08819 25.36777 27.65661 27.65661 27.65661 24.1243 26.38096 27.65661 24.85371 17.06091 19.40611 21.22151 31.92363 92.32044 111.8216 111.8216 104.6349 96.83466 110.4011 102.0389 103.3174 130.2674 134.3031 138.6586 104.3523 38.21876 26.51998 26.51998 26.51998 26.56034 26.63857 26.76368 26.96235 25.67782 24.20575 18.46892 17.19043 17.19043 17.19043 17.19043 17.19043 18.64544 16.98549 7.426662 7.391825 7.458414 8.021722 8.310366 8.310366 8.065064 7.842558 8.129734 6.585666 6.363086 6.363086 6.555155 6.953922 6.953922 7.115098 8.678525 13.73169 14.10084 14.10084 14.10084 13.50411 107.3071 162.0942 162.0942
10.2664 10.2664 10.2664 10.2664 11.08324 20.9158 27.65661 27.87694 27.65888 27.65661 27.65661 27.65661 30.34405 38.81908 38.9995 42.1081 57.9401 96.34781 105.4012 94.67474 93.52847 96.79578 93.52847 93.52879 113.2747 140.0853 152.2669 329.867 259.7921 241.5363 34.14452 28.49646 28.45455 28.46501 28.46501 28.2562 18.71522 17.19043 17.19043 17.19043 17.19043 17.24429 17.19043 20.88779 48.50066 35.60415 7.158107 7.158107 7.158107 7.20132 7.653986 7.989106 7.823231 7.240214 7.193052 6.965019 6.605926 6.435379 6.569152 6.948055 6.953922 9.284102 13.64098 14.10084 14.10084 14.10084 14.10084 14.10084 19.94067 126.6104 162.0942
10.2664 10.2664 10.2664 10.2664 10.2664 13.62493 34.74161 37.71217 34.8126 33.42278 35.05429 36.7687 38.62365 38.9995 42.29036 79.20281 93.52847 93.52847 93.52847 93.52847 93.52847 93.52847 93.52847 93.52847 104.1149 145.8431 150.6365 689.2253 819.9694 614.391 54.42978 51.75314 36.58347 28.46597 28.46501 28.46501 28.12728 38.67215 43.67945 46.6901 39.07934 49.21198 41.77532 46.80913 55.63789 34.06543 8.582408 7.158107 7.158107 7.158107 7.158107 7.158107 7.158107 7.158107 19.11413 50.45374 56.29434 6.953922 6.953922 6.953922 7.13551 14.01236 14.10084 14.10084 14.10084 14.10084 14.10084 14.10084 14.10084 24.4541 151.3467
10.2664 10.2664 10.2664 10.2664 10.2664 28.52126 38.9995 38.9995 38.9995 38.9995 38.9995 38.9995 38.9995 38.9995 38.9995 45.02454 93.37514 93.52847 93.52847 93.52847 93.52847 93.52847 93.52847 107.1386 142.2847 148.341 148.341 328.3706 593.0065 416.1441 54.42978 54.42978 54.42978 46.4465 30.78358 28.46501 28.79116 34.92844 53.94864 55.63789 55.63789 55.63789 55.63789 55.63789 55.63789 55.63789 48.89331 32.45472 13.07235 7.158107 7.158107 7.158107 7.158107 7.158107 54.63064 121.4545 127.2933 45.70357 6.953922 6.953922 6.953922 6.953922 14.10084 14.10084 14.10084 14.10084 14.10084 14.10084 14.10084 14.10084 158.1406
10.2664 10.2664 10.2664 10.2664 15.35776 48.12547 40.7736 38.9995 38.9995 38.9995 38.9995 38.9995 38.9995 38.9995 38.9995 38.9995 74.00286 93.52847 93.52847 93.52847 93.52847 227.8956 444.4624 169.4402 148.341 148.341 148.341 213.7069 881.0918 554.8322 54.42978 54.42978 54.42978 54.42978 51.99883 50.55351 54.56182 55.63789 55.63789 55.63789 55.63789 55.63789 55.63789 55.63789 55.63789 55.63789 55.63789 55.63789 41.63434 7.158107 7.158107 7.158107 7.158107 7.158107 7.158107 103.1007 127.3214 81.72892 12.11426 6.953922 6.953922 6.953922 14.10084 14.10084 14.10084 14.10084 14.10084 14.10084 -9999 -9999 -9999
10.2664 10.2664 22.248 51.9082 59.11361 80.8857 75.94038 38.9995 38.9995 38.9995 38.9995 38.9995 38.9995 38.9995 38.9995 38.9995 134.8923 505.4961 461.6834 296.1042 440.3725 739.9297 748.6649 666.7342 280.8547 148.341 280.3416 692.7841 748.5905 435.4618 54.42978 54.42978 54.42978 54.42978 54.46065 55.17735 55.63789 55.63789 55.63789 55.63789 55.63789 55.63789 55.63789 55.63789 55.63789 55.63789 55.63789 55.63789 22.29054 7.158107 7.158107 7.158107 7.158107 7.158107 7.158108 7.158107 7.158107 7.16611 127.3214 6.953921 6.953922 6.953922 6.953921 6.953921 14.10084 14.10084 -9999 14.10084 14.10084 -9999 -9999
