GISdata/Popn density Bulgaria 2015.asc
ncols         168
nrows         96
xllcorner     22
yllcorner     41
cellsize      0.0416666666667
NODATA_value  -9999
[rows 58 to 86 of 96, columns 0 to 65 of 168]
-9999 -9999 -9999 -9999 -9999 -9999 -9999 -9999 -9999 -9999 3.479505 3.479505 3.479505 3.479505 3.479505 4.457386 13.08374 13.9964 14.08179 16.61992 16.75958 33.59169 42.22527 53.66302 107.2989 173.1001 183.8984 183.8984 183.8984 206.5979 627.7402 786.9937 793.4017 793.4017 793.4017 793.4017 793.4017 532.941 53.43661 48.22515 28.80827 28.74129 28.74129 29.80842 41.43362 33.05672 32.61765 42.38235 40.63303 34.19817 43.15516 47.91482 49.12339 49.12339 47.24839 34.245 17.64718 19.43831 16.86195 23.67363 28.6916 36.99146 40.21235 35.01069 31.76136 34.80759
-9999 -9999 -9999 -9999 -9999 -9999 -9999 -9999 -9999 -9999 -9999 3.479505 3.479505 3.479505 3.479505 3.479505 4.681942 10.84148 13.9964 15.34567 16.75958 24.5741 41.86701 42.22527 42.22527 43.25862 91.81602 178.3951 183.8984 183.8984 172.9156 384.419 689.1537 793.4017 793.4017 607.2791 676.8424 678.4926 298.3324 31.26932 28.74129 28.74129 28.74129 28.74129 28.74129 30.07656 48.15528 49.12339 49.12333 49.12258 49.12339 49.12339 49.12339 49.12339 35.34954 27.05435 27.05435 26.78369 25.85363 25.85363 25.85363 25.85363 25.85363 25.85363 25.85363 25.85363
-9999 -9999 -9999 -9999 -9999 -9999 -9999 -9999 -9999 -9999 -9999 -9999 61.00381 44.79524 23.50856 3.479505 5.064803 31.75059 13.9964 14.1562 21.20202 35.29247 42.22527 42.22527 42.22527 42.22527 42.22527 70.25132 166.6517 180.0225 71.22347 35.02386 93.87445 531.7095 788.0591 94.26408 142.659 793.4017 756.765 157.3989 28.74129 28.74129 28.74129 28.74129 28.74129 28.74129 36.84218 48.40284 49.12339 48.87276 49.12339 49.12339 49.12339 49.12339 33.35072 27.05435 27.02634 25.93015 25.85363 25.85363 25.85363 25.85363 25.85363 25.85363 25.85363 25.85363
-9999 -9999 -9999 -9999 -9999 -9999 -9999 -9999 -9999 -9999 -9999 -9999 61.00381 61.00381 58.75605 53.81667 56.76896 61.0032 36.16571 22.36588 41.97435 42.22527 42.22527 42.22527 42.22527 42.22527 42.22527 42.22527 45.08606 44.56975 35.57372 35.02386 35.02386 35.02386 148.6724 42.46645 137.8563 707.2214 741.8319 419.1288 29.8832 28.74129 28.74129 28.74129 28.74129 28.74129 28.74129 31.51044 34.67706 29.79111 39.50386 46.71474 49.12339 49.12339 47.68608 38.39298 27.05435 26.66218 25.91945 25.85363 25.91128 28.09682 27.9351 25.86583 26.11331 27.01459
-9999 -9999 -9999 -9999 -9999 -9999 -9999 -9999 -9999 -9999 -9999 61.00381 61.00381 61.00381 61.00381 61.00381 61.00381 61.00381 61.00381 58.69824 47.87452 42.788 43.41331 45.97934 47.79274 63.73481 73.59799 88.53551 42.22527 42.22527 37.58352 35.02386 35.02386 35.02386 35.02386 35.02386 35.02386 35.02386 35.02386 36.52184 42.82076 37.70206 34.85207 31.06379 28.74129 29.01122 28.74129 28.7469 28.88097 30.18856 30.77316 31.01972 44.88739 49.12339 45.62926 29.17699 30.81964 27.36507 29.28883 27.6181 26.56245 29.50229 29.64416 29.1347 34.50995 36.93151
-9999 -9999 -9999 -9999 -9999 -9999 -9999 -9999 -9999 -9999 61.00381 61.00381 61.00381 61.00381 61.00381 61.00381 61.00381 61.00381 61.00381 61.00381 60.48155 57.16603 48.23465 48.38633 48.38633 90.32515 146.5932 146.5575 134.1402 121.692 83.11508 42.28921 38.85015 35.02386 35.02386 35.02386 35.02386 35.02386 35.02386 35.02386 35.32042 44.73934 46.0338 43.49315 41.89072 43.86346 43.60092 58.74106 60.45992 34.08559 31.05714 30.77316 33.19057 57.59101 118.4704 168.2779 180.0366 129.0773 75.05143 30.61493 29.64416 29.64416 29.64416 29.64416 29.80049 35.37641
-9999 -9999 -9999 -9999 -9999 -9999 -9999 -9999 61.00381 61.00381 61.00381 61.00381 61.00381 61.00381 61.00381 61.00381 61.00381 61.00381 61.00381 61.00381 60.72762 26.01844 37.34359 48.38633 48.38633 50.71844 125.7374 146.5932 138.252 110.8058 58.75063 45.66491 43.79171 35.47456 35.02386 35.02386 35.02386 35.02386 35.02386 35.02386 35.02386 50.78729 60.31449 46.83523 43.91155 43.91155 48.38966 84.09486 91.59837 90.81549 90.77647 65.15977 32.49342 33.34843 127.2383 183.4433 183.4433 183.4433 183.4433 69.57374 29.64416 29.64416 29.64416 29.64416 33.16827 38.01186
-9999 -9999 -9999 -9999 -9999 -9999 -9999 -9999 -9999 61.00381 61.00381 61.00381 61.00381 61.00381 61.00381 61.00381 61.00381 61.00381 61.00381 49.75319 23.67876 7.744082 15.44166 48.38633 68.27214 106.4452 131.3806 146.5932 128.5468 52.36121 45.66491 45.66491 45.65658 42.61214 35.25308 35.02386 35.02386 35.02386 35.02386 35.02386 35.02386 48.84048 59.88939 49.39342 43.91155 37.21384 42.34208 37.98606 59.39691 69.49721 91.03963 91.69667 82.61385 116.992 169.3518 183.4433 183.4433 183.4433 171.4501 42.47032 30.1173 30.55931 44.16005 53.92002 71.91798 71.98694
-9999 -9999 -9999 -9999 -9999 -9999 -9999 -9999 -9999 -9999 61.00381 61.00381 61.00381 61.00381 61.00381 61.00381 61.00381 52.36675 22.56796 7.764305 7.744081 7.744081 20.32983 38.74528 34.71478 95.35611 145.9711 146.5932 146.5932 140.0757 108.298 63.10172 39.941 35.02386 35.02386 35.02386 35.02386 35.02386 35.02386 35.02386 35.02386 46.88764 46.26282 43.1653 37.13566 26.66208 26.31023 26.24302 26.24302 26.24302 75.62634 91.69667 91.69667 152.977 183.4433 183.4433 183.4433 183.4433 183.4433 111.1783 44.538 46.96072 63.8676 74.38554 74.38554 74.38554
-9999 -9999 -9999 -9999 -9999 -9999 -9999 -9999 -9999 -9999 -9999 61.00381 61.00381 61.00381 61.00381 61.00381 59.66799 18.44784 7.744082 7.744082 7.744082 7.744082 18.61263 25.21713 24.61692 24.61692 50.01685 54.54178 59.82188 86.6569 65.45016 52.99973 20.08014 19.99883 15.7757 30.68721 35.02386 35.02386 35.02386 35.02386 34.86112 40.08178 37.61548 28.06811 26.24302 26.24302 26.24302 26.24302 26.24302 37.02937 89.06987 91.69667 103.8982 172.635 183.4433 183.4433 183.4433 183.4433 183.4433 149.4404 95.17128 57.38696 57.27237 74.38555 74.38555 353.8354
-9999 -9999 -9999 -9999 -9999 -9999 -9999 -9999 -9999 -9999 -9999 -9999 61.00381 61.00381 61.00381 56.05885 24.39316 7.744082 7.744082 7.744082 7.744082 12.71764 34.01062 32.40933 25.77631 28.45346 14.85975 9.826466 9.824805 9.824805 9.824805 9.824805 9.824805 9.824805 9.824805 15.82826 28.84768 35.02386 32.79312 30.53373 30.13382 31.8038 28.71867 26.29249 26.24302 26.24302 26.24302 26.24302 29.61435 58.95638 88.42774 93.14863 160.5088 183.4433 183.4433 176.3433 178.2606 183.4433 189.1224 249.5555 285.7779 270.3446 70.68707 49.92828 907.123 3314.373
-9999 -9999 -9999 -9999 -9999 -9999 -9999 -9999 -9999 -9999 -9999 -9999 -9999 61.00381 60.18829 14.29843 7.744082 7.744082 7.744082 7.744082 7.744082 22.67801 55.12791 47.7078 34.07694 34.14679 31.97979 28.51041 58.14411 70.96501 66.34538 49.45269 20.55693 9.824805 9.824805 11.10082 23.45238 31.43048 29.8627 29.89037 29.89037 29.89037 29.83686 26.60472 27.55931 31.50934 34.38989 41.25964 48.54803 49.63858 63.5248 89.75494 182.14 183.4433 176.2132 148.7628 143.3623 119.4321 128.9842 293.6258 178.7654 76.22482 47.29023 46.96072 986.6765 3576.142
-9999 -9999 -9999 -9999 -9999 -9999 -9999 -9999 -9999 -9999 -9999 -9999 -9999 -9999 -9999 7.744081 7.744081 7.744082 7.744081 7.744082 7.744082 10.4064 80.75903 95.98744 86.47268 61.22566 64.02904 86.67769 103.1937 103.1937 103.1937 103.1937 103.1927 78.62363 55.63201 45.624 30.76478 23.48295 25.63869 29.89037 29.89037 29.89037 29.89037 44.14901 48.60638 48.60638 48.60638 48.60638 48.60638 51.54906 62.62437 62.62437 120.3599 178.1592 158.3052 148.0069 63.17622 45.53036 115.6652 174.6965 60.45804 84.86552 56.89548 46.96072 46.96072 109.9375
-9999 -9999 -9999 -9999 -9999 -9999 -9999 -9999 -9999 -9999 -9999 -9999 -9999 -9999 -9999 -9999 -9999 -9999 7.744082 7.744081 28.94535 68.53245 99.97665 103.1937 103.1937 103.1937 103.1937 103.1937 103.1937 103.1005 62.17073 80.62428 103.1937 91.54591 57.39626 51.23543 38.91595 23.48295 25.21692 29.89037 29.89037 29.89037 29.89037 39.28576 48.60638 48.60638 48.60638 48.60638 48.60638 50.29251 62.00356 62.62437 57.15071 137.5507 148.0069 144.2723 54.35875 45.53036 50.5993 110.289 50.03683 65.97669 54.04629 46.96072 46.96072 46.96072
-9999 -9999 -9999 -9999 -9999 -9999 -9999 -9999 -9999 -9999 -9999 -9999 -9999 -9999 -9999 -9999 -9999 -9999 -9999 -9999 103.1937 103.1937 103.1937 103.1937 103.1937 103.0861 95.29655 103.1937 99.71658 48.24189 26.80716 29.77169 49.90087 55.06303 51.23543 51.23543 39.32908 23.48295 24.20313 28.58846 26.92248 27.32678 37.10867 48.59631 48.60638 48.60638 48.60638 48.60638 48.88105 58.92767 62.62437 62.00118 24.68793 37.21754 111.2099 80.80512 45.53036 45.53036 57.12589 91.3073 46.96072 46.96072 46.96072 46.96072 46.96072 46.96072
-9999 -9999 -9999 -9999 -9999 -9999 -9999 -9999 -9999 -9999 -9999 -9999 -9999 -9999 -9999 -9999 -9999 -9999 -9999 -9999 103.1937 103.1937 103.1937 103.1937 102.7949 41.1673 34.48069 49.25302 29.38305 26.80716 26.80716 26.80716 41.70684 51.23543 51.23543 51.23543 48.48132 24.49937 23.67986 23.69387 23.48295 23.48295 34.24741 48.60638 48.60638 48.60638 48.60638 48.60638 54.30942 62.62437 62.30759 47.85591 10.89463 10.89463 10.89463 38.76881 45.53036 45.53036 95.49258 58.88276 45.61229 46.96072 46.96072 46.96072 46.96072 46.96072
-9999 -9999 -9999 -9999 -9999 -9999 -9999 -9999 -9999 -9999 -9999 -9999 -9999 -9999 -9999 -9999 -9999 -9999 -9999 -9999 -9999 103.1937 103.1937 103.1937 88.17309 27.318 26.80716 26.80716 26.80716 26.80716 26.80716 30.63911 50.76068 51.23543 51.23543 51.23543 51.23543 42.71641 25.64204 23.48295 23.48295 23.48295 26.25409 47.68807 48.60638 48.60638 48.60638 48.60638 47.09155 42.96398 19.47966 11.74859 10.89463 10.89463 10.89463 17.89912 24.83535 22.61571 22.98315 23.17076 29.27986 40.61117 38.79829 35.92279 43.68777 70.31982
-9999 -9999 -9999 -9999 -9999 -9999 -9999 -9999 -9999 -9999 -9999 -9999 -9999 -9999 -9999 -9999 -9999 -9999 -9999 -9999 -9999 103.1937 86.03829 57.98253 29.01437 26.80716 26.80716 26.80716 26.80716 26.80716 26.80716 38.38772 51.19853 51.23543 48.1397 37.88633 38.575 40.81215 30.63535 23.59366 24.4696 25.69188 24.80782 42.21634 48.60638 48.60638 48.60638 48.60638 24.9927 10.89463 10.89463 10.89463 10.89463 10.89463 10.89463 10.89463 14.78379 21.62081 23.17076 23.17076 23.17076 22.61336 20.79742 20.79742 20.79742 20.79742
-9999 -9999 -9999 -9999 -9999 -9999 -9999 -9999 -9999 -9999 -9999 -9999 -9999 -9999 -9999 -9999 -9999 -9999 -9999 -9999 -9999 -9999 26.80716 26.80716 26.80716 26.12502 21.24998 24.08552 20.97518 20.51334 18.64646 18.47678 24.53306 43.89577 31.04318 27.72997 27.72997 27.72997 27.72997 27.47396 27.70586 27.72997 27.72997 29.60964 40.28145 44.80324 48.57293 48.60638 24.94899 10.98892 10.89463 10.89463 10.89463 10.89463 10.89463 12.86049 22.83277 23.17076 23.17076 23.17076 23.17076 22.39671 20.79742 20.79742 20.79742 20.79742
-9999 -9999 -9999 -9999 -9999 -9999 -9999 -9999 -9999 -9999 -9999 -9999 -9999 -9999 -9999 -9999 -9999 -9999 -9999 -9999 -9999 -9999 -9999 26.80716 22.55546 17.94449 15.57177 15.57177 15.57177 15.57177 15.57177 15.56822 15.57146 19.19323 27.72997 27.72997 27.72997 27.72997 27.72997 27.72997 27.72997 27.88406 32.29906 34.77756 34.95094 34.95094 38.97427 46.4469 48.60638 29.92626 10.89463 10.89463 10.89463 10.89463 10.89463 12.90138 22.8074 23.17076 23.17076 23.17076 23.17076 22.92949 23.24939 20.79742 20.79742 20.79742
-9999 -9999 -9999 -9999 -9999 -9999 -9999 -9999 -9999 -9999 -9999 -9999 -9999 -9999 -9999 -9999 -9999 -9999 -9999 -9999 -9999 -9999 -9999 -9999 15.57177 15.57177 15.57177 15.57177 15.57177 15.57177 15.3838 14.85533 25.06137 32.93134 35.54776 31.93535 27.73153 28.53215 37.94643 44.95287 51.57528 70.26051 34.98288 34.95094 34.95094 34.95094 36.1436 42.80233 48.94266 48.60021 37.92537 23.13889 26.1943 20.25541 14.69846 17.71572 21.07595 23.17076 23.17076 23.17076 23.17076 27.01562 41.12599 21.46421 20.79742 20.79742
-9999 -9999 -9999 -9999 -9999 -9999 -9999 -9999 -9999 -9999 -9999 -9999 -9999 -9999 -9999 -9999 -9999 -9999 -9999 -9999 -9999 -9999 -9999 14.74915 14.92939 15.13043 15.20735 15.1259 15.26884 15.29301 17.47329 31.27405 38.45424 38.6046 38.6046 38.6046 51.96442 87.65408 89.36697 89.36697 89.36697 89.36697 40.75447 34.95094 34.95094 34.95094 46.47319 50.22478 50.19929 49.37652 40.42389 33.35989 33.35989 28.54304 19.54395 18.19652 20.84738 23.17076 24.1572 25.04941 33.72258 44.29293 44.55003 42.08141 23.50229 20.79742
-9999 -9999 -9999 -9999 -9999 -9999 -9999 -9999 -9999 -9999 -9999 -9999 -9999 -9999 -9999 -9999 -9999 -9999 -9999 -9999 -9999 -9999 14.74915 14.74915 14.74915 14.74915 14.74915 14.74915 14.74915 15.15403 35.13268 38.60459 38.60459 38.60459 38.60459 38.60459 39.00646 64.06647 89.2552 89.36697 89.36697 89.36697 46.4385 34.95094 34.95094 35.3796 47.59759 50.22478 50.22478 50.22478 44.29897 33.35989 33.35989 33.35989 24.04552 18.19652 18.33694 22.94488 40.48358 44.53638 44.47853 44.55003 44.55003 44.55003 43.83571 33.93136
-9999 -9999 -9999 -9999 -9999 -9999 -9999 -9999 -9999 -9999 -9999 -9999 -9999 -9999 -9999 -9999 -9999 -9999 -9999 -9999 -9999 -9999 14.74915 14.74915 14.74915 14.74915 14.74915 14.74915 14.74915 26.2883 38.60459 38.60459 38.60459 38.60459 38.60459 38.60459 38.60459 38.60459 61.39273 89.36697 89.36697 89.36697 64.89464 35.80018 34.95094 37.0715 48.11769 50.22478 50.22478 50.22478 36.00014 33.35989 33.35989 33.35989 25.33247 18.19652 19.92891 23.17076 23.28821 38.69423 44.55003 44.55003 44.55003 44.55003 44.55003 44.55003
-9999 -9999 -9999 -9999 -9999 -9999 -9999 -9999 -9999 -9999 -9999 -9999 -9999 -9999 -9999 -9999 -9999 -9999 -9999 -9999 -9999 -9999 -9999 22.34934 17.82988 23.33362 18.36296 22.24717 29.90499 37.85324 38.60459 38.60459 38.60459 38.60459 38.60459 38.60459 38.60459 38.60459 40.38667 86.08829 89.36697 84.20359 74.00854 57.49149 33.12867 31.62065 35.30552 50.12535 50.22478 47.72567 33.55572 33.35989 33.35989 33.35989 21.53003 18.19652 19.46561 23.17076 23.17076 24.79685 43.92467 44.55003 44.55003 44.55003 44.55003 44.55003
-9999 -9999 -9999 -9999 -9999 -9999 -9999 -9999 -9999 -9999 -9999 -9999 -9999 -9999 -9999 -9999 -9999 -9999 -9999 -9999 -9999 -9999 -9999 74.81287 74.17113 74.15171 69.69326 74.45284 74.67933 64.45446 41.73307 38.60459 38.60459 38.60459 38.60459 38.60459 38.60459 38.60459 38.60459 55.83353 39.73398 36.7582 27.71814 27.71814 27.71814 27.71814 28.58603 49.73099 50.22478 49.93311 33.35989 33.35989 33.35989 -9999 -9999 18.19652 18.21315 22.28248 23.17076 23.17076 -9999 44.55003 44.55003 44.55003 44.55003 44.55003
-9999 -9999 -9999 -9999 -9999 -9999 -9999 -9999 -9999 -9999 -9999 -9999 -9999 -9999 -9999 -9999 -9999 -9999 -9999 -9999 -9999 -9999 74.81286 74.81287 74.81285 74.81285 74.81285 74.81285 74.81285 74.81285 70.55315 52.35786 54.0051 41.9637 38.60459 38.60459 38.60459 38.60459 38.60459 37.20568 27.71814 27.71814 27.71814 27.71814 27.71814 27.71814 27.71814 32.09382 45.10783 50.22478 -9999 -9999 -9999 -9999 -9999 -9999 -9999 -9999 -9999 -9999 -9999 44.55003 44.55003 44.55003 44.55003 44.55003
-9999 -9999 -9999 -9999 -9999 -9999 -9999 -9999 -9999 -9999 -9999 -9999 -9999 -9999 -9999 -9999 -9999 -9999 -9999 -9999 -9999 -9999 74.81286 74.81286 74.81285 74.81285 74.81285 74.81285 74.81285 74.81285 74.81285 74.81285 74.81285 54.45526 38.60459 38.60459 38.60459 38.60459 38.60459 37.50755 27.71814 27.71814 27.71814 27.71814 27.71814 27.71814 27.71814 27.71814 43.18091 50.22478 -9999 -9999 -9999 -9999 -9999 -9999 -9999 -9999 -9999 -9999 -9999 -9999 44.55003 44.55003 44.55003 44.55422
-9999 -9999 -9999 -9999 -9999 -9999 -9999 -9999 -9999 -9999 -9999 -9999 -9999 -9999 -9999 -9999 -9999 -9999 -9999 -9999 -9999 -9999 74.81287 74.81286 74.81286 74.81286 74.81286 74.81286 74.81286 74.81286 74.81286 74.81286 74.81286 67.06258 38.60459 38.60459 38.60459 38.60459 38.60459 38.18558 27.71814 27.71814 27.71814 -9999 -9999 -9999 -9999 -9999 -9999 -9999 -9999 -9999 -9999 -9999 -9999 -9999 -9999 -9999 -9999 -9999 -9999 -9999 -9999 44.55003 -9999 44.55003
