GISdata/Popn density Sweden 2015.asc
ncols         360
nrows         384
xllcorner     10
yllcorner     54
cellsize      0.0416666666667
NODATA_value  -9999
[rows 279 to 309 of 384, columns 70 to 139 of 360]
22.98117 48.2602 47.67823 44.75945 45.77124 49.78822 36.10509 30.55167 35.64846 35.64882 35.64882 35.64882 35.64882 35.64882 35.64882 34.47527 31.6967 32.15741 39.96186 44.71968 57.61892 68.07172 68.339 68.339 68.339 68.339 68.339 68.339 61.94995 32.51907 29.24683 26.79091 23.79085 23.14702 23.14702 23.14702 -9999 -9999 -9999 -9999 -9999 18.61399 35.04284 35.16735 29.10434 26.87048 34.28708 38.03054 38.13675 40.13081 40.35492 40.35492 40.35492 40.35492 40.35492 40.35492 40.35492 40.63889 70.56062 89.78245 89.78245 89.78245 89.78245 89.78245 89.78245 89.78245 89.78245 89.78245 89.78245 89.78245
20.18495 29.53801 20.3335 19.12032 19.12032 21.05766 19.33835 20.02684 30.02747 31.06926 34.7546 35.64882 35.64882 35.64882 35.12532 27.60241 26.08794 27.17453 54.53085 55.27089 50.90467 52.09003 59.79325 68.339 68.339 68.13171 51.99586 44.89359 25.66153 23.14702 23.14702 23.14702 23.14702 23.14702 23.14702 -9999 -9999 -9999 -9999 -9999 -9999 10.71935 11.43422 10.84856 10.71935 10.71935 22.70142 40.35492 38.74986 35.23601 36.03986 40.35492 40.35492 40.35492 40.35492 40.35492 40.35492 40.35492 70.0149 89.78245 89.78245 89.78245 89.78245 89.78245 89.78245 89.78245 89.78245 89.78245 89.78245 64.0423
19.12032 19.12032 19.12032 19.12032 19.12032 19.12032 19.12032 19.12032 19.12032 19.12032 19.1932 26.07588 28.85379 29.31401 27.2025 26.08794 26.08794 26.08794 26.08794 26.08794 26.08794 26.08794 44.01727 66.73833 58.06297 36.68491 22.25573 22.78886 22.87893 22.90674 23.14702 23.14702 23.14702 23.14702 -9999 -9999 -9999 -9999 -9999 -9999 10.71935 10.71935 10.71935 10.71935 10.71935 10.71935 17.18917 20.65211 10.82953 8.438457 11.79181 13.2225 18.01865 27.94496 38.86604 40.35492 40.35492 40.35492 63.77241 89.78243 89.78243 89.78243 89.78243 89.78243 89.78243 89.78243 89.78243 89.78243 89.78243 63.69106
19.12032 19.12032 19.12032 19.12032 19.12032 19.12032 19.12032 19.12032 19.12032 19.4785 23.31114 26.01715 26.08794 26.08794 26.08794 26.08794 26.08794 26.08794 26.08794 26.08794 23.13613 21.8457 21.37186 23.14142 20.968 20.968 20.968 20.968 20.98936 22.52944 23.14702 23.14702 23.14702 -9999 -9999 -9999 -9999 -9999 -9999 -9999 10.71935 10.71935 10.71935 10.71935 10.71935 10.71935 10.57737 8.559361 8.375043 8.375043 8.375043 8.375043 8.375043 8.375043 8.654635 30.08854 40.35492 40.35492 47.76484 89.77073 89.78243 89.78243 89.78243 89.78243 89.78243 89.78243 89.78243 89.78243 89.78243 83.6312
19.12032 19.12032 19.12032 19.12032 19.12032 19.12032 19.12032 19.85265 22.96589 25.16299 26.08794 26.08794 26.08794 26.08794 26.08794 26.08794 26.08794 26.08794 26.08794 26.04775 22.88461 20.968 20.968 20.968 20.968 20.968 20.968 20.968 21.3383 23.10739 23.14702 23.14702 23.14702 -9999 -9999 -9999 -9999 -9999 -9999 10.71935 10.71935 10.71935 10.71935 10.71935 10.71935 10.71935 10.53711 8.470769 8.375043 8.375043 8.375043 8.375043 8.375043 8.375043 8.375043 13.65892 40.35492 40.35492 43.2781 89.64051 89.78244 89.78244 89.78244 50.74933 47.17823 71.40533 87.0829 43.43643 21.8936 8.006609
19.1872 19.12032 19.12032 19.12032 19.12032 19.12032 19.52049 23.75875 26.08794 26.08794 26.08794 26.08794 26.08794 26.08794 26.08794 26.08794 26.08794 26.08794 26.08794 24.17948 21.06306 20.968 20.968 20.968 20.968 20.968 20.968 20.968 21.1966 23.73819 23.50708 23.71012 -9999 -9999 -9999 -9999 -9999 -9999 -9999 10.71935 10.71935 10.71935 10.71935 10.71935 10.71935 10.71935 10.71935 15.0325 17.07997 17.77474 8.375043 8.375044 8.375043 8.375043 8.375043 8.564645 36.52695 59.21872 80.52363 89.78039 89.78245 89.78245 81.15647 22.62864 6.431976 12.37226 8.804512 6.431976 6.431976 6.431976
17.4151 17.51943 17.58861 17.16438 17.1334 17.07803 17.41353 24.71682 24.91243 25.94171 26.08794 26.08794 26.08794 26.08794 26.08794 26.08794 26.08794 26.08794 26.08794 25.81393 21.3061 20.968 20.968 20.968 20.968 20.968 20.968 20.968 21.58914 25.50904 25.50904 25.50904 -9999 -9999 74.04742 74.04742 74.04742 -9999 74.04742 50.43288 26.39536 19.93066 21.05385 21.22779 15.80109 11.47712 12.80337 23.99407 37.77774 37.61868 11.68304 8.375043 8.375043 8.375043 8.375043 8.375043 14.25473 52.87914 78.5443 89.78244 85.75722 89.74019 29.71089 6.431976 6.431976 6.431976 6.431976 6.431976 6.431976 6.431976
16.56183 16.56183 16.56183 16.56183 16.56183 16.56183 16.64974 17.08334 16.56183 22.63088 26.08794 26.08794 26.08794 26.08794 26.08794 26.08794 26.08794 26.08794 26.08794 26.08659 24.39815 23.26585 21.72368 21.4804 20.968 20.968 20.968 21.1124 23.62864 25.50904 25.50904 25.50904 -9999 74.04742 74.04742 74.04742 -9999 74.04742 74.04742 74.04742 60.5912 37.77774 37.77774 37.77774 37.77774 37.73865 37.77774 37.77774 37.77774 37.77774 34.28175 8.375043 8.375043 8.375043 8.375043 8.375043 8.375043 8.375043 11.83831 42.43921 17.28994 20.98187 6.431976 6.431976 6.431976 6.431976 6.431976 6.431976 6.431976 6.431976
21.11259 17.50001 16.56183 16.56183 16.56183 16.56183 16.56183 16.56183 16.56183 18.97301 24.97975 26.08794 26.08794 26.08794 24.8229 25.3939 26.08794 26.08794 26.08794 26.08794 28.90903 30.96074 30.95158 30.95671 28.5477 22.03329 22.65935 24.31071 25.50904 25.50904 25.50904 -9999 74.04742 74.04742 74.04742 -9999 74.04742 74.04742 74.04742 74.04742 65.54382 37.77546 37.77774 37.77774 37.77774 37.77774 37.77774 37.77774 37.77774 37.77774 37.77774 35.50402 6.106596 6.754618 6.893249 8.168547 8.326729 8.375043 8.162432 6.43249 6.431976 6.431976 6.431976 6.431976 6.431976 6.431976 6.431976 6.431976 6.431976 6.431976
22.68052 18.17986 16.56183 16.56183 16.56183 16.56183 16.56183 16.56183 16.56183 16.56183 18.19344 21.97339 23.59195 22.93653 17.69352 17.86207 25.61389 26.08794 26.43493 29.6219 30.91301 30.96074 30.96074 30.47174 25.8605 25.50904 25.50904 25.50904 25.50904 25.50904 -9999 -9999 74.04742 74.04742 74.04742 74.04742 74.04742 74.04742 74.04742 69.1294 12.91201 30.99219 37.77774 37.76879 37.77774 37.77774 37.77774 37.77774 37.77774 37.77774 21.76054 13.12827 4.738745 4.738745 4.738745 4.738745 4.738745 8.085662 7.985445 6.161109 6.422422 6.431976 6.431976 6.431976 6.431976 6.431976 6.431976 6.431976 6.431976 6.431976
40.44258 16.61491 16.56183 16.56183 16.56183 16.56183 16.56183 16.74672 17.32623 17.47183 17.56899 17.5709 17.5709 17.5709 17.5709 17.5709 21.98917 24.74195 23.14334 24.01784 26.38836 30.96074 30.96074 29.75559 25.57754 25.50904 25.50904 25.50904 25.50904 25.50904 -9999 -9999 -9999 74.04742 74.04742 74.04742 74.04742 66.8905 38.5857 26.73635 9.55867 11.75455 18.23899 13.16847 22.24346 20.56402 16.87519 18.00428 20.66152 28.11105 7.714627 4.738745 4.738745 4.738745 4.738745 4.738745 4.738745 4.738745 4.992976 4.788301 6.302763 6.431976 6.431976 6.431976 6.431976 6.431976 6.431976 6.431976 6.431976 6.431976
97.34418 79.21117 60.51958 71.01452 60.46994 17.05202 17.25462 17.51483 17.5709 17.5709 17.5709 17.5709 17.5709 17.5709 17.5709 17.5709 17.97696 17.5709 17.5709 17.5709 23.58968 30.96074 29.81195 27.00763 25.50904 25.50904 25.50904 25.50904 26.6028 35.78651 -9999 -9999 74.04742 74.04742 74.04742 74.04742 74.04742 43.78706 9.456087 9.456087 9.456087 9.456087 9.456087 9.456087 9.456087 9.456087 9.456087 9.456087 9.456087 9.293156 5.955819 4.738745 4.738745 4.738745 4.738745 4.738745 4.738745 4.738745 4.738746 4.754363 5.91595 6.425573 6.431976 6.431976 6.431976 6.431976 6.431976 6.431976 6.431976 6.431976
97.4741 97.4741 97.4741 97.4741 79.50117 18.8711 17.5709 17.5709 17.5709 17.5709 17.5709 17.5709 17.5709 17.5709 17.5709 17.5709 17.5709 17.5709 17.5709 24.50455 41.24342 31.33992 35.28981 37.55734 39.46719 25.50904 43.161 55.64675 63.92852 74.04742 -9999 -9999 74.04742 74.04742 74.04742 74.04742 74.04742 66.4491 51.3541 67.16409 26.34769 9.456088 9.456088 9.456088 9.456088 9.456088 9.456088 9.456088 9.456088 9.456088 9.10743 6.411957 4.738745 4.738745 4.738745 4.738745 4.738745 4.738745 4.738745 4.738745 4.738745 5.081019 5.758581 6.431976 7.748742 8.683865 9.173615 8.542947 7.989141 6.502737
97.4741 97.4741 97.4741 97.4741 97.4741 60.55777 23.87116 17.5709 17.5709 17.5709 17.5709 17.5709 17.5709 17.5709 17.5709 17.5709 17.5709 17.5709 17.5709 28.59634 74.04742 73.13758 72.13631 74.04742 73.50646 48.3223 63.36883 74.04742 74.04742 74.04742 74.04742 74.04742 74.04742 74.04742 74.04742 74.04742 74.04742 74.04742 74.04742 74.04742 63.20684 9.624815 9.456088 9.998835 13.63164 13.23837 13.13653 16.52229 13.52821 9.456088 9.456088 8.377594 4.738745 4.738745 4.738745 4.738745 4.738745 4.738745 4.738745 4.738745 4.738745 4.738745 5.402771 7.423073 10.23684 11.06601 11.06601 11.06601 11.06601 10.15136
97.47411 97.47411 97.47411 97.47411 97.47411 97.47411 84.85177 64.75193 17.5709 17.5709 17.5709 17.5709 17.5709 17.5709 17.5709 17.5709 17.5709 17.5709 17.5709 24.34818 73.72149 74.04742 74.04742 74.04742 74.04742 74.04742 74.04742 74.04742 74.04742 74.04742 74.04742 74.04742 74.04742 74.04742 74.04742 74.04742 74.04742 74.04742 74.04742 74.04742 74.04742 33.78729 18.59731 23.74653 25.67984 25.67984 25.67984 25.67984 24.54548 10.72272 9.456088 9.481523 5.966482 4.738745 4.738745 4.738745 4.738745 4.738745 4.738745 4.738745 4.741974 5.786319 7.15502 10.66621 11.06601 11.06601 11.06601 11.06601 11.06601 11.06601
97.47411 97.47411 97.47411 97.47411 97.47411 97.47411 97.47411 56.77738 17.5709 17.5709 17.5709 17.5709 17.5709 17.5709 17.5709 17.5709 17.5709 17.5709 17.70733 57.72237 74.04742 74.04742 74.04742 74.04742 74.04742 74.04742 74.04742 74.04742 74.04742 74.04742 74.04742 74.04742 74.04742 74.04742 74.04742 74.04742 66.14725 53.23286 38.41512 35.70627 33.99553 26.16999 25.67984 25.67984 25.67984 25.67984 25.67984 25.28554 18.65276 15.43349 14.54476 14.80299 12.28121 5.801223 4.948148 4.923019 5.278711 4.96249 4.738745 4.738745 7.188345 11.06601 11.06601 11.06601 11.06601 11.06601 11.06601 11.06601 11.06601 11.06601
97.47409 97.47409 97.47409 97.47409 96.98985 88.7693 85.44817 96.81753 66.41063 22.2943 17.5709 17.5709 17.5709 17.5709 17.46016 17.56129 17.5709 17.50161 19.13127 59.35221 74.04742 74.04742 74.04742 74.04742 74.04742 74.04742 74.04742 74.04742 74.04742 74.04742 74.04742 74.04742 74.04742 74.04742 74.04742 74.04742 45.34372 25.67984 25.67984 25.67984 25.67984 25.67984 25.67984 25.67984 25.67984 25.67984 25.29169 19.09586 15.4535 15.43977 15.43977 15.43977 15.43977 15.24391 15.20036 15.36146 15.26071 14.67118 14.54405 15.17235 13.53638 11.80496 11.06601 11.06601 11.06601 11.06601 11.06601 11.06601 11.06601 11.06601
97.47411 97.47411 97.47411 97.47411 60.82339 8.834991 12.15799 38.83029 13.53383 14.94243 17.48433 17.57063 17.5709 16.89264 13.83299 13.81284 15.3016 13.73218 21.51511 66.58077 74.04742 74.04742 74.04742 74.04742 72.12973 41.97829 70.11147 71.46317 74.04742 70.13745 57.64966 74.04742 74.04742 74.04742 70.44773 39.4039 26.64335 25.67984 25.67984 25.67984 25.67984 25.67984 25.67984 25.67984 25.67984 25.56425 17.71141 15.43977 15.43977 15.43977 15.43977 15.43977 15.43977 15.43977 15.43977 15.43977 15.43977 15.43977 15.43977 15.43977 15.43977 15.42958 14.50389 12.936 11.30064 11.06601 11.06601 11.06601 11.06601 11.06601
97.4741 97.4741 73.84527 41.73407 10.57477 8.834991 10.92338 12.944 12.944 13.27112 13.45011 13.83856 14.18311 13.29715 12.944 12.944 12.944 19.12209 67.0722 74.04742 74.04742 49.27428 25.33454 29.72828 19.67389 13.83434 16.07169 15.36064 30.71684 19.96273 14.33716 69.98821 74.04742 73.98306 52.83901 25.94441 25.67984 25.67984 25.67984 25.67984 25.67984 25.67984 25.67984 25.67984 25.57008 20.55002 16.79506 15.30722 15.4384 15.43977 15.43977 15.43977 15.43977 15.43977 15.43977 15.43977 15.43977 15.43977 15.43977 15.43977 15.43977 15.43977 15.43977 15.43977 14.80778 11.64406 10.70347 11.06601 11.06601 11.06601
49.08502 34.22873 9.563689 8.834991 8.834991 10.34491 12.92238 12.94172 12.944 12.944 12.944 12.944 12.944 12.944 12.944 12.944 12.944 12.944 36.15392 45.58863 50.85081 27.67288 24.16679 17.09116 13.83434 13.83434 13.83434 13.83434 13.83434 13.83434 13.83434 46.10989 47.54649 67.72404 34.75265 25.67984 25.67984 25.67984 25.67984 25.67984 25.67984 25.67984 25.67984 25.67984 25.67984 25.67984 18.36776 14.02424 14.33109 15.43848 15.43074 15.43977 15.43977 15.43977 15.43977 15.43977 15.43977 15.43977 15.43977 15.43977 15.43977 15.38732 14.88028 15.07637 11.55312 8.838081 8.967793 9.063787 9.662463 10.99979
11.07489 8.834991 8.834991 8.834991 8.834991 8.942087 9.397289 8.963577 11.47703 12.944 12.944 12.944 12.944 12.944 12.944 12.944 14.81359 20.47917 24.44013 24.52807 24.52807 24.52807 24.52807 21.1802 13.83434 13.83434 13.83434 13.83434 13.83434 13.83434 13.83434 13.83434 13.83434 15.45334 21.04733 21.05765 23.69905 25.67984 25.67984 25.67984 25.67984 25.67984 25.67984 25.67984 25.67984 25.67984 20.40094 14.02424 14.02424 14.17408 14.09404 14.62617 15.06061 15.10688 14.77432 14.67806 15.04297 15.03207 15.40954 15.24 14.96579 14.31147 14.12401 14.02424 13.85025 10.20289 8.83808 8.83808 8.83808 9.127099
8.834991 8.834991 8.834991 8.834991 8.834991 8.834991 8.834991 9.706903 12.67252 12.944 12.944 12.944 12.944 12.944 12.944 14.38944 23.29776 24.42868 24.11482 24.05765 23.69035 23.73943 23.70657 19.86562 13.83434 13.83434 13.83434 13.83434 13.83434 13.83434 13.83434 13.83434 13.83434 13.83434 13.83434 13.69862 14.8249 16.02486 19.1002 24.536 25.67984 25.6121 22.77367 24.67707 25.67984 25.37706 15.91283 14.02424 14.02424 14.02424 14.02424 14.02424 14.02424 14.02424 14.02424 14.02424 14.02424 14.02424 14.09093 14.045 14.02424 14.02424 13.90596 13.55569 13.51425 9.313311 8.838081 8.838081 8.838081 8.838081
8.834991 8.834991 8.834991 8.834991 8.834991 8.834991 8.982168 11.52382 12.944 12.944 12.944 12.944 12.944 12.944 15.7802 23.35712 24.52807 23.14079 22.04671 22.04368 22.02389 22.02389 22.02389 17.98057 13.83434 13.83434 13.83434 13.83434 13.83434 13.83434 13.83434 13.83434 13.83434 13.83434 13.64698 12.25991 12.24243 12.24243 12.24243 13.71219 19.66111 14.69406 12.24243 13.6129 25.2209 24.87052 14.17895 14.02424 14.02424 14.02424 14.02424 14.02424 14.02424 14.02424 14.02424 14.02424 14.02424 14.02424 14.02424 14.02424 14.02424 13.41167 9.105634 9.212136 10.65486 8.838081 8.838081 8.838081 8.838081 8.838081
8.834991 8.834991 8.834991 8.834991 8.834991 8.834991 8.834991 11.6554 12.944 12.944 12.944 12.944 12.944 16.15783 22.85235 24.52807 23.33595 22.02648 22.02389 22.02389 22.02389 22.02389 22.02389 19.93254 14.19736 13.94766 13.83434 13.83434 13.83434 13.83434 13.83434 13.83434 13.83434 13.83434 14.19423 12.24243 12.24243 12.24243 12.24243 12.24243 12.24243 12.24243 12.24243 12.24243 15.21004 15.40003 14.02424 14.02424 14.02424 14.02424 14.02424 14.02424 14.02424 14.02424 14.02424 14.02424 14.02424 14.02424 14.02424 14.02424 14.02424 13.97326 10.84415 8.838081 8.838081 8.838081 8.838081 8.838081 8.838081 8.838081
8.834991 8.834991 8.834991 8.834991 8.834991 8.834991 8.834991 8.920454 12.46309 12.944 12.944 14.7063 20.62284 24.2544 24.52807 24.17141 22.83022 22.92059 22.14834 22.02389 22.02389 22.02389 22.02389 22.02389 21.68823 20.58663 15.26446 13.83434 13.83434 13.83434 13.83434 13.83434 15.32881 20.51352 22.76269 13.21174 12.24243 12.24243 12.24243 12.24243 12.24243 12.24243 12.24243 12.24243 12.24243 12.66174 14.02424 14.02424 14.02424 14.02424 14.02424 14.02424 14.02424 14.02424 14.02424 14.02424 14.02424 14.02424 14.02424 14.02424 14.02424 13.97968 10.33924 8.838081 8.838081 8.838081 8.838081 8.838081 8.838081 8.838081
8.834991 8.834991 8.834991 8.834991 8.834991 8.834991 8.834991 9.981027 12.662 18.92131 20.93024 24.4068 24.52807 24.52807 24.52807 24.52807 24.52807 24.52807 23.09832 22.02389 22.02389 22.02389 22.02389 22.02389 22.02389 22.00278 16.87812 18.70958 17.80773 18.69588 19.30438 19.72183 19.92056 22.9189 22.9189 18.5459 13.01713 12.24243 12.24243 12.24243 12.24243 12.24243 12.24243 12.24243 12.24243 13.32535 14.02424 14.02424 14.02424 14.02424 14.02424 14.02424 14.02424 14.02424 14.02424 14.02424 14.02424 14.02424 14.02424 14.02424 14.02424 12.41834 9.774043 8.838081 8.838081 8.838081 8.838081 8.838081 8.838081 8.838081
11.90502 8.834991 8.834991 8.834991 8.834991 8.834991 8.839831 11.13421 14.54462 24.52807 24.52807 24.52807 24.52807 24.52807 24.52807 24.52807 24.52807 24.52807 24.43801 22.17313 22.02389 22.03199 22.35234 22.65048 22.31393 22.20776 22.69773 22.87243 22.9189 22.9189 22.9189 22.9189 22.9189 22.9189 22.9189 22.85089 17.52903 12.24243 12.24243 12.24243 12.24243 12.24243 12.24243 12.24243 12.4525 13.74971 14.02424 14.02424 14.02424 14.02424 14.02424 14.02424 14.02424 14.02424 14.02424 14.02424 14.02424 14.02424 14.02424 14.02424 14.0209 10.82062 8.838081 8.838081 8.838081 8.838081 8.838081 8.838081 8.838081 8.838081
18.56607 8.834991 8.834991 8.834991 8.834991 8.834991 16.27379 24.52807 24.50509 24.52807 24.52807 24.52807 24.52807 24.52807 24.52807 24.52807 24.52807 24.32726 23.0487 22.73797 22.62967 22.5985 22.89015 22.9189 22.9189 22.9189 22.9189 22.9189 22.9189 22.9189 22.9189 22.9189 22.9189 22.9189 22.9189 22.81356 13.69177 12.24243 12.24243 12.24243 12.24243 12.25269 14.58763 22.89622 24.11149 19.99604 14.02424 14.02424 14.02424 14.02424 14.02424 14.02424 13.99438 11.08397 12.56169 11.59526 11.38755 11.22052 10.62924 10.99576 12.53825 13.46205 11.39784 8.50179 7.190407 6.260678 6.936017 7.213724 8.426417 6.255297
14.89368 16.2428 14.40549 8.834991 8.834991 13.11449 24.1884 24.52807 24.52807 24.52807 24.52807 24.52807 24.52807 24.52807 24.52807 24.52807 24.52807 24.16411 22.96625 22.9189 22.9189 22.9189 22.9189 22.9189 22.9189 22.9189 22.9189 22.9189 22.9189 22.9189 22.9189 22.9189 22.9189 22.9189 22.9189 18.49047 12.24243 12.24243 12.24601 23.76694 27.59052 37.89767 40.10675 40.21834 40.21834 40.18739 35.08546 17.69636 14.02424 14.02424 14.07415 19.42624 9.098661 9.668962 6.214331 6.209302 6.209302 6.209302 6.209302 6.209302 6.209302 6.293339 6.985693 5.609155 5.404296 5.403566 5.403566 5.403566 5.568793 5.403566
32.24023 32.24023 29.20207 23.57732 20.23391 24.14116 24.52807 24.52807 24.52807 24.52807 24.52807 24.52807 24.52807 24.52807 24.52807 24.52807 24.52807 24.2793 23.81927 23.38415 22.9189 22.9189 22.9189 22.9189 22.9189 22.9189 22.9189 22.9189 22.9189 22.9189 22.9189 22.9189 22.9189 22.9189 20.90631 16.61098 14.78922 20.93299 36.35604 40.21834 40.21834 40.21834 40.21834 40.21834 40.21834 40.21834 40.21834 29.81324 20.35822 21.87679 37.46435 38.71163 20.24314 7.864936 6.209302 6.209302 6.209302 6.209302 6.209302 6.209302 6.209302 6.209302 6.209302 5.967507 5.612478 5.430608 5.403566 5.403566 5.403566 5.403566
32.24023 32.24023 31.72269 27.68493 24.73884 24.52807 24.52807 22.24349 20.27592 16.81794 13.58504 13.04912 14.74534 15.83774 23.74698 24.52807 24.52807 24.52807 24.45912 23.33227 22.9189 22.9189 22.9189 22.9189 22.9189 22.9189 22.9189 22.9189 22.9189 22.9189 22.9189 22.9189 22.9189 22.9189 18.95389 15.92414 15.92414 16.63925 24.89435 32.51486 36.82656 40.09654 40.21834 40.21834 40.21834 40.21834 40.21834 40.21834 40.21834 40.21834 40.21834 40.21834 36.63071 13.06291 6.209302 6.209302 6.209302 6.209302 6.209302 6.209302 6.209302 6.209302 6.209302 6.209302 6.209302 5.945874 5.453573 5.403566 5.403566 5.446566
