GISdata/Popn density Estonia 2015.asc
ncols         192
nrows         72
xllcorner     21
yllcorner     57
cellsize      0.0416666666667
NODATA_value  -9999
[rows 0 to 29 of 72, columns 69 to 137 of 192]
-9999 -9999 -9999 -9999 -9999 -9999 -9999 -9999 -9999 -9999 -9999 -9999 -9999 -9999 -9999 -9999 -9999 -9999 -9999 -9999 -9999 -9999 -9999 -9999 -9999 -9999 -9999 -9999 -9999 -9999 -9999 -9999 -9999 -9999 -9999 -9999 -9999 -9999 -9999 -9999 -9999 -9999 -9999 -9999 -9999 -9999 -9999 -9999 -9999 -9999 -9999 -9999 -9999 -9999 -9999 -9999 -9999 -9999 -9999 -9999 -9999 -9999 -9999 -9999 -9999 -9999 -9999 -9999 -9999
-9999 -9999 -9999 -9999 -9999 -9999 -9999 -9999 -9999 -9999 -9999 -9999 -9999 -9999 -9999 -9999 -9999 -9999 -9999 -9999 -9999 -9999 -9999 -9999 -9999 -9999 -9999 -9999 -9999 -9999 -9999 -9999 -9999 -9999 -9999 -9999 -9999 -9999 -9999 -9999 -9999 -9999 -9999 -9999 -9999 -9999 -9999 -9999 -9999 -9999 -9999 -9999 -9999 -9999 -9999 -9999 -9999 -9999 -9999 -9999 -9999 -9999 -9999 -9999 -9999 -9999 -9999 -9999 -9999
-9999 -9999 -9999 -9999 -9999 -9999 -9999 -9999 -9999 -9999 -9999 -9999 -9999 -9999 -9999 -9999 -9999 -9999 -9999 -9999 -9999 -9999 -9999 -9999 -9999 -9999 -9999 -9999 -9999 -9999 -9999 -9999 -9999 -9999 -9999 -9999 -9999 -9999 -9999 -9999 -9999 -9999 -9999 -9999 -9999 -9999 -9999 -9999 -9999 -9999 -9999 -9999 -9999 -9999 -9999 -9999 -9999 -9999 -9999 -9999 -9999 -9999 -9999 -9999 -9999 -9999 -9999 -9999 -9999
-9999 -9999 -9999 -9999 -9999 -9999 -9999 -9999 -9999 -9999 -9999 -9999 -9999 -9999 -9999 -9999 -9999 -9999 -9999 -9999 -9999 -9999 -9999 -9999 -9999 -9999 -9999 -9999 -9999 -9999 -9999 -9999 -9999 -9999 -9999 -9999 -9999 -9999 -9999 -9999 -9999 -9999 -9999 -9999 -9999 -9999 -9999 -9999 -9999 -9999 -9999 -9999 -9999 -9999 -9999 -9999 -9999 -9999 -9999 -9999 -9999 -9999 -9999 -9999 -9999 -9999 -9999 -9999 -9999
-9999 -9999 -9999 -9999 -9999 -9999 -9999 -9999 -9999 -9999 -9999 -9999 -9999 -9999 -9999 -9999 -9999 -9999 -9999 -9999 -9999 -9999 -9999 -9999 -9999 -9999 -9999 -9999 -9999 -9999 -9999 -9999 -9999 -9999 -9999 -9999 -9999 -9999 -9999 -9999 -9999 -9999 -9999 -9999 -9999 -9999 -9999 -9999 -9999 -9999 -9999 -9999 -9999 -9999 -9999 -9999 -9999 -9999 -9999 4.777447 -9999 -9999 -9999 -9999 -9999 -9999 -9999 -9999 -9999
-9999 -9999 -9999 -9999 -9999 -9999 -9999 -9999 -9999 -9999 -9999 -9999 -9999 -9999 -9999 -9999 -9999 -9999 -9999 -9999 -9999 -9999 -9999 -9999 -9999 -9999 -9999 -9999 -9999 -9999 -9999 -9999 -9999 -9999 -9999 -9999 -9999 -9999 -9999 -9999 -9999 -9999 -9999 -9999 -9999 -9999 -9999 -9999 -9999 -9999 -9999 -9999 -9999 -9999 -9999 -9999 -9999 -9999 -9999 -9999 -9999 -9999 -9999 -9999 -9999 -9999 -9999 -9999 -9999
-9999 -9999 -9999 -9999 -9999 -9999 -9999 -9999 -9999 -9999 -9999 -9999 -9999 -9999 -9999 -9999 -9999 -9999 -9999 -9999 -9999 -9999 -9999 -9999 -9999 -9999 -9999 -9999 -9999 -9999 -9999 -9999 -9999 -9999 -9999 -9999 -9999 -9999 -9999 -9999 -9999 -9999 -9999 -9999 -9999 -9999 -9999 -9999 -9999 -9999 -9999 -9999 -9999 -9999 -9999 -9999 -9999 -9999 -9999 -9999 -9999 -9999 -9999 -9999 -9999 -9999 -9999 -9999 -9999
-9999 -9999 -9999 -9999 -9999 -9999 -9999 -9999 -9999 -9999 -9999 -9999 -9999 -9999 -9999 -9999 -9999 -9999 -9999 -9999 -9999 -9999 -9999 -9999 -9999 -9999 -9999 96.38467 -9999 -9999 -9999 -9999 -9999 -9999 -9999 -9999 -9999 -9999 -9999 -9999 -9999 -9999 -9999 6.944008 6.944008 6.944008 6.944008 -9999 -9999 -9999 -9999 -9999 -9999 -9999 -9999 -9999 -9999 -9999 -9999 -9999 -9999 -9999 -9999 4.777447 -9999 -9999 -9999 -9999 -9999
-9999 -9999 -9999 -9999 -9999 -9999 -9999 -9999 -9999 -9999 -9999 -9999 -9999 -9999 -9999 -9999 -9999 -9999 -9999 -9999 -9999 -9999 -9999 -9999 -9999 -9999 96.38466 96.38467 -9999 -9999 -9999 -9999 -9999 -9999 -9999 -9999 -9999 -9999 6.944008 6.944008 -9999 -9999 -9999 6.944008 6.944008 6.944008 -9999 4.777447 4.777447 -9999 4.777447 4.777447 4.777447 -9999 -9999 -9999 -9999 -9999 -9999 -9999 -9999 -9999 -9999 4.777447 -9999 -9999 -9999 -9999 -9999
-9999 -9999 -9999 -9999 -9999 -9999 -9999 -9999 -9999 -9999 -9999 -9999 -9999 -9999 96.38467 96.38467 -9999 -9999 -9999 -9999 2180.134 2180.134 -9999 -9999 -9999 -9999 96.38467 96.38467 96.38467 96.38467 -9999 -9999 -9999 -9999 21.47814 -9999 -9999 -9999 6.944008 6.944008 6.944008 6.944007 6.944008 84.63409 76.17102 6.944008 -9999 4.777447 4.777447 4.777447 4.777447 4.777447 4.777447 4.777447 4.777447 4.777447 4.777447 4.777447 -9999 -9999 -9999 -9999 -9999 -9999 -9999 -9999 -9999 -9999 -9999
-9999 -9999 -9999 -9999 -9999 -9999 -9999 -9999 -9999 -9999 -9999 -9999 -9999 -9999 96.38467 96.38467 96.38467 -9999 -9999 -9999 2180.134 1924.415 96.38467 96.38467 96.38467 -9999 -9999 -9999 -9999 -9999 -9999 21.47814 21.47814 21.47814 -9999 -9999 -9999 -9999 -9999 6.944007 6.944008 6.944008 6.944008 47.63833 171.7499 6.944007 6.68054 4.888052 4.777447 4.777447 4.777447 4.777447 4.777447 4.777447 4.777447 4.777447 4.777447 4.777447 4.777447 4.777447 4.777447 4.777447 -9999 -9999 5.055355 5.055355 5.055356 -9999 -9999
-9999 -9999 -9999 -9999 -9999 -9999 -9999 -9999 -9999 -9999 -9999 -9999 -9999 -9999 -9999 96.38467 96.38467 -9999 -9999 -9999 -9999 96.38467 96.38467 96.38467 96.38467 96.38467 -9999 21.47814 21.47814 21.47814 21.47814 21.47814 21.47814 21.47814 21.47814 8.338009 8.33801 8.338009 8.338009 8.338009 8.192964 7.928985 7.515866 6.94633 6.944008 6.944008 5.85189 4.777613 4.777447 4.777447 4.777447 4.777447 4.777447 4.777447 4.777447 4.777447 5.376219 7.140766 7.160757 6.763726 4.862384 4.900081 8.352164 316.7704 156.6624 5.055355 5.055355 5.055355 5.055355
-9999 -9999 -9999 -9999 -9999 -9999 -9999 -9999 -9999 -9999 -9999 36.20422 36.20422 36.20422 36.20422 -9999 2180.134 2180.134 2180.134 2180.134 2180.134 -9999 1796.147 1925.18 1168.699 401.274 471.6907 197.1046 21.47814 21.47814 21.47814 21.47814 20.88041 12.87103 12.41385 8.397758 8.338009 8.338009 8.338009 8.338009 8.338009 8.338009 8.338009 7.105903 6.944008 6.944008 6.94717 11.98277 10.08916 6.615322 6.75384 9.239657 10.89569 11.18463 9.318048 8.393353 11.89782 13.3455 13.3455 13.51203 9.327184 7.069617 9.602514 66.94864 18.8895 5.055355 5.055355 5.055355 5.055355
-9999 -9999 -9999 -9999 -9999 -9999 -9999 -9999 -9999 -9999 36.20422 36.20422 36.20422 36.20422 36.20422 36.20422 664.6743 1580.135 2180.134 2180.134 2180.134 2180.134 2180.134 2131.12 1498.166 218.9647 227.1268 124.809 21.47814 21.47814 21.47814 21.47814 21.47814 14.33904 8.338009 8.338009 8.338009 8.338009 8.338009 8.338009 8.338009 8.338009 8.327543 8.027182 8.051206 8.051876 7.935252 9.584869 12.28445 13.3618 13.3618 13.3618 13.35992 13.35023 13.3455 13.3455 13.3455 13.3455 13.3455 13.57543 18.16315 19.79106 19.79106 17.71748 12.13421 8.698683 5.055355 5.055355 5.055355
-9999 -9999 -9999 62.05974 62.05974 62.05974 -9999 18.59056 18.59056 18.59056 28.88483 36.20422 36.20422 36.20422 34.80085 33.30918 34.233 669.7858 2177.203 2180.134 2180.134 2030.305 494.3167 314.1923 33.81943 33.37003 30.74171 23.33694 23.49026 22.83218 21.49619 21.50719 18.45721 9.67967 6.341679 5.884486 6.223034 6.477143 7.072141 7.167175 6.801585 6.709351 6.738617 7.569167 8.338009 8.338009 8.338009 8.338009 10.70067 13.34662 13.3618 13.3618 13.3618 13.36177 13.36059 13.35275 14.13138 14.64892 14.28135 14.44521 16.92254 19.7002 19.79106 19.79106 19.79106 18.23031 10.89016 5.054905 5.165932
62.05974 62.05974 62.05974 62.05974 62.05973 62.05974 59.83773 28.24687 18.59056 18.59056 18.7785 23.10257 29.66195 36.10265 33.32458 32.69377 32.75859 312.3724 898.3254 744.7756 805.069 328.943 29.61014 32.64824 33.31417 33.81943 33.72197 26.68176 24.05399 23.99948 23.86627 10.32243 5.291659 5.291659 103.6601 67.25355 5.291659 5.291659 5.291659 5.291659 5.291659 5.291659 5.291659 5.648854 7.593717 8.338007 8.338009 8.338009 8.338009 11.73067 13.3618 13.3618 13.3618 13.3618 13.3618 13.3618 13.89179 15.34694 36.30625 821.002 227.8966 15.38298 19.20601 17.57828 12.85589 10.93649 5.126875 4.998958 5.242122
62.05974 62.05974 62.05974 62.05974 62.05974 23.527 13.99688 14.7321 18.59056 18.59056 19.86382 219.5425 387.4832 185.0908 34.42052 107.2933 345.4899 36.95509 37.40734 37.40734 37.40191 25.00647 20.73276 20.87601 24.43046 33.72653 33.81943 32.47237 29.76938 26.42708 24.05399 22.5112 19.41166 15.69253 50.84909 53.65952 5.291659 5.291659 5.291659 5.291659 5.291659 17.64048 8.274633 5.291659 5.291659 6.495473 8.309 8.338009 8.338009 10.48554 13.3618 13.24255 12.39537 11.34724 13.3337 13.3618 14.27098 15.34509 15.34694 206.0273 74.24385 9.960138 11.95792 8.048749 4.986346 4.986346 4.986346 4.986346 4.996433
4.207183 4.207183 4.207183 4.207183 4.207182 4.207183 4.207183 35.74609 50.00816 18.59056 18.69904 18.59056 19.84698 30.17104 32.69377 33.20665 34.98552 35.62556 36.7876 37.40734 37.40734 30.8955 21.28517 20.53488 20.53488 23.84698 33.13211 33.81943 33.81943 30.26609 24.05399 24.05399 15.73406 7.474713 5.291659 5.291659 5.291659 5.291659 5.229644 5.195658 6.804143 36.43315 29.43764 7.963803 8.240309 8.856151 8.974929 8.95563 38.43477 190.2417 114.2363 9.662784 9.510729 9.31744 10.44328 14.27905 14.66801 15.13724 14.12585 11.63186 9.960138 9.960138 9.945036 6.734081 6.417003 5.363228 7.056427 5.516042 5.34753
4.207183 4.207183 4.207183 4.207183 4.207183 4.207183 5.500573 61.62291 97.66817 77.618 71.9675 35.29126 11.81112 14.9392 25.45529 32.69377 32.69377 32.69377 29.29032 31.07014 32.35111 37.10274 27.26878 23.19448 21.30753 20.93425 22.22674 26.69114 24.52134 23.36459 21.89128 21.64421 20.8078 18.98983 11.09817 5.291659 5.291659 5.291659 5.291659 5.08231 5.130837 6.741348 8.686819 9.164682 9.724381 10.32108 8.980227 9.012538 8.975346 138.7559 64.76649 9.317439 9.302626 8.995139 8.466875 9.470862 8.648691 8.598231 9.469813 9.960137 9.965007 9.970044 9.960137 9.960137 9.960137 9.945941 9.960137 9.843645 9.129756
4.207183 4.207183 4.207183 4.207183 4.207183 4.215354 4.670958 10.15867 13.3773 11.86098 8.535049 8.341908 8.341908 8.341908 8.93732 24.01123 25.28176 18.58978 11.00925 10.9803 93.58511 113.4762 11.67105 10.9803 12.87639 20.3318 21.07811 21.07811 21.07811 21.07811 21.07811 21.07811 21.07811 20.62297 8.964938 4.985626 5.034117 5.172322 5.268564 5.023696 4.936472 4.936472 5.477166 8.896878 12.61268 12.63442 12.04464 12.19227 11.42414 11.4639 10.85365 9.454263 8.646867 40.68703 8.316628 8.316628 11.54066 12.59347 12.09854 12.56257 12.55537 11.9138 9.960138 9.960138 9.960138 9.960138 9.960138 9.960138 9.960138
3.899618 4.176535 4.272171 4.308736 4.5576 9.07783 9.806895 10.42481 10.9314 10.9314 10.63271 10.51322 8.94821 8.341908 8.341908 8.346634 9.856083 10.9803 10.9803 10.9803 27.96951 107.0369 10.89982 10.50939 10.30961 13.70144 16.05727 18.96927 16.11057 13.53091 13.14586 10.64715 14.00164 9.500743 4.904825 4.904825 4.904825 4.970176 4.983001 4.936472 4.936472 4.936472 5.040407 7.936584 11.80038 12.32399 12.22381 12.64663 12.64663 12.64663 11.39443 8.719568 8.958341 171.5354 9.928063 10.95943 13.68881 13.76746 13.76746 13.76746 13.76746 13.67215 9.176284 7.490983 8.650294 9.272244 8.328969 8.432816 8.687655
4.077272 4.102017 4.388714 4.56787 4.56787 6.455804 10.9304 10.9314 10.9314 10.9314 10.9314 10.5363 9.279589 7.942039 7.304914 7.371447 10.25321 11.72577 11.83987 11.05794 12.46256 11.8834 13.13355 10.88317 10.25661 10.25661 10.25661 10.45075 6.497514 5.382022 5.292077 4.998886 4.904825 4.904825 4.904825 4.904825 4.926565 4.944036 5.012486 4.995296 4.936472 4.936472 4.936472 4.979164 4.937629 5.140595 7.2334 12.71022 12.8283 11.1527 8.43604 8.316628 8.316628 8.977855 13.59331 13.76746 13.76746 13.76746 13.37157 13.69421 11.80163 8.950022 6.069525 4.519578 4.519559 4.519559 4.519559 4.519559 4.519559
4.158569 4.533285 4.400376 4.56787 4.56787 4.775013 7.924897 10.93125 10.9314 10.9314 10.48644 8.000726 5.609655 5.609655 5.609655 6.144284 14.19622 15.46698 15.46619 15.43235 15.46698 15.2921 15.46582 15.33203 11.62207 10.25661 10.25661 9.988967 6.632829 6.36979 6.36979 5.810783 4.904825 4.904825 4.904825 4.904825 5.059112 5.33763 5.352208 5.34789 5.195316 5.106019 6.102498 7.951302 7.931923 7.862663 11.8492 12.85181 12.83123 10.74998 10.10907 10.99619 13.40666 13.53655 12.85127 13.13205 13.76746 9.70038 5.179073 6.23017 4.800828 4.653445 4.526889 4.519559 4.519559 4.519559 4.519559 4.519559 4.519559
15.56753 14.44449 4.56787 4.56787 4.56787 7.708684 7.539172 6.038968 7.534179 7.478162 6.815718 5.609655 5.609655 5.609655 5.609655 5.609655 7.255817 14.79666 15.46698 15.46698 15.46698 68.01072 147.6354 15.36018 12.02186 10.18939 9.932137 7.099826 6.36979 6.36979 6.36979 6.339468 6.00294 5.495656 4.907892 5.326992 5.524067 5.597469 5.446235 5.381843 5.381843 5.381843 7.101288 8.5811 8.5811 8.794393 11.64648 12.60704 12.71386 11.93864 12.68742 12.77384 11.99066 10.54512 8.15103 9.015125 9.759684 7.269784 6.199525 4.830383 4.712348 4.712348 4.659535 4.58789 4.519559 4.519559 4.519559 4.519559 4.519559
17.61328 15.92572 4.735665 4.507508 4.521819 4.56063 3.799061 3.799061 3.799061 3.799061 3.96317 4.532117 5.496358 5.609655 5.653117 6.80944 9.979337 10.90608 12.07411 14.80899 14.52041 53.37202 265.3067 33.87368 10.10762 10.09937 9.805313 7.250769 6.36979 6.36979 6.36979 6.36979 6.36979 6.372131 6.446582 6.789776 6.805559 6.805559 6.359512 5.381843 5.381843 5.393379 7.982976 8.5811 8.573677 8.480421 8.406315 8.603027 9.222693 9.369684 9.402422 9.751966 9.369684 9.224749 7.911826 7.489132 7.489132 7.489132 7.489132 6.496142 5.09233 4.712348 4.712348 4.71232 4.612855 4.520422 4.551123 4.76871 5.05596
7.793328 3.773263 3.370395 5.173795 5.276783 4.376153 3.833937 3.799061 3.799061 3.799061 3.799061 4.15369 5.609655 12.96329 5.814529 7.248755 7.510944 7.690895 7.690895 7.904883 7.750226 7.74109 9.714 10.09937 10.09937 10.09937 10.09937 9.577277 7.009881 5.368842 4.881748 6.113252 6.359753 6.370612 6.644913 6.805559 6.805559 6.805559 6.792207 5.702914 5.381843 5.505038 7.784367 8.300177 8.098324 7.773642 8.075454 8.349323 8.78443 9.16576 9.369684 9.369684 9.369684 9.369684 9.057041 7.498066 7.489132 7.489132 7.753355 7.544185 7.440491 5.996117 5.265947 5.714962 5.310187 5.623118 6.06133 6.120846 6.264287
3.235782 3.412105 5.158754 5.425778 5.425778 5.425778 4.280533 3.799061 3.799061 3.799061 3.899846 5.209058 25.84602 246.0736 5.609655 5.609655 5.718265 7.563521 7.690895 7.690895 7.690895 7.691746 9.631411 10.09937 10.09937 10.09937 10.09937 10.09937 8.843267 3.272723 3.272723 3.273564 4.041673 6.613818 6.805559 6.830855 6.827315 6.823744 6.805559 164.6374 427.3351 84.4445 5.381843 5.52057 5.381357 5.163664 5.222534 6.630493 7.685813 9.318578 9.369681 9.369684 9.369684 9.369684 9.341116 8.772675 8.88408 9.868519 10.72757 9.077233 7.755551 7.100805 6.175431 6.120846 6.120846 6.120846 6.120846 6.120846 6.174842
4.209386 5.155576 5.425778 5.425778 5.425778 5.425778 5.300786 4.21 3.799061 3.799061 4.575839 5.609655 5.609655 5.609655 5.609655 5.609655 5.609655 6.244717 7.004973 7.439514 7.690895 7.690895 8.758715 10.09937 10.09937 10.09937 10.09937 10.09937 9.253345 3.716477 3.272723 3.272723 3.286452 6.768456 9.005349 9.681075 9.884974 9.813315 8.922914 94.12032 37.97221 5.381843 5.343101 5.25708 5.130351 4.98909 4.988586 4.988586 4.989399 5.727588 5.768745 7.307589 8.894398 9.12984 10.47007 10.72962 10.72962 10.72962 10.72962 10.72962 10.72962 9.979753 8.931977 8.863971 6.573922 6.120846 6.120846 6.120846 6.120846
3.238866 4.717297 5.411698 5.425778 5.425778 5.425127 4.382226 4.289425 5.069622 5.485891 5.868763 5.707623 5.641281 5.62307 5.609655 5.609655 5.609655 5.609655 5.609655 5.687208 8.572682 8.518677 9.528179 10.09937 10.09937 10.09937 10.09937 10.09937 6.31247 3.332811 3.272723 3.884065 6.657465 9.805303 10.0091 10.0091 237.3843 272.4926 11.23588 9.432538 7.564675 6.645664 5.026333 5.889882 5.671034 5.833013 5.588682 5.222391 4.988586 4.990328 5.480566 5.741095 5.944894 5.939342 6.313105 8.101395 10.72962 10.72962 10.72962 10.72962 10.72962 10.72962 10.72962 10.72962 9.730476 6.550294 6.120846 6.120846 6.120846
4.143449 3.379473 3.387491 4.922963 5.331512 5.970743 6.407861 6.585217 6.585217 6.585217 6.585217 6.58447 6.584558 6.283464 5.61252 5.609655 5.609655 5.609655 5.609655 7.03272 10.09937 10.19884 135.7967 10.08855 10.0898 10.09937 10.09937 10.09937 6.171997 3.272723 3.272723 3.345302 8.340822 10.0091 10.0091 10.0091 10.0091 11.15886 10.1263 10.12646 10.12646 10.0419 7.368769 6.67856 6.683136 6.683136 6.683738 6.672122 7.497988 5.49897 5.783809 5.939342 5.939342 5.939342 5.939342 5.939558 6.991414 10.42654 10.72962 10.72962 52.25492 11.18953 10.72962 10.72962 10.72962 10.17044 7.468285 6.172101 5.894318
