GISdata/Popn density Bulgaria 2015.asc
ncols         168
nrows         96
xllcorner     22
yllcorner     41
cellsize      0.0416666666667
NODATA_value  -9999
[rows 29 to 57 of 96, columns 0 to 65 of 168]
-9999 -9999 -9999 -9999 -9999 -9999 -9999 -9999 8.518064 8.518064 8.518064 8.518064 8.827351 9.204473 9.324909 8.765737 10.06967 14.3254 17.64097 17.64097 17.64097 17.64097 17.65324 61.3632 71.24934 62.38056 77.66947 83.88398 83.88398 83.88398 83.79752 75.5867 36.55925 24.94209 25.07147 24.94209 24.94209 24.94209 25.30968 64.06211 69.06989 69.06989 69.06989 69.06989 57.22479 36.78481 36.78481 36.78481 -9999 -9999 -9999 -9999 -9999 -9999 -9999 -9999 -9999 -9999 28.2734 28.2734 28.2734 28.2734 28.2734 28.2734 -9999 -9999
-9999 -9999 -9999 -9999 -9999 -9999 -9999 -9999 -9999 8.518064 8.518064 10.41896 13.56356 13.97601 14.25667 16.20996 17.29143 17.64097 17.64097 17.64097 17.64097 18.05963 19.66971 20.11494 20.4025 24.73215 26.93722 37.92048 43.62891 36.73231 23.19028 19.10937 19.60349 24.62789 24.94209 24.94209 24.94209 24.94209 28.22134 64.86667 69.06989 69.06989 69.06989 69.06989 42.82921 34.8693 36.65394 36.78481 36.78481 36.78481 36.78481 -9999 -9999 -9999 -9999 -9999 29.65362 29.65362 29.46029 28.2734 28.2734 28.2734 28.2734 28.2734 28.2734 28.2734
-9999 -9999 -9999 -9999 -9999 -9999 -9999 -9999 -9999 8.518064 11.02415 14.08669 14.26485 14.26485 14.26485 14.26485 14.43152 17.05473 17.64097 17.64097 17.76852 19.6291 20.70329 22.43735 24.69737 25.67653 25.20158 22.42772 20.2509 20.09233 19.97136 19.10283 19.0721 22.05183 24.94209 24.94209 24.94209 24.94209 33.02298 59.84973 69.06989 69.06989 68.81115 57.99519 36.84462 33.30073 34.95367 36.78481 36.78481 36.78481 36.78481 36.78481 36.78481 36.78481 36.78481 33.15734 29.65362 29.65362 29.08102 28.2734 28.2734 28.2734 28.2734 28.2734 28.2734 28.2734
-9999 -9999 -9999 -9999 -9999 -9999 -9999 -9999 -9999 -9999 14.26485 14.26485 14.26485 14.26485 14.26485 14.26485 14.48577 17.33147 17.64097 18.9113 19.99264 20.11494 22.46163 25.73211 25.73211 25.2398 21.1932 20.09233 20.09233 19.86215 19.26183 19.0721 19.0721 19.6552 23.23462 24.94209 24.94209 24.97792 26.72819 28.40898 43.1027 48.60351 38.68781 33.30073 33.30073 33.30073 33.69643 36.54504 36.78481 36.78481 36.78481 36.78481 36.0336 32.2311 33.13024 30.39261 29.65362 29.65362 29.50623 28.78284 28.2734 28.2734 28.2734 28.2734 28.2734 28.2734
-9999 -9999 -9999 -9999 -9999 -9999 -9999 -9999 -9999 -9999 -9999 14.26485 14.26485 14.26485 14.26485 14.26485 11.87065 12.97572 15.63943 18.57173 20.11494 20.11494 23.39021 27.60418 36.62159 38.71442 21.89909 20.09233 20.023 19.37848 19.0721 19.0721 19.37147 23.48075 31.07652 29.12094 26.41632 26.93517 27.12253 27.12253 27.45459 28.9005 31.92082 33.30073 33.81512 34.84779 35.25366 36.66674 37.33163 42.75453 44.1445 38.10997 31.1685 29.65362 29.65362 30.38105 29.66125 29.65362 29.65362 29.59083 28.69282 29.21805 29.39851 29.33089 28.43794 28.2734
-9999 -9999 -9999 -9999 -9999 -9999 -9999 -9999 -9999 -9999 -9999 14.26485 14.26485 14.26485 10.32225 8.273655 7.206699 8.10362 7.101347 11.38397 20.11494 38.39058 63.64437 70.14824 74.06528 74.06528 67.9213 45.9398 63.56678 41.50485 44.93871 50.67774 30.6704 31.68269 31.68269 31.68269 31.68269 31.57406 29.56419 27.20033 27.12253 27.12253 31.76952 36.61312 37.54054 37.80187 37.80187 37.80187 38.22207 46.08784 46.17826 45.75417 36.35022 33.61977 34.57421 35.11536 30.62558 29.65362 29.65362 29.65362 29.65362 29.65362 29.65362 29.65362 28.97005 76.69323
-9999 -9999 -9999 -9999 -9999 -9999 -9999 -9999 -9999 -9999 -9999 -9999 14.26485 14.26485 9.542283 6.759223 6.759223 6.759223 6.759223 9.12545 24.79841 67.37784 74.06528 74.06528 67.52469 69.33973 74.06528 74.06528 74.06528 74.06528 74.06528 66.37014 34.04724 31.68269 31.43549 31.23105 31.46099 31.22893 30.48197 27.64678 26.58339 26.7543 27.48875 35.03673 37.80187 37.80187 37.80187 37.80187 40.1161 46.17826 46.17826 46.17826 39.14953 36.19887 36.19887 36.19887 31.70777 29.65362 29.65362 29.65362 29.65362 29.65362 29.65362 29.65362 69.73623 155.9352
-9999 -9999 -9999 -9999 -9999 -9999 -9999 -9999 -9999 -9999 -9999 -9999 14.26485 14.26485 8.345828 6.759223 6.759223 6.759223 6.759223 10.96984 14.97215 15.10466 37.49566 49.59655 17.33877 37.13956 72.88433 74.06528 74.06528 71.18446 52.80934 35.81036 31.68269 31.68269 30.37479 29.86385 29.86385 29.86385 52.1798 49.92476 25.86198 25.86198 25.86198 26.0354 36.16789 37.80187 37.80187 37.80187 38.00342 44.89524 46.17826 46.17826 44.20257 41.00845 36.20319 36.19887 30.4824 29.69874 29.71047 29.65362 29.65362 73.53145 100.7345 77.23298 100.708 155.9352
-9999 -9999 -9999 -9999 -9999 -9999 -9999 -9999 -9999 -9999 -9999 -9999 -9999 14.26485 6.900793 6.759223 6.759223 6.759223 6.793703 11.89073 14.97215 14.97215 14.97215 14.97215 13.30889 8.94683 30.0751 59.00551 74.06528 74.06528 74.06528 72.82088 56.87856 47.30636 30.81527 29.86385 29.86385 37.89794 94.34531 89.11803 49.12513 25.86198 25.86198 28.53721 37.69104 37.80187 37.80187 37.80187 37.80187 39.57251 46.17826 46.28806 52.37042 51.14558 36.19887 36.42267 40.11975 40.26296 40.06052 60.537 144.8271 154.1073 155.9352 155.9352 155.9352 155.9352
-9999 -9999 -9999 -9999 -9999 -9999 -9999 -9999 -9999 -9999 -9999 -9999 -9999 -9999 -9999 6.759223 6.759223 6.765477 12.55013 14.97215 14.97215 14.97215 14.55328 12.38404 9.676328 9.914818 16.76379 45.13204 74.06528 74.06528 74.06528 74.06528 74.06528 69.73745 33.8635 29.86385 29.86385 30.32971 88.0761 95.02325 92.8707 57.33038 25.8623 25.87316 35.71897 37.80187 37.80187 37.80187 40.23774 45.64041 49.5726 66.28799 68.08887 58.66159 36.41313 39.469 40.31639 40.31639 40.31639 97.2039 155.9352 155.9352 155.9352 155.9352 155.9352 155.9352
-9999 -9999 -9999 -9999 -9999 -9999 -9999 -9999 -9999 -9999 -9999 -9999 -9999 -9999 -9999 -9999 -9999 -9999 14.97215 14.94563 12.73965 11.15007 9.17423 8.835979 9.139654 28.79383 36.58218 37.23707 43.28007 54.92091 55.97358 64.48474 74.05851 47.51639 29.86385 40.50164 77.72404 85.73789 95.0002 95.02325 95.02325 95.02325 70.73236 38.04285 37.80187 37.80187 37.80187 47.39225 65.46188 65.49754 65.9808 68.08887 68.08887 66.55295 62.00496 45.25917 40.31639 40.31639 40.31639 40.44857 78.01881 138.2847 155.9352 155.9352 155.9352 155.9352
-9999 -9999 -9999 -9999 -9999 -9999 -9999 -9999 -9999 -9999 -9999 -9999 -9999 -9999 -9999 -9999 -9999 -9999 -9999 9.22016 8.835978 8.835979 8.835979 8.835979 9.609933 34.96276 36.58218 36.58218 36.58218 36.58218 36.58218 38.22115 41.49517 29.86385 35.105 92.3412 95.02325 95.02325 95.02325 95.02325 95.02325 95.02325 95.02325 77.00316 37.80187 37.80187 37.80187 47.03099 68.08888 68.08888 68.08888 68.08888 68.08888 68.08888 68.08888 49.81632 40.31639 40.31639 40.31639 40.31639 50.85393 138.1311 155.9352 155.9352 155.9352 150.341
-9999 -9999 -9999 -9999 -9999 -9999 -9999 -9999 -9999 -9999 -9999 -9999 -9999 -9999 -9999 -9999 -9999 -9999 -9999 -9999 8.835979 8.835978 8.835979 8.835979 16.01919 35.87573 36.58218 36.58218 36.58218 36.41634 33.3243 30.45668 29.61498 29.70684 48.16986 93.8719 95.02325 95.02325 95.02325 95.02325 92.92069 85.86351 92.04025 66.46725 37.48286 37.09016 37.77728 51.03197 68.08887 68.08887 67.85452 64.71155 67.87132 68.08887 65.47482 52.92012 40.63552 42.94065 116.5798 120.2368 150.458 155.9352 155.9352 131.0066 123.015 60.1416
-9999 -9999 -9999 -9999 -9999 -9999 -9999 -9999 -9999 -9999 -9999 -9999 -9999 -9999 -9999 -9999 -9999 -9999 -9999 -9999 -9999 8.835978 8.835978 8.835978 16.43734 36.58218 36.58218 36.58218 36.58218 36.2902 30.38468 29.568 29.568 29.568 41.30774 79.02522 95.02325 95.02325 95.02325 90.97617 40.63035 38.46008 39.1106 36.84449 36.84449 27.97474 20.78576 34.79473 43.52353 60.14033 48.46361 40.6961 41.77499 42.36929 40.7845 40.6961 40.68028 35.9669 36.36585 67.09887 84.44028 110.7182 117.9048 80.80546 53.02918 53.02918
-9999 -9999 -9999 -9999 -9999 -9999 -9999 -9999 -9999 -9999 -9999 -9999 -9999 -9999 -9999 -9999 -9999 -9999 -9999 -9999 -9999 -9999 8.835979 11.06752 13.63938 24.79795 35.80665 36.58218 36.58218 32.76432 29.568 29.568 29.5611 29.5395 86.78564 95.02325 95.02325 95.02325 94.97755 43.37484 36.84449 36.84449 36.84449 36.84449 32.75481 20.19686 19.73323 19.73323 19.73323 34.71207 40.6961 40.6961 40.6961 40.6961 40.6961 40.6961 27.41798 11.61642 11.61642 11.61642 11.61642 27.4419 53.02918 53.02918 53.02918 53.02918
-9999 -9999 -9999 -9999 -9999 -9999 -9999 -9999 -9999 -9999 -9999 -9999 -9999 -9999 -9999 -9999 -9999 -9999 -9999 -9999 -9999 -9999 -9999 14.18854 14.18854 14.18854 17.9124 36.14403 36.56477 29.97791 29.54251 29.36794 27.23172 26.13567 30.22689 39.51181 75.88465 95.01611 95.02325 68.33382 36.84449 36.84449 36.84449 36.84449 30.59879 22.77929 19.73323 19.73323 19.73323 34.47745 40.66772 38.3483 37.76314 39.5756 40.6961 39.2636 13.55182 11.61642 11.61642 11.61642 14.8653 47.29308 53.02918 53.02918 53.02918 53.02918
-9999 -9999 -9999 -9999 -9999 -9999 -9999 -9999 -9999 -9999 -9999 -9999 -9999 -9999 -9999 -9999 -9999 -9999 -9999 -9999 -9999 -9999 14.18854 14.18854 14.18854 14.18854 14.18854 17.36367 19.86774 19.13758 25.68234 26.02281 26.02281 26.02281 26.02281 29.02753 36.84449 46.4989 55.9952 41.01891 36.84449 36.84449 36.84449 36.18205 21.34601 19.73323 19.73323 23.04226 26.88071 29.8264 30.56976 29.56425 29.56425 33.0632 40.6961 33.82564 11.64221 11.61642 11.61642 11.61642 22.11873 37.59788 53.02918 53.02918 53.02918 53.02918
-9999 -9999 -9999 -9999 -9999 -9999 -9999 -9999 -9999 -9999 -9999 -9999 -9999 -9999 -9999 -9999 -9999 -9999 -9999 -9999 -9999 14.18854 14.18854 14.18854 14.18854 14.18854 14.18854 14.18854 14.4067 21.81606 26.01518 26.02281 26.02281 26.02281 26.02281 26.20121 32.48171 36.84449 36.84449 37.00163 36.90226 36.96286 45.39894 37.85519 19.78598 20.08784 19.73323 22.90285 28.08432 28.25433 29.56425 29.39389 28.95049 29.35953 32.71475 18.9922 11.8054 11.61642 11.61642 11.61642 11.61642 12.83255 38.80972 38.10238 44.00942 53.02918
-9999 -9999 -9999 -9999 -9999 -9999 -9999 -9999 -9999 -9999 -9999 -9999 -9999 -9999 -9999 -9999 -9999 -9999 -9999 -9999 18.41876 18.14502 16.71489 14.18854 14.18854 14.18854 14.18854 18.84512 22.36778 26.02281 26.02281 26.02281 26.02281 26.02281 26.02281 26.02281 26.12543 34.69399 39.18228 59.95383 59.63349 59.94779 67.70033 67.70033 58.45023 26.16986 25.00942 25.20251 26.17047 26.60149 29.10485 28.86301 27.86869 27.86869 27.86869 26.93835 11.84523 11.61642 14.11358 23.68077 24.07884 20.78094 20.85501 21.75003 44.34673 53.02918
-9999 -9999 -9999 -9999 -9999 -9999 -9999 -9999 -9999 -9999 -9999 -9999 -9999 -9999 -9999 -9999 -9999 -9999 18.41876 18.41876 18.41876 18.41876 18.22545 15.61052 15.05259 15.21917 17.08196 46.08352 41.83702 38.97715 26.02281 26.02281 26.02281 26.02281 26.02281 26.02281 26.02281 26.92521 54.20901 67.70033 67.70033 67.70033 67.70033 67.70033 56.88907 26.17047 26.17047 26.17047 26.17047 26.17047 27.62811 28.3601 27.86869 27.86869 27.86869 25.86571 13.36872 11.61642 20.92244 34.73543 34.73543 34.73543 34.73543 34.73543 35.75448 42.69066
-9999 -9999 -9999 -9999 -9999 -9999 -9999 -9999 -9999 -9999 -9999 -9999 -9999 -9999 -9999 -9999 -9999 -9999 18.41876 18.41876 18.41876 18.41876 18.41876 18.41876 18.41876 18.41876 18.41876 49.28918 58.67146 58.41342 52.78337 29.03314 26.02281 26.02281 26.02281 26.02281 26.02281 26.02281 44.67012 67.70033 67.70033 67.70033 67.70033 67.70033 57.9763 29.98297 26.17047 26.17047 26.48417 29.87576 33.22741 30.7051 27.92886 27.86869 27.86869 21.84599 13.29677 11.61642 11.86084 28.0077 34.73543 34.73543 34.73543 34.73543 34.73543 34.73543
-9999 -9999 -9999 -9999 -9999 -9999 -9999 -9999 -9999 -9999 -9999 -9999 8.385366 8.385367 8.385366 8.385366 8.385367 8.385367 13.22179 18.3933 18.41876 19.01622 34.64655 43.7953 41.62948 42.3943 50.69891 57.38297 58.67146 58.67146 58.67146 150.2686 66.66455 26.02281 26.02281 26.02281 26.02281 26.02281 26.73514 47.54686 64.66813 67.70033 67.70033 67.70033 67.70033 40.85518 27.27726 29.76864 32.78564 33.77433 33.77433 32.55793 28.50912 27.86869 27.86869 27.86869 26.84579 20.80767 18.50533 20.28001 34.73543 34.73543 34.73543 34.73543 34.73543 34.73543
-9999 -9999 -9999 -9999 -9999 -9999 -9999 -9999 -9999 -9999 -9999 8.385367 8.385367 8.385367 8.385367 8.385367 8.385367 8.385367 8.385367 17.1061 18.40695 39.48676 48.23787 48.23787 48.23787 48.23787 52.10008 58.5838 58.67146 58.67146 104.9657 688.2007 738.3649 175.434 163.6601 459.4792 653.7914 350.0631 88.59714 198.4917 36.18714 67.70033 67.70033 67.70033 67.30051 36.40945 33.77433 33.77433 33.77433 33.77433 33.77433 33.77433 28.87312 27.86869 27.86869 27.86869 27.86869 27.86869 27.86869 28.33964 33.65809 34.73543 34.73543 34.73543 34.73543 34.73543
-9999 -9999 -9999 -9999 -9999 -9999 -9999 -9999 -9999 -9999 8.385367 8.385367 8.385367 8.385367 8.385367 8.385367 8.385367 8.385367 8.385367 10.16139 18.40107 18.77296 34.46851 48.23787 48.23787 48.79188 49.82451 52.31706 54.70404 58.59489 399.8661 793.4017 793.4017 793.4017 793.4017 793.4017 793.4017 793.4017 793.4017 683.031 52.3339 55.63511 61.15781 59.0133 35.00826 26.50233 33.20835 33.77433 33.77433 33.77433 33.77433 33.5459 29.63508 27.86869 27.86869 27.86869 27.86869 27.86869 27.86869 27.86869 33.06338 34.73543 34.73543 34.73543 34.73543 34.73543
-9999 -9999 -9999 -9999 -9999 -9999 -9999 -9999 -9999 -9999 8.385367 8.385367 8.385366 8.385366 8.385366 8.385366 8.456472 10.75439 12.99069 14.99954 18.40107 18.40107 18.68546 23.4862 52.02214 55.14732 50.07088 50.07088 50.07088 139.7114 764.1199 793.4017 793.4017 793.4017 793.4017 793.4017 793.4017 793.4017 793.4017 538.1898 53.43661 50.07298 36.4147 26.76481 22.53385 22.42814 15.70446 23.28892 30.55221 34.22279 35.53976 36.25978 36.25204 28.25821 23.53079 25.55649 26.80734 28.13218 28.83522 36.72483 51.55399 49.71567 47.31186 44.61387 36.00772 34.73543
-9999 -9999 -9999 -9999 -9999 -9999 -9999 -9999 -9999 -9999 -9999 8.385366 8.385367 8.385366 8.385366 9.410822 16.74098 18.40107 18.40107 18.40107 18.40107 18.40107 18.40107 69.08819 163.1586 274.7203 516.2307 516.7799 488.3936 614.1448 793.0129 793.4017 793.4017 793.4017 793.4017 793.4017 793.4017 793.4017 793.4017 284.6404 53.43661 29.65106 22.53385 22.53385 22.53385 20.75081 12.77246 12.77246 15.22779 44.56569 39.40878 38.60966 46.63622 28.95294 24.2467 20.2956 24.59492 50.96791 53.2276 53.27422 53.46051 53.46051 53.46051 53.46051 49.44116 44.5942
-9999 -9999 -9999 -9999 -9999 -9999 -9999 -9999 -9999 -9999 8.385367 8.385367 8.385366 8.385366 8.385366 10.36729 17.7427 18.40107 18.40107 18.40107 18.40107 25.18865 18.87683 83.2076 183.8984 183.8984 208.2512 681.4534 791.9752 793.4017 793.4017 793.4017 793.4017 793.4017 793.4017 793.4017 780.7856 580.2814 131.3845 53.53285 39.12438 22.92226 22.53385 22.53385 22.53385 17.30528 12.77246 12.77246 13.78793 35.89256 38.77591 43.55512 47.11472 47.11472 47.11472 38.48363 34.93909 53.46051 53.46051 53.46051 53.46051 53.46051 53.46051 53.46051 53.46051 53.46051
-9999 -9999 -9999 -9999 -9999 -9999 -9999 -9999 -9999 -9999 7.478803 6.329937 7.172493 7.294551 6.791772 11.00362 14.02292 14.51355 15.77954 15.11971 41.5473 174.9371 160.1757 152.7542 183.8984 183.8984 183.8984 183.8984 400.7634 793.4017 793.4017 793.4017 793.4017 793.4017 793.4017 793.4017 649.0854 93.55557 53.43661 53.43661 47.6567 40.10098 26.04004 40.04824 28.42323 22.31167 12.77246 13.6396 19.50123 24.04026 35.69936 45.66072 47.11472 47.11472 47.06466 21.75077 18.59903 38.31823 50.83854 53.46051 53.46051 53.46051 53.46051 53.46051 53.46051 53.46051
-9999 -9999 -9999 -9999 -9999 -9999 -9999 -9999 -9999 -9999 3.479505 3.479505 3.479505 3.479505 3.48318 8.349745 13.57653 13.9964 14.13208 15.36853 16.76868 117.7501 162.5676 175.7996 183.8984 183.8984 183.8984 183.8984 355.7083 757.8903 793.4017 793.4017 793.4017 793.4017 793.4017 793.4017 793.4017 613.5023 53.43661 53.34964 42.24667 39.71249 41.23098 46.58951 53.43661 40.49612 12.77246 27.44034 37.46622 25.22961 35.68696 44.91961 48.65162 48.90872 46.31487 20.60448 15.91091 15.91091 20.46163 40.28848 51.97495 53.46051 53.46051 53.46051 53.46051 53.46051
