GISdata/Popn density Hungary 2015.asc
ncols         216
nrows         96
xllcorner     15
yllcorner     45
cellsize      0.0416666666667
NODATA_value  -9999
[rows 30 to 59 of 96, columns 68 to 135 of 216]
80.87707 62.94823 69.53112 69.53112 117.3884 277.1989 279.5813 277.9937 270.7111 202.2243 172.8176 111.1498 66.82346 52.24202 57.58303 158.2769 201.0226 131.9416 167.752 365.5245 445.1546 702.9741 228.7888 218.5327 149.8802 66.52161 50.11238 58.27265 232.9002 153.1174 108.2685 482.3994 273.8265 114.6474 100.0642 51.41022 49.27766 60.28226 43.4331 41.35276 41.3682 44.4826 40.55513 123.3988 182.204 127.9597 76.27161 79.67675 65.94781 63.05872 108.7794 94.55321 88.91507 73.32156 53.68245 38.8534 55.0808 85.89785 93.73597 95.58242 122.9566 110.21 118.1497 43.30679 42.67958 34.69711 49.30235 47.99779
54.36399 59.76896 69.87067 69.6843 69.53112 103.6895 120.0653 35.86236 34.09354 65.64851 100.6096 123.4871 85.46141 135.4828 67.80543 84.81671 165.4954 122.0313 66.98438 142.2796 195.4426 300.1044 222.987 101.7749 130.0061 131.3302 235.1315 323.7203 477.3784 510.6203 135.8804 665.0994 329.6633 137.4309 203.056 370.0925 61.35864 59.04867 143.0771 206.6921 178.0965 142.7885 190.5958 223.8674 253.7769 160.446 80.23137 79.74667 53.25532 61.27832 80.34521 74.88194 74.09637 66.76482 60.3742 46.21265 49.68633 71.30318 76.68118 70.39857 67.81121 51.694 52.75147 38.6313 41.78348 35.58929 37.30436 39.882
41.37724 56.78252 75.30498 110.9114 103.4379 61.32454 51.14741 44.71503 34.70748 96.07171 308.5193 308.7075 217.7265 168.2442 79.33692 53.52683 47.62783 53.12684 55.37822 79.21699 131.9082 66.9112 101.4245 180.6019 252.794 372.7934 168.0609 254.0066 317.5141 441.573 312.7695 919.8902 415.6482 199.7814 343.2139 359.3534 376.9727 115.9943 132.317 261.9083 157.7726 111.4213 125.7907 182.2451 199.3576 258.2957 113.8189 46.58568 48.62748 91.53502 92.16013 93.03605 58.13602 50.39211 36.93222 50.13863 46.35125 47.00393 97.48111 93.48743 69.41798 31.75122 33.49168 43.08033 49.2673 37.23654 35.35875 38.18792
40.7844 38.91025 38.27852 54.23833 41.5343 41.6273 57.65809 50.82361 45.96478 46.96004 243.5868 250.7307 297.5315 427.3137 210.2467 89.48696 62.18146 37.17799 38.03049 37.01217 68.33907 67.8747 82.25536 124.8006 282.5855 451.9494 469.1625 452.3 1058.971 1690.482 2643.35 1088.989 425.6305 204.6708 157.4229 295.951 503.1909 473.7608 172.4063 108.932 89.23 109.4211 141.4998 134.4878 100.4758 102.1421 66.50787 43.64439 22.90928 43.72711 86.68046 79.30023 62.08564 45.4911 37.98633 52.27257 52.9016 95.2439 104.5809 94.25702 42.0931 29.59874 34.42424 36.02051 32.46214 26.75278 23.20476 23.33934
36.02853 32.78408 25.66338 28.11144 25.80421 22.50245 28.60048 40.37022 44.38224 49.52612 75.01673 97.40288 470.269 791.4928 791.4928 576.3335 91.84288 96.71452 47.97688 42.05598 76.47749 88.28923 68.68731 123.3378 159.6873 170.7119 1151.96 2067.507 2742.477 3990.311 4113.043 2402.849 564.9464 288.1262 467.567 392.6553 396.8482 353.6839 171.5521 63.48287 65.57338 81.43985 118.7117 115.2839 66.86212 66.86105 62.16438 57.46045 78.29936 75.70966 105.2933 84.55726 56.10495 49.52734 62.17033 78.28201 56.01506 57.40654 95.18626 86.7682 47.07514 31.27648 35.9266 38.54927 37.1892 33.19003 27.64009 47.82148
36.90911 45.92136 33.07645 84.18349 104.8591 74.86185 29.74512 30.08181 41.75474 48.40017 102.1572 149.868 118.309 431.946 711.8467 575.772 69.60467 89.45364 105.8561 88.04886 62.31958 134.5606 135.4985 132.4275 159.4078 340.1776 1162.392 2012.129 2531.092 9576.159 5857.43 3482.998 1726.696 1544.732 749.9999 560.6954 214.4004 192.9647 171.0609 89.11911 91.96261 96.6598 97.64384 88.1142 79.19286 87.33086 72.62321 43.40791 89.43337 111.4027 111.4027 83.67163 67.12337 56.35081 100.8174 111.2089 94.02411 12.76707 10.25116 22.96577 22.3426 25.52209 37.59573 41.95162 39.78279 37.61009 40.37171 47.67972
39.07491 40.53495 41.12285 57.86852 121.7015 83.07082 33.92419 28.67451 45.65749 73.74441 133.1062 262.0906 242.0463 51.42869 97.2697 122.0865 76.75351 64.58854 110.0015 146.5444 101.1194 80.31849 131.7709 168.4848 211.303 540.2003 927.5317 2120.898 3456.041 6465.953 5267.985 2475.617 1992.365 1353.501 1232.936 1035.049 295.2095 316.3582 260.9087 153.3791 127.9427 100.0623 114.6012 110.571 86.77328 89.85085 85.96581 77.75702 101.0846 111.4027 111.4027 72.73641 44.8787 54.28943 85.69673 105.71 72.23842 38.95457 34.63715 19.79555 15.64732 15.99633 31.04334 43.28714 49.79148 38.14882 36.79345 37.6707
32.00599 31.15116 34.61045 45.53328 86.31422 86.77192 70.76422 95.88452 88.16708 73.90327 212.353 269.0891 184.7966 21.28325 33.07449 40.11911 35.98044 52.3121 46.41433 54.18428 34.58295 58.68194 75.33209 161.2862 280.7199 462.3733 553.3851 2015.347 2302.441 2783.408 3834.645 4438.874 2129.719 1830.788 979.3719 317.2307 446.3637 445.7513 170.2369 153.0869 150.3361 161.2702 165.2097 112.886 89.79462 117.4644 157.1685 145.0715 113.7859 111.4027 111.4027 77.41994 51.02964 49.94319 48.40821 49.23363 39.10358 39.10358 39.10358 33.98516 16.54491 17.49191 26.20872 51.50026 54.06555 40.15109 38.02638 36.79345
43.34623 33.09961 31.93947 24.95756 39.80917 24.23608 77.53714 126.4816 126.4816 125.1495 94.98653 101.7672 33.73952 29.84508 41.41086 41.41086 41.18408 42.57251 33.67191 37.09978 43.04187 42.92145 78.01752 118.5054 312.8862 883.1644 970.6605 1197.157 1154.127 1575.908 1171.195 441.4493 1325.786 862.8564 516.9242 280.4253 310.0792 376.357 240.6943 118.4882 88.56625 105.4262 98.09029 78.66217 85.42818 149.3052 156.86 117.0445 97.31037 101.7393 104.0805 54.45867 59.21906 64.04327 69.60653 66.71255 51.01049 44.06071 33.00439 16.89586 16.79341 24.37052 27.78519 31.98058 30.94386 47.6289 50.34492 44.80399
28.70622 26.17397 31.81126 33.10838 42.13425 54.89016 61.81584 111.7892 127.5223 123.2484 87.81805 28.19387 23.69044 33.80664 41.54293 41.41086 41.41618 43.90332 42.24334 50.56241 53.80328 66.42216 92.47771 228.6723 566.6115 887.4203 815.9239 522.9177 525.7807 505.5544 547.6591 372.9748 427.6579 670.3713 317.7253 216.4842 145.4966 158.5939 335.3684 289.6327 80.83611 70.80982 74.90184 79.75347 69.70098 71.68074 79.53476 60.27082 105.4984 143.0555 88.15555 47.79811 34.49025 42.86036 65.36708 59.66474 59.3355 59.3355 46.14759 17.86302 22.53188 25.95069 31.10327 34.49163 26.14558 40.7517 50.36066 50.36066
42.17588 44.7617 60.16141 86.21144 85.86386 76.24097 70.49358 47.43364 77.66444 103.6471 75.60351 53.06081 43.99034 42.64965 41.55106 39.90215 40.99202 41.19867 37.5318 44.95023 48.01708 44.89888 137.8084 130.0292 296.8234 637.618 386.2081 450.8787 814.4237 284.9338 409.6039 193.864 99.75124 107.4082 124.086 100.2314 41.88761 45.50114 141.4596 300.8867 278.0807 197.6555 142.8808 95.64091 59.24071 52.07249 51.62977 60.49199 126.0654 140.9336 83.67023 67.29688 63.7249 82.92113 36.30536 27.37176 37.99946 43.56581 28.83217 22.20138 29.39458 33.68138 36.13968 46.36335 48.49255 42.8564 43.81172 43.06138
150.1182 94.28928 49.25343 57.44567 39.45349 34.10558 24.82953 76.82314 18.52965 44.9678 101.1156 58.28277 58.47149 75.16059 268.2557 116.2153 48.46311 44.84499 52.94845 70.52825 69.42923 65.91868 64.88277 77.89638 93.63994 303.7603 159.7868 156.0713 153.4999 183.4273 114.0953 61.10506 95.69452 107.0676 112.179 162.9865 107.9759 45.24439 71.80537 113.7492 168.949 214.3059 174.3446 156.613 125.8254 100.023 100.6031 127.3432 115.7878 81.94027 67.61148 72.47759 102.6782 104.2735 89.13424 101.3558 38.33231 22.20138 22.20138 22.48142 42.07205 47.29008 40.23441 54.03347 73.06373 83.42638 58.30378 41.7466
154.2742 62.73167 28.52686 23.81005 23.82739 26.94416 223.806 244.5803 138.2186 53.11266 51.7565 53.94181 191.0266 474.6281 567.8172 551.6416 220.2115 57.73285 61.68303 124.4032 90.59165 70.88073 50.93848 80.11475 118.0203 130.2053 180.8511 99.02201 74.70747 93.87813 73.3317 45.22759 49.92148 93.2925 97.39008 127.1233 118.6562 118.3862 94.26939 81.7457 71.91222 98.38139 151.8208 158.0339 160.3156 154.6192 154.4488 154.4488 154.4488 150.8514 121.1006 122.0386 120.7064 112.3188 177.4367 342.3974 319.7126 225.9443 26.36788 44.49143 66.77026 108.2781 98.975 102.574 90.40076 84.19509 66.25845 46.40395
141.056 341.4722 227.1609 58.50033 45.72153 43.08221 217.4985 262.2925 223.6576 108.1001 37.28526 59.68716 324.9764 567.4074 567.8172 561.4361 239.8369 87.69729 122.95 126.3931 133.287 81.8396 42.14397 98.61034 127.3151 135.7842 140.4077 92.56598 91.82922 91.53532 64.15868 37.16504 53.97264 93.75645 96.12976 96.12976 96.41138 118.2141 124.2719 46.35332 27.84997 45.34751 44.22281 91.20587 151.0222 154.4488 154.4488 154.4488 154.4488 154.3023 136.562 122.902 122.902 122.902 309.7899 359.6859 359.6859 359.4591 124.0681 82.23427 64.21051 108.2531 108.9463 108.9463 71.32836 31.74082 35.41897 53.68304
160.5266 433.8371 433.8371 247.6982 58.8895 43.27312 110.7972 173.6823 54.624 65.84734 49.6437 76.06158 97.49545 342.9126 567.8172 567.8172 400.5883 108.1397 72.30468 99.24843 90.71106 113.5675 111.6637 101.4506 91.87656 118.7468 120.9354 117.7352 99.6998 84.04113 18.15669 29.08213 47.68484 83.08517 83.74924 95.88239 96.12976 125.6209 132.5008 47.27588 19.55346 19.40124 26.64097 23.23096 62.65996 91.53625 142.957 153.6741 129.3571 67.57758 70.82066 96.04533 115.6366 109.161 268.1808 359.6859 359.6859 354.0901 259.7391 88.37124 85.54827 97.48231 108.9463 108.9463 72.5276 21.40811 51.6498 41.99696
272.4442 433.8292 433.8371 356.0781 109.5665 55.88541 87.82785 122.9678 84.26566 79.79872 115.7881 139.6666 148.9626 142.2369 188.737 123.6882 48.04273 53.5351 54.29888 54.6621 52.00661 71.54319 93.34675 69.86626 58.39445 41.89751 51.98294 80.06678 79.18005 76.6034 19.18898 21.20929 46.47661 18.64674 8.29914 23.76479 62.59542 82.08283 118.5761 85.99574 55.24334 47.3881 57.59407 53.85507 62.91654 54.8589 36.90432 35.51469 31.75023 45.97334 54.14101 46.51817 28.47112 51.75982 69.93732 95.09431 175.8407 270.4019 245.969 57.58815 50.52391 53.77915 58.86938 75.79086 69.1673 22.92511 36.51883 37.5348
56.04475 231.3865 239.1095 146.0506 370.8944 150.0517 92.35596 69.56865 45.25359 27.93716 67.17171 85.23619 75.35935 35.82092 41.38858 46.18138 47.55675 49.05553 59.35677 62.88042 56.78018 51.58481 52.28212 54.39116 63.09209 79.09473 56.44896 57.96914 70.45253 78.85793 40.60066 46.86346 50.2355 26.80557 8.29914 19.13966 32.76094 33.61596 58.36496 73.32243 71.08579 64.55004 64.40205 97.61124 112.6815 109.601 111.4181 99.43577 98.12869 80.64856 47.05121 46.71385 42.39658 43.93843 49.37702 45.11625 83.80155 123.2463 110.1998 67.92001 48.20923 34.00963 10.6593 10.74435 42.44842 58.62877 54.00858 38.32303
43.28875 56.60532 62.92027 141.7221 351.8912 115.6573 115.6573 96.78522 55.81039 54.8778 53.41204 79.011 76.97645 46.23965 38.81102 41.06628 47.81403 48.28436 54.90202 65.19123 51.51879 45.95536 55.78857 61.04 86.89114 99.06493 91.33138 44.9426 38.18339 40.73391 45.75558 50.2355 50.2355 49.89089 17.93768 23.41193 17.31299 21.65008 38.92261 48.41984 63.67332 64.69826 64.55004 78.4377 110.2906 112.846 112.846 112.846 112.846 58.4229 29.90339 32.52381 47.01513 58.69271 52.41883 50.14471 41.5715 83.25075 148.5605 210.458 92.28234 5.345497 4.340653 9.108473 46.1001 58.62877 58.62877 58.03098
293.1573 273.5402 82.03777 115.0978 131.5399 -9999 -9999 100.328 84.51717 77.17233 68.67107 49.28411 46.75742 45.43544 42.74569 45.06192 48.08038 39.78414 33.35207 33.08107 26.56026 27.83327 63.84171 82.05316 253.1714 896.8334 754.7767 35.40596 35.74471 36.28465 38.04069 48.33595 50.2355 49.42468 19.1029 18.7331 14.04511 13.81762 35.1446 65.58244 110.4964 252.2019 265.1023 221.2492 276.2266 194.8992 116.4108 112.846 91.43378 22.4855 25.87351 45.59784 84.62513 84.89916 84.25269 62.52159 112.3957 129.6784 131.4068 131.0688 20.83035 4.233161 9.186152 22.30227 58.62877 58.62877 58.62877 58.62877
221.172 277.7686 115.2041 -9999 -9999 308.161 290.3624 166.6826 80.84151 80.95367 80.35704 47.89417 33.94586 41.42553 48.26222 49.77272 44.98262 29.65335 40.57328 48.23962 52.70405 53.70348 56.78857 60.27176 64.05886 486.36 862.6915 153.9118 45.53064 42.09579 39.98211 48.10685 47.51283 42.40038 27.16082 20.38195 19.63641 50.41011 68.88009 67.3903 146.0396 304.521 317.7696 317.7696 317.7696 317.7696 294.1184 270.5008 38.76849 18.54578 18.54578 28.35387 83.28852 84.89916 72.78915 60.22644 76.85444 92.47083 104.1954 103.4377 83.33077 27.99645 17.99589 24.58594 58.62008 58.62877 58.74659 58.62877
93.76736 92.37692 110.8449 156.5861 307.4595 308.161 220.3014 60.24356 64.35276 80.19617 79.2639 51.95931 25.42961 34.71853 47.11414 55.92353 65.69791 65.39055 66.23964 66.23964 66.23964 52.18146 54.44621 55.97808 57.32637 56.91297 225.1404 71.18204 61.04723 57.62096 45.69088 39.47093 38.62879 38.62659 38.62659 37.20724 35.5942 31.48171 24.5932 28.73619 67.10941 158.9687 314.6279 317.7696 317.7696 317.7696 317.2932 314.0384 97.53872 24.92612 34.17201 70.24141 79.18703 79.78082 76.68236 43.42268 33.54063 37.41151 59.22725 50.96325 32.76235 31.84203 33.06667 39.21184 59.13757 101.5608 104.859 94.19205
276.1594 177.7559 66.39789 45.82375 228.0843 235.8565 118.5035 62.32958 63.27664 40.47527 35.5816 30.61183 30.01514 37.33326 41.79797 38.78489 61.45025 66.23964 66.23964 63.49149 51.86255 43.24965 51.20673 58.60907 61.93078 65.87989 103.5047 69.18149 55.47319 24.44837 8.61373 30.86075 38.59855 36.89486 34.38272 35.70253 42.73336 39.19873 29.71091 28.05019 51.12119 75.58643 114.9192 267.4472 317.3083 209.5522 77.39632 118.4315 34.59249 34.59249 52.48343 69.44785 56.74639 37.83838 42.77814 52.65049 62.91373 50.25448 59.22725 49.00277 33.47761 33.42239 50.04419 51.16071 81.64658 108.4585 108.4585 101.9305
90.17583 55.22495 47.04425 29.44046 53.12524 40.46795 35.23506 49.55547 53.49827 21.05268 24.47036 32.14896 29.33263 30.73527 33.18859 33.23156 37.81303 49.44067 55.55882 49.42967 40.90312 29.05866 37.35749 62.2988 68.68979 73.13911 67.80048 51.40547 50.89292 50.89292 47.16212 38.83636 27.91568 26.38326 26.38326 49.49872 51.77284 51.77284 43.09219 32.84928 49.23898 69.42633 66.16184 206.6328 224.6385 37.53855 41.56963 102.1838 97.38491 65.27588 53.26094 53.6358 45.2354 45.57298 45.7464 47.63434 29.8367 32.01752 58.26052 59.22725 57.92248 47.57506 58.90506 57.63503 95.11266 107.8214 71.5646 35.32651
25.49044 30.21314 29.26068 22.78956 24.97423 32.28915 33.70953 34.39961 42.70749 29.56341 31.20825 29.73278 27.46762 26.81373 26.05713 26.19712 65.07903 75.65229 35.45754 45.16737 37.1843 18.99408 20.49382 65.89964 73.13911 71.94884 64.8535 51.59035 49.66085 42.84418 24.82864 14.00222 26.78926 29.24252 29.63009 48.30148 51.56988 48.38999 36.36952 33.71163 38.19591 52.05634 37.14372 94.58897 129.4743 69.75688 88.76147 119.1922 119.1922 117.4564 63.36449 53.72628 79.52121 96.31659 81.59365 59.70939 49.17275 13.81022 17.90362 41.53968 67.00554 77.61539 79.369 80.83257 73.90508 40.78214 31.69796 31.83491
23.31845 30.42186 31.47319 71.77659 131.4207 96.38882 27.02277 40.62312 35.29855 32.36598 34.61311 23.83665 26.06825 26.63181 38.03576 46.76888 78.95102 100.7116 54.30217 40.29952 42.50908 30.68923 26.28602 39.6172 64.68763 50.07979 44.73166 43.62203 29.00435 25.77367 25.08347 23.27878 44.23029 38.87652 41.10605 45.08926 38.46069 31.51808 32.81182 33.71163 33.71163 24.16989 27.16338 35.34462 37.18885 36.14922 92.5563 119.1922 119.1922 119.1922 110.4903 84.4101 98.29736 98.29736 98.29736 98.29736 90.81161 61.34765 33.25581 50.75695 63.77472 69.1395 79.2942 54.85001 21.89614 8.881306 70.69178 56.73815
30.03646 30.31668 28.12844 35.83464 41.95576 26.64626 19.11236 37.3101 42.45519 39.60141 58.51872 61.93047 54.7189 43.18491 44.46869 30.88351 13.20483 26.83989 43.36701 27.73724 17.38694 25.20624 46.79488 98.50472 116.2047 65.61263 40.39744 40.54578 32.1919 27.52946 27.52946 32.63095 51.64762 51.16291 58.35913 53.0823 34.19313 22.11572 20.94539 21.25254 22.01637 7.970602 9.893667 20.52499 22.66171 22.66171 94.04278 119.1922 119.1922 119.1922 93.94775 36.56972 72.73257 64.49822 79.00766 96.83409 93.89225 80.58287 79.369 79.369 69.21168 29.34018 36.7438 29.50585 13.29928 13.36238 93.87132 58.4627
23.76658 24.32108 25.95136 26.12023 19.92578 18.84907 22.45615 27.02431 28.5358 45.98253 69.58238 69.58238 57.25238 31.55926 21.01412 9.178984 11.65397 13.76097 24.06001 46.93974 31.71369 36.99779 105.8557 120.3355 120.2341 79.09116 34.80924 38.74282 39.29753 33.99147 30.79014 33.30837 58.40391 109.2018 139.979 131.7 108.7626 21.15365 18.03761 18.29402 18.30047 19.74837 22.21491 19.36386 20.18532 22.6458 69.83818 96.29879 71.09048 51.50562 52.74693 33.22206 22.13553 17.70051 17.47256 23.98018 63.98946 79.5759 79.369 79.369 79.246 68.3467 56.1766 36.23399 16.77618 35.49975 106.9516 114.7161
16.42395 18.37924 17.0959 12.23912 15.63686 16.96731 18.40968 22.30665 23.83706 42.64305 69.58237 53.52084 25.00377 18.97206 26.29618 12.95144 16.32458 16.66007 32.13404 49.63503 52.69005 28.91159 42.63131 116.6427 102.2824 46.59412 43.71433 43.59219 41.47062 43.96515 23.78214 28.96841 59.35859 123.5018 142.0645 120.0174 104.6502 69.53558 42.74875 22.09844 19.04121 23.16051 28.88046 28.23635 18.89993 33.6716 61.42523 32.14091 23.39841 27.42969 37.04595 36.20068 33.14722 33.26368 63.74942 70.32507 56.95827 60.68363 62.85375 70.20717 78.82976 75.93871 53.71029 41.83268 25.82684 35.47029 146.7086 149.6238
21.65115 24.1714 27.89726 16.9513 19.56208 17.9615 16.47024 19.37893 32.98909 21.31124 32.75646 43.84034 20.29513 40.3756 32.16098 46.5962 40.79137 34.7465 32.39376 31.42182 40.2829 31.14109 75.35432 105.6934 118.3018 72.78072 67.95992 103.0128 139.1437 18.83936 17.87426 19.38308 55.46018 79.22268 91.59573 69.5647 68.08305 68.08305 58.83147 27.1967 26.05257 29.54793 38.99999 34.38306 32.75063 44.86381 41.85435 39.86477 30.09717 45.01473 51.14449 31.12369 31.08139 35.5845 55.85032 61.03165 76.38374 61.57436 57.07677 46.9002 31.84035 34.76484 36.38386 37.15137 30.77811 26.15684 136.1685 149.6933
27.25974 25.06788 32.67383 25.32903 21.46652 21.05703 16.23708 22.2123 35.69365 25.94261 13.76011 15.20128 34.89376 52.33074 29.96298 21.0419 22.32852 33.06591 36.55024 31.27238 33.29689 31.70114 51.35976 62.23627 59.06592 57.4215 74.59098 323.2809 328.0734 115.2462 20.47816 21.50342 47.59941 76.93822 76.93822 70.40275 46.60428 53.46186 29.62077 51.96955 30.32796 25.80157 45.20288 51.11531 48.43076 51.8536 49.78082 33.2258 29.82221 61.09205 97.41434 49.14413 31.92735 34.10859 34.24271 37.47738 100.4266 110.8751 89.90134 62.6368 60.08205 58.75303 49.9972 20.43605 19.18475 19.18475 44.40282 83.47449
