GISdata/Popn density Hungary 2015.asc
ncols         216
nrows         96
xllcorner     15
yllcorner     45
cellsize      0.0416666666667
NODATA_value  -9999
[rows 30 to 59 of 96, columns 0 to 67 of 216]
-9999 -9999 -9999 -9999 -9999 -9999 -9999 -9999 -9999 -9999 -9999 -9999 -9999 -9999 -9999 -9999 -9999 -9999 -9999 -9999 -9999 -9999 -9999 -9999 -9999 -9999 -9999 -9999 -9999 -9999 -9999 -9999 -9999 -9999 -9999 -9999 221.2089 325.6337 282.1025 106.2367 317.2465 325.6337 -9999 -9999 25.27265 -9999 -9999 -9999 -9999 38.05664 38.54101 42.34967 45.14362 45.54041 32.75436 29.8021 35.87858 40.83774 76.72909 97.14153 90.56586 91.71111 177.9156 389.4938 498.4182 418.2454 447.8999 131.5575
-9999 -9999 -9999 -9999 -9999 -9999 -9999 -9999 -9999 -9999 -9999 -9999 -9999 -9999 -9999 -9999 -9999 -9999 -9999 -9999 -9999 -9999 -9999 -9999 -9999 -9999 -9999 -9999 -9999 -9999 -9999 -9999 -9999 -9999 324.5492 235.8684 205.3755 325.6337 325.6337 258.2794 313.1795 225.1564 36.63974 36.40104 25.27265 31.9354 64.57915 77.48292 101.9167 103.0976 106.665 108.6243 76.26846 88.74161 44.43037 28.05841 34.85719 32.46772 70.95825 68.82632 96.27566 223.2086 675.47 692.2692 692.2692 692.2692 641.1069 142.2387
-9999 -9999 -9999 -9999 -9999 -9999 -9999 -9999 -9999 -9999 -9999 -9999 -9999 -9999 -9999 -9999 -9999 -9999 -9999 -9999 -9999 -9999 -9999 -9999 -9999 -9999 -9999 -9999 -9999 -9999 -9999 -9999 -9999 -9999 319.9482 323.9847 325.6337 283.4699 252.1995 268.2491 196.6472 17.61594 40.97161 50.67708 33.29896 55.29791 57.94495 84.0144 103.0976 71.31358 58.51462 70.60588 71.49969 99.44662 71.3209 51.28295 72.31672 67.3558 69.56903 58.89531 203.8504 457.3197 692.2692 532.1608 462.114 239.6654 87.68787 41.99026
-9999 -9999 -9999 -9999 -9999 -9999 -9999 -9999 -9999 -9999 -9999 -9999 -9999 -9999 -9999 -9999 -9999 -9999 -9999 -9999 -9999 -9999 -9999 -9999 -9999 -9999 -9999 -9999 -9999 -9999 -9999 -9999 -9999 -9999 -9999 -9999 -9999 139.5648 139.5648 109.9535 86.20521 48.49068 39.67137 45.57941 71.08266 115.1374 42.6586 43.66804 100.6137 84.22959 60.21696 45.17062 56.50612 92.78819 108.0462 57.17138 64.03682 56.13799 35.84555 47.38276 113.1062 280.5638 425.992 138.1962 137.3665 128.032 67.39935 43.44784
-9999 -9999 -9999 -9999 -9999 -9999 -9999 -9999 -9999 -9999 -9999 -9999 -9999 -9999 -9999 -9999 -9999 -9999 -9999 -9999 -9999 -9999 -9999 -9999 -9999 -9999 -9999 -9999 -9999 -9999 -9999 -9999 -9999 -9999 -9999 -9999 -9999 -9999 -9999 89.86662 67.16876 51.13342 44.07835 34.47302 70.53008 86.15594 44.96589 39.77687 63.73923 61.01723 46.0136 32.51387 38.00578 51.32183 67.15598 48.81143 47.95752 32.60228 43.93687 63.29595 69.13297 82.02522 74.63551 78.41283 111.3788 108.3514 85.33275 39.70757
-9999 -9999 -9999 -9999 -9999 -9999 -9999 -9999 -9999 -9999 -9999 -9999 -9999 -9999 -9999 -9999 -9999 -9999 -9999 -9999 -9999 -9999 -9999 -9999 -9999 -9999 -9999 -9999 -9999 -9999 -9999 -9999 -9999 -9999 -9999 -9999 -9999 -9999 -9999 49.69809 39.82672 40.75689 58.99762 53.55206 31.61252 41.05567 19.41106 26.2049 30.75566 46.021 59.96531 33.21262 31.91002 40.60695 42.28327 43.75832 33.09731 21.77272 28.16438 61.46352 68.02563 55.7286 36.44347 47.15217 84.99306 86.61644 83.1894 40.09958
-9999 -9999 -9999 -9999 -9999 -9999 -9999 -9999 -9999 -9999 -9999 -9999 -9999 -9999 -9999 -9999 -9999 -9999 -9999 -9999 -9999 -9999 -9999 -9999 -9999 -9999 -9999 -9999 -9999 -9999 -9999 -9999 -9999 -9999 -9999 -9999 -9999 -9999 -9999 49.69809 48.93129 40.47466 45.42268 40.75497 30.55714 17.70325 19.72733 22.53042 41.13313 74.13128 89.39729 51.33213 25.3741 41.17073 56.20306 56.00778 25.28777 21.35836 30.04834 44.4774 62.42313 65.37484 40.67424 42.50698 48.11508 41.77429 37.00531 47.16343
-9999 -9999 -9999 -9999 -9999 -9999 -9999 -9999 -9999 -9999 -9999 -9999 -9999 -9999 -9999 -9999 -9999 -9999 -9999 -9999 -9999 -9999 -9999 -9999 -9999 -9999 -9999 -9999 -9999 -9999 -9999 -9999 -9999 -9999 -9999 -9999 -9999 21.39598 48.58961 56.97911 43.5204 39.18917 43.31811 33.56389 39.23031 23.46475 24.26671 41.05224 76.66055 69.8161 36.63383 21.30796 30.9555 33.01208 40.95638 46.03253 33.52848 25.26856 30.58121 51.16066 46.87271 39.43227 24.38335 25.79017 27.48413 29.84431 28.05655 36.52077
-9999 -9999 -9999 -9999 -9999 -9999 -9999 -9999 -9999 -9999 -9999 -9999 -9999 -9999 -9999 -9999 -9999 -9999 -9999 -9999 -9999 -9999 -9999 -9999 -9999 -9999 -9999 -9999 -9999 -9999 -9999 -9999 -9999 -9999 187.7231 187.7231 187.7231 179.7491 91.51639 40.99196 63.69453 78.64363 118.0238 48.88754 38.29698 27.60727 31.57458 45.37755 71.37638 41.84776 23.307 11.85165 21.5427 20.54152 17.13424 22.35377 35.25174 37.542 95.88913 63.18837 43.25369 34.56676 28.65152 21.43656 28.77497 33.94361 31.86545 42.3093
-9999 -9999 -9999 -9999 -9999 -9999 -9999 -9999 -9999 -9999 -9999 -9999 -9999 -9999 -9999 -9999 -9999 -9999 -9999 -9999 -9999 -9999 -9999 -9999 -9999 -9999 -9999 -9999 -9999 -9999 -9999 -9999 -9999 -9999 47.80564 74.01511 59.91083 113.5557 87.74673 17.4807 23.42358 52.47884 74.07603 38.23157 29.7838 38.75444 28.12165 35.03373 29.15853 17.33 21.41126 28.3524 26.67542 21.62567 19.09373 21.23743 42.91925 95.6712 323.666 270.8913 72.5781 31.45033 40.56286 36.49113 25.46851 23.81295 19.32611 45.25311
-9999 -9999 -9999 -9999 -9999 -9999 -9999 -9999 -9999 -9999 -9999 -9999 -9999 -9999 -9999 -9999 -9999 -9999 -9999 -9999 -9999 -9999 -9999 -9999 -9999 -9999 -9999 -9999 -9999 -9999 -9999 -9999 -9999 -9999 -9999 17.70437 34.88905 59.79657 84.52839 30.90501 27.20301 36.16838 33.91993 29.30918 35.22106 51.4648 57.49737 83.42339 32.89022 24.48969 30.59828 41.32978 36.34064 31.60032 41.93705 36.54119 38.21318 90.65076 300.6365 319.1031 257.3924 53.75215 27.43896 22.31226 23.43032 8.658941 8.378268 24.78037
-9999 -9999 -9999 -9999 -9999 -9999 -9999 -9999 -9999 -9999 -9999 -9999 -9999 -9999 -9999 -9999 -9999 -9999 -9999 -9999 -9999 -9999 -9999 -9999 -9999 -9999 -9999 -9999 -9999 -9999 -9999 -9999 -9999 -9999 43.58877 30.79403 92.73734 264.3289 354.8758 320.5532 223.2619 69.18557 29.82305 31.0376 39.99042 186.4356 196.4601 188.2431 80.06944 49.0681 43.9667 111.6655 119.3156 39.80114 42.95408 40.67725 39.12629 28.55965 66.01767 61.49911 199.8658 127.8576 28.38398 23.587 22.5661 28.27524 27.69928 32.02142
-9999 -9999 -9999 -9999 -9999 -9999 -9999 -9999 -9999 -9999 -9999 -9999 -9999 -9999 -9999 -9999 -9999 -9999 -9999 -9999 -9999 -9999 -9999 -9999 -9999 -9999 -9999 -9999 -9999 -9999 -9999 -9999 -9999 -9999 32.03061 32.17783 72.92171 424.8738 744.0611 744.0611 369.6427 94.11009 79.10619 40.34019 35.73438 88.53338 127.4114 118.9949 38.75839 28.31059 68.20876 197.1236 189.2049 36.15604 35.34585 27.00336 29.15944 25.84903 21.97642 19.49015 19.7643 19.04732 15.00546 10.19657 14.9989 41.53743 26.11795 68.94436
-9999 -9999 -9999 -9999 -9999 -9999 -9999 -9999 -9999 -9999 -9999 -9999 -9999 -9999 -9999 -9999 -9999 -9999 -9999 -9999 -9999 -9999 -9999 -9999 -9999 -9999 -9999 -9999 -9999 -9999 -9999 -9999 -9999 -9999 31.36349 28.90644 41.42756 178.3765 741.4775 622.3462 284.4276 71.703 61.10896 43.86612 38.81966 44.97194 36.49084 28.07701 38.50674 27.77891 28.73116 80.90923 60.74057 27.77776 25.09438 22.3669 27.73297 26.33309 27.80633 31.13679 34.85223 37.6104 32.12093 29.3575 24.09802 31.156 37.535 33.65431
-9999 -9999 -9999 -9999 -9999 -9999 -9999 -9999 -9999 -9999 -9999 -9999 -9999 -9999 -9999 -9999 -9999 -9999 -9999 -9999 -9999 -9999 -9999 -9999 -9999 -9999 -9999 -9999 -9999 -9999 -9999 -9999 -9999 -9999 23.35895 23.35895 38.20844 46.61182 146.5128 66.2778 55.48093 45.23775 46.97583 44.57416 40.06074 29.41091 19.12917 19.28539 23.97166 24.62559 28.93714 65.79501 30.98991 23.96958 37.56123 27.49244 33.1383 30.08294 33.26338 55.5638 98.89123 213.3694 97.63985 50.35603 42.73014 115.3144 87.57796 27.88922
-9999 -9999 -9999 -9999 -9999 -9999 -9999 -9999 -9999 -9999 -9999 -9999 -9999 -9999 -9999 -9999 -9999 -9999 -9999 -9999 -9999 -9999 -9999 -9999 -9999 -9999 -9999 -9999 -9999 -9999 -9999 -9999 -9999 -9999 -9999 30.43081 31.17524 31.7672 40.834 48.19099 33.45432 38.56609 39.69347 46.08525 44.90399 29.01294 31.21584 22.57655 19.379 24.80676 20.13464 87.2983 36.97439 19.13907 25.86146 27.28185 37.73561 50.75705 72.56647 80.89555 283.4459 301.4105 261.5835 65.48532 27.6616 27.14428 30.40428 47.97336
-9999 -9999 -9999 -9999 -9999 -9999 -9999 -9999 -9999 -9999 -9999 -9999 -9999 -9999 -9999 -9999 -9999 -9999 -9999 -9999 -9999 -9999 -9999 -9999 -9999 -9999 -9999 -9999 -9999 -9999 -9999 -9999 -9999 -9999 11.93964 22.93723 24.66104 18.99598 73.5313 32.06612 26.66751 38.59528 67.80181 69.01237 28.23951 28.5593 27.84195 19.03614 18.19625 15.09654 14.21368 22.60559 24.77864 20.7633 29.3945 24.36245 35.01809 48.34647 48.59876 32.68431 137.5947 301.4105 210.4116 50.43892 57.76946 49.43433 25.8959 43.0746
-9999 -9999 -9999 -9999 -9999 -9999 -9999 -9999 -9999 -9999 -9999 -9999 -9999 -9999 -9999 -9999 -9999 -9999 -9999 -9999 -9999 -9999 -9999 -9999 -9999 -9999 -9999 -9999 -9999 -9999 117.4558 117.4558 24.69747 4.222243 18.41852 15.14269 35.10931 193.5076 210.907 135.2501 55.89082 40.51094 73.00264 65.52462 29.03022 28.38614 23.46584 17.71034 28.28524 34.99573 37.58115 25.06409 45.6766 36.32526 57.03033 52.98352 38.89847 25.52749 26.96429 28.85663 59.2692 134.786 55.90517 18.47632 21.54087 21.55158 23.59872 25.3724
-9999 -9999 -9999 -9999 -9999 -9999 -9999 -9999 -9999 -9999 -9999 -9999 -9999 -9999 -9999 -9999 -9999 -9999 -9999 -9999 -9999 -9999 -9999 -9999 -9999 -9999 -9999 -9999 -9999 117.4558 117.4558 115.7677 35.41094 31.76077 32.08005 50.7501 51.98278 104.6905 73.22938 51.92958 19.67446 28.32331 28.63302 33.34787 38.99129 31.89124 16.16812 25.24062 48.53764 63.59043 57.30428 48.15463 31.49158 50.61242 94.29416 82.82261 69.36768 31.06021 28.64492 11.91355 11.47222 23.36383 22.72527 15.90974 20.33107 15.10911 17.59384 30.80274
-9999 -9999 -9999 -9999 -9999 -9999 -9999 -9999 -9999 -9999 -9999 -9999 -9999 -9999 -9999 -9999 -9999 -9999 -9999 -9999 -9999 -9999 -9999 -9999 -9999 -9999 -9999 -9999 36.14327 65.3326 112.6501 114.4223 60.90016 42.68146 35.53155 27.848 26.56211 22.60175 32.5988 27.25561 23.71819 29.71976 45.01144 45.13862 66.55141 45.65532 43.71129 52.26299 63.22452 84.9804 85.41245 52.36115 32.95094 37.29966 85.14406 86.61471 85.88207 124.5851 87.40816 41.0924 23.96571 38.60476 24.50128 13.57468 19.47589 15.86355 21.24918 32.32832
-9999 -9999 -9999 -9999 -9999 -9999 -9999 -9999 -9999 -9999 -9999 -9999 -9999 -9999 -9999 -9999 -9999 -9999 -9999 -9999 -9999 -9999 -9999 -9999 -9999 -9999 -9999 25.30195 28.17028 26.90661 25.54261 74.1428 57.16602 29.06058 25.2219 26.70006 21.33205 20.18407 31.07788 31.29192 31.5652 52.69851 129.8009 299.9418 236.8683 79.76681 45.16132 31.08443 45.04376 82.24406 56.68396 36.00117 24.23333 24.48555 28.619 32.10716 35.25666 125.4877 234.697 206.8183 144.3998 26.44416 22.45731 29.27451 45.35842 30.28664 35.32311 47.01235
-9999 -9999 -9999 -9999 -9999 -9999 -9999 -9999 -9999 -9999 -9999 -9999 -9999 -9999 -9999 -9999 -9999 -9999 -9999 -9999 -9999 -9999 -9999 -9999 -9999 -9999 25.30195 25.30195 24.49164 19.56495 8.1369 7.771461 10.86699 30.46811 26.33928 24.26967 26.57833 44.44801 51.48101 37.27297 35.41113 35.97006 248.5151 544.7139 544.7139 270.0918 43.06709 30.07959 14.55382 25.27555 44.84184 40.85736 34.37849 31.21668 30.69191 27.88547 59.57284 76.98428 158.5636 78.29757 57.87518 24.6725 43.37541 63.1501 54.07455 56.06922 -9999 -9999
-9999 -9999 -9999 -9999 -9999 -9999 -9999 -9999 -9999 -9999 -9999 -9999 -9999 -9999 -9999 -9999 -9999 -9999 -9999 -9999 -9999 -9999 -9999 -9999 -9999 -9999 -9999 -9999 -9999 -9999 -9999 15.67037 19.867 24.42073 22.13004 18.90278 12.79177 45.43323 44.49688 19.12596 28.52784 37.85079 93.27363 493.9301 544.7139 340.4077 52.15366 36.21283 32.52164 27.4825 49.94569 50.33163 230.0075 165.9436 179.7944 76.36633 43.26958 61.31929 45.08784 110.9926 119.682 66.62827 109.611 197.3337 -9999 118.4879 107.8733 77.80004
-9999 -9999 -9999 -9999 -9999 -9999 -9999 -9999 -9999 -9999 -9999 -9999 -9999 -9999 -9999 -9999 -9999 -9999 -9999 -9999 -9999 -9999 -9999 -9999 -9999 -9999 -9999 -9999 -9999 -9999 -9999 15.92348 15.04034 11.28602 6.208811 7.254017 7.011944 16.97198 10.09198 21.80315 37.88775 31.21768 93.29659 200.5748 137.1055 47.80469 68.56291 26.29607 32.57533 41.11869 50.16736 46.12767 209.3074 268.8858 239.6588 183.1731 36.73933 60.41421 53.75601 137.1276 138.1252 186.5632 120.2567 205.6821 188.7728 123.6463 109.2546 37.6074
-9999 -9999 -9999 -9999 -9999 -9999 -9999 -9999 -9999 -9999 -9999 -9999 -9999 -9999 -9999 -9999 -9999 -9999 -9999 -9999 -9999 -9999 -9999 -9999 -9999 -9999 -9999 -9999 -9999 -9999 -9999 16.23934 11.61505 13.79947 10.56328 16.44069 31.46579 23.60696 15.13624 14.32713 29.18284 34.67156 26.03676 63.45407 52.25209 20.91289 27.97066 51.59341 56.03173 57.81076 62.02509 47.52771 95.01648 283.7101 276.2051 77.38026 80.20303 -9999 63.7928 63.7928 143.2534 173.1981 88.84578 51.63031 195.8819 58.18329 32.74482 21.313
-9999 -9999 -9999 -9999 -9999 -9999 -9999 -9999 -9999 -9999 -9999 -9999 -9999 -9999 -9999 -9999 -9999 -9999 -9999 -9999 -9999 -9999 -9999 -9999 -9999 -9999 -9999 -9999 -9999 -9999 -9999 -9999 14.50957 14.50957 8.762241 17.54727 33.57367 40.02544 76.4876 18.07156 19.90072 28.07067 27.94042 36.04673 39.08886 34.02691 25.78995 34.1011 45.01847 26.53383 29.82321 32.5284 39.79902 200.2073 82.34834 75.58989 78.98335 78.87416 64.65708 63.30747 20.54071 33.34935 75.61291 71.69566 29.42106 17.07828 18.59624 28.8372
-9999 -9999 -9999 -9999 -9999 -9999 -9999 -9999 -9999 -9999 -9999 -9999 -9999 -9999 -9999 -9999 -9999 -9999 -9999 -9999 -9999 -9999 -9999 -9999 -9999 -9999 -9999 -9999 -9999 -9999 -9999 -9999 -9999 11.64057 12.32193 18.97863 65.07994 100.5862 87.60253 23.24773 22.964 39.10094 36.33096 36.27229 44.29439 29.4425 25.84719 38.62049 30.45259 23.92646 32.21654 29.13398 22.14275 17.87729 28.57607 47.96828 47.87901 44.73904 38.88888 32.72075 19.77117 21.71785 40.75779 56.87105 20.14601 18.6085 27.65918 20.81867
-9999 -9999 -9999 -9999 -9999 -9999 -9999 -9999 -9999 -9999 -9999 -9999 -9999 -9999 -9999 -9999 -9999 -9999 -9999 -9999 -9999 -9999 -9999 -9999 -9999 -9999 -9999 -9999 -9999 -9999 -9999 -9999 -9999 13.99986 20.63651 36.14294 51.12793 95.75806 49.16038 55.03997 32.55541 5.414549 13.82131 32.44148 30.04736 31.00599 34.57484 41.83757 35.76334 19.16816 32.73934 34.88944 21.67392 21.98221 25.00828 32.78479 78.17729 95.27657 103.9714 43.89071 22.9661 21.29386 64.23225 46.69221 31.83452 28.34691 17.91899 18.35763
-9999 -9999 -9999 -9999 -9999 -9999 -9999 -9999 -9999 -9999 -9999 -9999 -9999 -9999 -9999 -9999 -9999 -9999 -9999 -9999 -9999 -9999 -9999 -9999 -9999 -9999 -9999 -9999 -9999 -9999 -9999 -9999 -9999 -9999 -9999 35.7935 18.65469 78.83733 31.97646 33.87666 27.32952 11.02125 17.23497 27.37411 12.46314 32.27672 33.34996 41.54625 41.45631 17.90853 33.56349 62.12592 37.41434 26.38335 18.13557 23.87239 80.02187 107.8284 110.5374 72.82349 22.49807 21.17696 32.42459 28.57447 28.6776 25.37292 23.02177 39.51146
-9999 -9999 -9999 -9999 -9999 -9999 -9999 -9999 -9999 -9999 -9999 -9999 -9999 -9999 -9999 -9999 -9999 -9999 -9999 -9999 -9999 -9999 -9999 -9999 -9999 -9999 -9999 -9999 -9999 -9999 -9999 -9999 -9999 -9999 -9999 -9999 32.30319 31.8765 22.47275 20.05291 21.55969 46.7482 55.83393 14.18245 13.13269 27.84735 33.07715 157.0735 239.8262 28.78238 37.36572 50.29297 50.50879 33.34047 23.43337 21.52193 17.56672 38.25692 69.48402 76.74141 4.573073 21.86087 20.33476 29.34196 35.92126 31.01762 23.50142 46.67691
