GISdata/Popn density Portugal 2015.asc
ncols        106
nrows        149
xllcorner    -10.083333333315
yllcorner    36.625000000004
cellsize     0.041666666667
NODATA_value  -9999
[rows 72 to 95 of 149, columns 0 to 53 of 106]
-9999 -9999 -9999 -9999 -9999 -9999 -9999 -9999 -9999 -9999 -9999 -9999 -9999 -9999 -9999 -9999 -9999 -9999 -9999 -9999 -9999 -9999 -9999 -9999 -9999 203.70089721679687 198.91940307617187 177.19110107421875 220.54730224609375 195.56849670410156 166.53880310058594 207.49270629882812 116.76860046386719 97.964813232421875 92.492767333984375 69.978202819824219 62.506549835205078 40.783748626708984 62.85260009765625 26.492240905761719 49.834011077880859 39.149299621582031 32.497978210449219 34.115058898925781 34.262401580810547 32.976539611816406 67.608848571777344 62.048938751220703 61.590419769287109 24.876399993896484 12.124919891357422 10.935110092163086 15.705889701843262 14.40371036529541
-9999 -9999 -9999 -9999 -9999 -9999 -9999 -9999 -9999 -9999 -9999 -9999 -9999 -9999 -9999 -9999 -9999 -9999 -9999 -9999 -9999 -9999 -9999 -9999 -9999 203.70089721679687 203.70089721679687 203.70089721679687 205.53509521484375 193.44970703125 1411.8900146484375 752.44091796875 194.70530700683594 129.39549255371094 60.891448974609375 53.258308410644531 35.772708892822266 31.063980102539063 67.678352355957031 24.682029724121094 37.253799438476563 38.870510101318359 44.278888702392578 31.501670837402344 27.069900512695313 19.212459564208984 19.060880661010742 20.114059448242188 24.372400283813477 17.932609558105469 21.033939361572266 25.428960800170898 22.643150329589844 14.927920341491699
-9999 -9999 -9999 -9999 -9999 -9999 -9999 -9999 -9999 -9999 -9999 -9999 -9999 -9999 -9999 -9999 -9999 -9999 -9999 -9999 -9999 -9999 -9999 -9999 66.08392333984375 135.72599792480469 182.80360412597656 199.82389831542969 192.63499450683594 261.314697265625 979.9595947265625 456.05218505859375 206.62489318847656 139.58689880371094 80.548103332519531 65.212806701660156 63.127559661865234 101.55220031738281 102.37830352783203 27.109189987182617 25.644010543823242 31.620170593261719 38.624771118164062 40.961139678955078 21.206110000610352 13.091859817504883 13.2529296875 9.5241804122924805 7.9991869926452637 13.165470123291016 15.744440078735352 24.842269897460937 25.075149536132813 22.869380950927734
-9999 -9999 -9999 -9999 -9999 -9999 -9999 -9999 -9999 -9999 -9999 -9999 -9999 -9999 -9999 -9999 -9999 -9999 -9999 -9999 -9999 -9999 -9999 -9999 66.08392333984375 66.083930969238281 78.792648315429688 152.99099731445312 182.55230712890625 203.00379943847656 308.10348510742188 141.15269470214844 131.95689392089844 104.48739624023437 116.57949829101562 235.71359252929687 229.44639587402344 78.260856628417969 36.230968475341797 27.618539810180664 39.591930389404297 54.839279174804688 40.796939849853516 54.188251495361328 33.559310913085938 13.80840015411377 13.678859710693359 13.818429946899414 12.096830368041992 11.305700302124023 11.362299919128418 23.843120574951172 25.391700744628906 19.157150268554687
-9999 -9999 -9999 -9999 -9999 -9999 -9999 -9999 -9999 -9999 -9999 -9999 -9999 -9999 -9999 -9999 -9999 -9999 -9999 -9999 -9999 -9999 -9999 -9999 134.68780517578125 143.58219909667969 108.41220092773437 63.678131103515625 159.60470581054687 242.17939758300781 242.92100524902344 81.595657348632812 90.470573425292969 144.7156982421875 141.41520690917969 148.289794921875 203.66380310058594 74.266632080078125 34.430438995361328 47.483180999755859 70.083778381347656 63.582981109619141 34.716590881347656 39.378261566162109 22.58336067199707 14.497159957885742 13.903499603271484 13.843429565429688 11.630049705505371 10.642009735107422 10.698030471801758 11.152729988098145 14.743300437927246 8.562932014465332
-9999 -9999 -9999 -9999 -9999 -9999 -9999 -9999 -9999 -9999 -9999 -9999 -9999 -9999 -9999 -9999 -9999 -9999 -9999 -9999 -9999 -9999 -9999 -9999 220.80419921875 167.97200012207031 119.48860168457031 101.49320220947266 122.88459777832031 190.50210571289062 182.72889709472656 76.211746215820312 84.661849975585938 150.47410583496094 201.50959777832031 165.88519287109375 98.959609985351563 77.478790283203125 64.804679870605469 181.92520141601562 540.60137939453125 237.11900329589844 37.468170166015625 30.157890319824219 14.620579719543457 27.652610778808594 12.750579833984375 18.297840118408203 15.842840194702148 21.518960952758789 25.462940216064453 13.954409599304199 8.8704891204833984 7.9239001274108887
-9999 -9999 -9999 -9999 -9999 -9999 -9999 -9999 -9999 -9999 -9999 -9999 -9999 -9999 -9999 -9999 -9999 -9999 -9999 -9999 -9999 -9999 -9999 112.52179718017578 121.26799774169922 125.04550170898437 351.78961181640625 119.37740325927734 97.087837219238281 79.262008666992188 63.775428771972656 44.447330474853516 126.66459655761719 137.30349731445312 194.12249755859375 131.6300048828125 40.814701080322266 65.822479248046875 87.75933837890625 114.90540313720703 180.21139526367188 68.448623657226563 48.857440948486328 16.406509399414063 66.60137939453125 93.954978942871094 39.507911682128906 22.645259857177734 16.580890655517578 22.293010711669922 24.752420425415039 8.5530843734741211 8.2875690460205078 8.3127555847167969
-9999 -9999 -9999 -9999 -9999 -9999 -9999 -9999 -9999 -9999 -9999 -9999 -9999 -9999 -9999 -9999 -9999 -9999 -9999 -9999 -9999 -9999 216.96530151367187 184.19400024414062 117.09760284423828 118.70420074462891 120.73239898681641 117.0260009765625 83.493766784667969 36.127040863037109 27.19927978515625 21.323759078979492 77.404678344726563 123.94789886474609 72.375862121582031 42.356658935546875 176.70100402832031 166.82859802246094 68.926963806152344 96.195106506347656 93.342262268066406 69.570930480957031 33.493480682373047 16.551050186157227 184.24040222167969 192.88519287109375 51.501041412353516 42.364940643310547 25.14579963684082 19.734519958496094 15.420519828796387 7.5560879707336426 7.6505417823791504 6.8583641052246094
-9999 -9999 -9999 -9999 -9999 -9999 -9999 -9999 -9999 -9999 -9999 -9999 -9999 -9999 -9999 -9999 -9999 -9999 -9999 -9999 -9999 46.058528900146484 122.89649963378906 114.61620330810547 120.23919677734375 127.70040130615234 102.69029998779297 103.55039978027344 58.915340423583984 44.831779479980469 37.955810546875 32.418659210205078 39.591400146484375 93.322921752929688 170.28199768066406 93.543800354003906 256.58120727539063 206.60279846191406 890.73907470703125 165.08329772949219 142.26350402832031 75.214706420898437 62.165569305419922 73.10003662109375 197.75030517578125 190.62989807128906 75.627792358398438 37.93267822265625 28.703079223632812 23.326440811157227 18.318119049072266 17.982109069824219 9.7323465347290039 2.3797879219055176
-9999 -9999 -9999 -9999 -9999 -9999 -9999 -9999 -9999 -9999 -9999 -9999 -9999 -9999 -9999 -9999 -9999 -9999 -9999 -9999 136.03419494628906 145.11869812011719 393.87289428710937 143.01739501953125 84.059341430664062 149.710693359375 213.06629943847656 158.99980163574219 52.935958862304688 40.58197021484375 40.58197021484375 48.3001708984375 130.68629455566406 129.65829467773437 72.0484619140625 66.185752868652344 74.607276916503906 235.80020141601562 578.6038818359375 56.729000091552734 26.257190704345703 19.812860488891602 20.976329803466797 83.234916687011719 103.9364013671875 151.65570068359375 74.585838317871094 30.326969146728516 18.609209060668945 18.11322021484375 20.757909774780273 22.003990173339844 17.434219360351562 5.8237757682800293
-9999 -9999 -9999 -9999 -9999 -9999 -9999 -9999 -9999 -9999 -9999 -9999 -9999 -9999 -9999 -9999 -9999 -9999 230.75869750976563 52.423049926757813 29.20768928527832 291.89340209960937 879.5496826171875 519.58319091796875 67.300987243652344 82.064483642578125 195.79330444335937 138.40629577636719 52.543201446533203 46.025760650634766 40.58197021484375 47.236030578613281 62.907699584960937 73.002227783203125 51.085071563720703 26.693460464477539 37.983009338378906 78.593498229980469 77.573936462402344 32.149700164794922 20.805789947509766 19.163339614868164 20.133890151977539 25.550609588623047 41.360191345214844 40.612499237060547 19.889070510864258 9.1428985595703125 8.9075613021850586 11.737799644470215 17.999160766601563 12.889220237731934 10.9923095703125 6.8808250427246094
-9999 -9999 -9999 -9999 -9999 -9999 -9999 -9999 -9999 -9999 -9999 -9999 -9999 -9999 -9999 -9999 2374.947021484375 553.3167724609375 195.62669372558594 103.31620025634766 43.006809234619141 61.038021087646484 110.95249938964844 88.796440124511719 51.79180908203125 50.589378356933594 122.16159820556641 126.78189849853516 79.529403686523438 46.113441467285156 48.558219909667969 57.375171661376953 51.948509216308594 42.596839904785156 32.654121398925781 32.668140411376953 36.818241119384766 46.639629364013672 77.323196411132813 51.812858581542969 19.096059799194336 10.481439590454102 15.663260459899902 18.823810577392578 11.394900321960449 11.688179969787598 8.3609228134155273 12.534059524536133 19.414150238037109 20.923360824584961 25.016590118408203 23.646499633789063 12.525389671325684 5.8600759506225586
-9999 -9999 -9999 -9999 -9999 -9999 -9999 -9999 -9999 -9999 -9999 -9999 -9999 -9999 -9999 -9999 -9999 150.91470336914062 173.01910400390625 105.22830200195312 85.164741516113281 102.02629852294922 89.618637084960938 71.114990234375 98.558937072753906 85.557876586914063 111.03959655761719 98.095046997070312 116.44100189208984 50.766178131103516 43.595180511474609 43.527748107910156 61.502849578857422 58.326370239257813 59.428230285644531 44.691020965576172 35.848468780517578 34.749801635742187 31.551679611206055 9.8096113204956055 9.5939464569091797 9.0383777618408203 7.3793611526489258 8.403651237487793 8.1923103332519531 8.194706916809082 8.194706916809082 8.194706916809082 19.348230361938477 29.782289505004883 38.297111511230469 42.893379211425781 40.699649810791016 40.694908142089844
-9999 -9999 -9999 -9999 -9999 -9999 -9999 -9999 -9999 -9999 -9999 -9999 -9999 -9999 -9999 -9999 -9999 204.76089477539062 234.02859497070312 149.59230041503906 73.803886413574219 135.55499267578125 173.7926025390625 109.99919891357422 78.941802978515625 59.451591491699219 40.520248413085937 35.768901824951172 46.192340850830078 57.654228210449219 46.232990264892578 66.966651916503906 94.783767700195313 551.4677734375 62.140850067138672 74.660453796386719 69.727470397949219 11.146690368652344 8.256434440612793 8.4836559295654297 7.5718231201171875 2.3777809143066406 2.0249550342559814 2.0278480052947998 6.1956877708435059 8.189631462097168 16.296340942382812 18.946279525756836 34.620979309082031 42.833881378173828 41.856258392333984 31.376529693603516 15.915679931640625 10.845640182495117
-9999 -9999 -9999 -9999 -9999 -9999 -9999 -9999 -9999 -9999 -9999 -9999 -9999 -9999 -9999 -9999 -9999 235.65049743652344 219.44419860839844 174.88369750976562 76.885139465332031 99.323982238769531 156.85589599609375 126.30819702148437 74.394996643066406 40.932788848876953 73.893997192382813 68.058341979980469 32.262748718261719 36.914859771728516 34.224788665771484 61.702560424804687 444.11929321289062 490.51400756835937 128.92109680175781 88.335136413574219 75.760963439941406 58.223258972167969 9.0258817672729492 7.9494128227233887 5.1907958984375 2.0249550342559814 2.0249550342559814 2.0249550342559814 2.0249550342559814 7.3512530326843262 22.643640518188477 23.387779235839844 23.565080642700195 40.118911743164063 36.052669525146484 9.1598806381225586 8.5122060775756836 5.1167287826538086
-9999 -9999 -9999 -9999 -9999 -9999 -9999 -9999 -9999 -9999 -9999 -9999 -9999 -9999 -9999 -9999 -9999 213.19160461425781 213.3739013671875 150.47500610351562 93.692398071289063 90.623809814453125 49.966911315917969 73.882347106933594 78.874221801757812 60.737548828125 73.645553588867188 71.574363708496094 63.537109375 73.434089660644531 260.34469604492187 143.23370361328125 197.76950073242187 317.45339965820312 157.25709533691406 133.74070739746094 81.164299011230469 85.792549133300781 63.497329711914063 6.4118351936340332 5.9649271965026855 2.1902749538421631 2.035207986831665 2.8150599002838135 5.3214402198791504 7.7085328102111816 9.0198326110839844 11.718299865722656 18.855070114135742 17.2252197265625 13.03402042388916 8.3932638168334961 3.5162019729614258 2.5800750255584717
-9999 -9999 -9999 -9999 -9999 -9999 -9999 -9999 -9999 -9999 -9999 -9999 -9999 -9999 -9999 -9999 266.4927978515625 185.13699340820312 178.89529418945312 191.31340026855469 82.668373107910156 87.019203186035156 70.631813049316406 48.982078552246094 82.815032958984375 77.547416687011719 34.621269226074219 102.44219970703125 163.48219299316406 133.14140319824219 197.97369384765625 317.08221435546875 42.170539855957031 79.900131225585938 120.55339813232422 94.961372375488281 60.177261352539063 80.047286987304688 37.565410614013672 7.2759017944335938 6.1416687965393066 6.0012969970703125 6.3700079917907715 7.9225378036499023 7.5467357635498047 6.8714380264282227 6.8164000511169434 6.8164000511169434 7.4523801803588867 12.368060111999512 12.796420097351074 12.165189743041992 2.5939741134643555 6.3082728385925293
-9999 -9999 -9999 -9999 -9999 -9999 -9999 -9999 -9999 -9999 -9999 -9999 -9999 -9999 -9999 -9999 231.16520690917969 281.36691284179687 310.20120239257812 521.6820068359375 197.35450744628906 78.510780334472656 91.339103698730469 89.634773254394531 148.87530517578125 82.289421081542969 38.700710296630859 50.469131469726562 112.14589691162109 80.544517517089844 91.94110107421875 36.370731353759766 18.606489181518555 26.196239471435547 37.289630889892578 19.351150512695312 10.548680305480957 11.442259788513184 10.291350364685059 9.9773483276367188 6.7036800384521484 6.3460240364074707 7.6357698440551758 7.3479838371276855 6.8164520263671875 6.8164000511169434 6.8164000511169434 6.681190013885498 3.528278112411499 3.5037050247192383 2.948538064956665 8.5352306365966797 9.5788021087646484 11.879929542541504
-9999 -9999 -9999 -9999 -9999 -9999 -9999 -9999 -9999 -9999 -9999 -9999 -9999 -9999 -9999 139.04899597167969 170.59109497070312 174.18690490722656 179.57350158691406 252.76190185546875 292.46829223632812 71.71417236328125 82.137718200683594 76.977340698242188 115.34889984130859 218.54859924316406 154.78489685058594 63.235000610351562 74.26690673828125 89.087486267089844 89.676773071289062 86.217071533203125 101.45760345458984 87.966262817382812 47.260890960693359 37.864849090576172 14.87736988067627 14.318750381469727 14.011050224304199 14.003230094909668 11.394160270690918 6.304074764251709 6.3057308197021484 6.7229371070861816 6.8164010047912598 6.8164010047912598 6.8106298446655273 3.9309821128845215 1.7062749862670898 1.6302510499954224 6.7782120704650879 14.497520446777344 17.339839935302734 16.327280044555664
-9999 -9999 -9999 -9999 -9999 -9999 -9999 -9999 -9999 -9999 -9999 -9999 -9999 -9999 -9999 138.41909790039062 140.63650512695312 139.29690551757812 154.96589660644531 148.84890747070312 86.025077819824219 124.01229858398437 205.33279418945312 123.30100250244141 130.0115966796875 214.88250732421875 663.3795166015625 598.148681640625 83.73394775390625 88.361412048339844 103.50080108642578 142.11070251464844 129.25210571289062 142.54020690917969 64.038482666015625 46.368850708007812 28.078529357910156 27.219419479370117 15.859410285949707 13.94279956817627 13.770130157470703 6.4184041023254395 6.3023629188537598 6.4245471954345703 6.8043432235717773 9.3488788604736328 10.3466796875 4.7237381935119629 5.5455341339111328 0.72642558813095093 2.6629490852355957 5.35443115234375 10.898300170898438 14.210700035095215
-9999 -9999 -9999 -9999 -9999 -9999 -9999 -9999 -9999 -9999 -9999 -9999 -9999 -9999 -9999 232.23660278320312 584.63287353515625 235.41679382324219 149.76420593261719 172.81849670410156 115.04969787597656 172.0718994140625 115.77230072021484 133.41259765625 180.6864013671875 110.82540130615234 303.97900390625 201.29490661621094 97.482223510742187 81.770721435546875 75.695640563964844 88.698143005371094 80.248687744140625 77.488426208496094 37.778179168701172 29.416980743408203 28.147109985351563 27.690479278564453 21.488719940185547 24.725429534912109 8.2627801895141602 6.3023629188537598 6.3023629188537598 6.3023629188537598 10.923049926757813 16.936599731445313 16.865169525146484 10.777279853820801 18.027280807495117 8.327509880065918 0.74535471200942993 4.1441397666931152 7.451265811920166 9.1009531021118164
-9999 -9999 -9999 -9999 -9999 -9999 -9999 -9999 -9999 -9999 -9999 -9999 -9999 -9999 -9999 210.02769470214844 334.222900390625 244.56509399414062 218.70210266113281 384.62069702148437 347.71231079101562 328.90328979492187 130.49749755859375 104.85720062255859 514.792724609375 762.55010986328125 97.68939208984375 97.68939208984375 83.071212768554688 63.810100555419922 75.605873107910156 77.042739868164063 63.442371368408203 28.320730209350586 15.799850463867188 18.642229080200195 21.827190399169922 28.099849700927734 28.099849700927734 28.099849700927734 17.397800445556641 6.3023629188537598 6.3023629188537598 6.9606361389160156 15.907259941101074 17.316490173339844 14.569029808044434 7.1513152122497559 9.6725034713745117 6.490602970123291 3.3418409824371338 4.0656700134277344 6.4157710075378418 9.4933395385742187
-9999 -9999 -9999 -9999 -9999 -9999 -9999 -9999 -9999 -9999 -9999 -9999 -9999 -9999 -9999 210.02769470214844 207.7904052734375 155.76750183105469 134.10279846191406 125.76589965820312 151.2987060546875 218.6387939453125 159.70919799804687 366.05380249023437 1326.97705078125 1336.7320556640625 97.689376831054687 97.023323059082031 59.599880218505859 53.629180908203125 58.428718566894531 42.897518157958984 25.010049819946289 43.727809906005859 16.717130661010742 10.445690155029297 11.876609802246094 28.069469451904297 28.099849700927734 27.001789093017578 13.998869895935059 7.7960262298583984 6.710899829864502 8.1465015411376953 12.96580982208252 9.3501367568969727 8.0448827743530273 4.2595820426940918 4.097869873046875 4.065669059753418 4.0666918754577637 4.3910560607910156 4.7497200965881348 6.0770149230957031
-9999 -9999 -9999 -9999 -9999 -9999 -9999 -9999 -9999 -9999 -9999 -9999 -9999 -9999 245.502197265625 214.02110290527344 205.78410339355469 206.56559753417969 272.1094970703125 178.86149597167969 542.91558837890625 709.15069580078125 340.58700561523437 1169.3349609375 3983.5029296875 348.43289184570312 97.050582885742187 70.305488586425781 53.629180908203125 53.629180908203125 53.629180908203125 48.818439483642578 35.048080444335938 18.594650268554687 9.9738264083862305 9.7367563247680664 12.630470275878906 23.525339126586914 17.665969848632812 11.023539543151855 8.3851118087768555 8.095952033996582 6.794064998626709 6.3022599220275879 6.3023629188537598 5.825462818145752 4.4430179595947266 5.6855912208557129 7.7420430183410645 4.4312548637390137 5.6802020072937012 4.5440502166748047 4.7254958152770996 4.7489018440246582
