GISdata/Popn density Finland 2015.asc
ncols         360
nrows         288
xllcorner     18
yllcorner     59
cellsize      0.0416666666667
NODATA_value  -9999
[rows 192 to 223 of 288, columns 142 to 212 of 360]
9.363034 9.363034 8.713575 7.488034 6.550028 5.701907 3.722611 4.30479 5.34589 3.342373 2.687018 2.565229 2.52804 2.468937 2.477437 2.864522 3.440404 3.528051 3.237373 3.505348 3.61428 3.61428 3.61428 3.61428 3.61428 3.61428 3.61428 2.740464 2.310081 2.310081 2.310081 2.310081 2.310081 2.310081 2.310081 2.310081 2.310081 2.310081 2.895372 3.674401 4.209884 4.210718 4.210718 4.210718 4.210718 4.210718 4.210718 4.210718 4.210719 4.210718 4.210718 4.210718 4.210718 4.210718 4.210718 4.210718 4.14154 3.967057 3.772935 3.772935 3.772935 3.772935 3.769902 3.531949 3.36944 3.334985 3.334985 3.334985 3.334985 3.334985 3.334985
7.802773 7.501134 5.75186 3.441684 3.441684 3.441684 3.441684 3.441684 3.441684 3.441684 3.562357 3.6108 3.589945 3.049013 3.345173 3.61428 3.61428 3.61428 3.61428 3.61428 3.61428 3.61428 3.61428 3.61428 3.61428 3.61428 3.61428 3.437452 2.869971 2.79599 2.477049 2.310081 2.310081 2.310081 2.310081 2.310081 2.310081 2.310081 2.310081 2.310081 2.810067 2.899788 3.149371 4.602445 4.210718 4.210718 4.210718 4.210718 4.210718 4.210718 4.210718 4.134302 3.912619 3.827588 3.819372 3.857372 4.023925 3.825306 3.772935 3.772935 3.772935 3.772935 3.772935 3.772935 3.750353 3.494466 3.334985 3.334985 3.334985 3.334985 3.334985
5.093733 5.064977 3.676915 3.441684 3.441684 3.441684 3.441684 3.441684 3.441684 3.441684 3.441689 3.449335 3.520744 3.61428 3.61428 3.61428 3.61428 3.61428 3.61428 3.61428 3.61428 3.61428 3.61428 3.61428 3.61428 3.61428 3.61428 3.61428 3.61428 3.61428 2.801382 2.310081 2.310081 2.310081 2.310081 2.432341 4.781272 7.004544 7.126929 4.630767 2.859482 8.400761 15.61842 17.95798 16.05959 12.94215 8.578899 9.979217 6.704463 4.210718 4.210718 9.267707 3.772935 3.772935 3.772935 3.772935 3.772935 3.772935 3.772935 3.772935 3.772935 3.772935 3.772935 3.772935 3.772935 3.705103 3.371137 3.334985 3.334985 3.334985 3.334985
5.093733 5.01417 4.38051 4.142931 3.913144 3.601797 3.441684 3.441684 3.441684 3.441684 3.49655 3.567058 3.596664 3.61428 3.61428 3.61428 3.61428 3.61428 3.61428 3.61428 3.61428 3.61428 3.61428 3.61428 3.630902 4.64512 6.229485 6.030532 3.874781 3.61428 3.491783 2.852136 2.511242 2.340988 4.342577 7.397655 8.227019 8.227019 8.227019 7.868427 13.416 18.14129 18.15552 18.15552 18.15552 18.15552 18.15552 18.15552 18.15552 18.15552 18.15552 18.15552 15.85009 10.86241 6.245117 3.772935 3.772935 3.772935 3.772935 3.772935 3.772935 3.772935 3.772935 3.772935 3.779685 3.795023 3.478447 3.420985 3.33636 3.334985 3.334985
5.093733 5.093733 5.093733 4.986455 3.817387 3.496209 3.441684 3.441684 3.441684 3.441684 3.441684 3.491796 3.599783 3.61428 3.61428 3.61428 3.61428 3.61428 3.61428 3.61428 3.61428 3.586589 3.621196 5.353519 7.616332 8.227019 8.227019 8.227019 7.847218 6.460899 4.622218 5.051799 5.545999 6.988813 8.227019 8.227019 8.22702 8.227019 8.227019 8.227019 8.227019 11.95037 17.14106 18.15552 18.15552 18.15552 18.15552 18.15552 18.15552 11.58821 4.270132 4.256826 4.256449 4.256449 4.207767 3.957501 3.772975 3.772935 3.772935 3.772935 3.772935 3.802223 3.950729 3.973869 3.932778 4.08722 4.106745 4.106745 4.047423 3.88282 4.649241
5.159212 5.204989 5.094029 4.129857 3.441684 3.441684 3.441684 3.577166 3.763933 3.441684 3.441684 3.441684 3.472123 3.599897 3.61428 3.61428 3.611648 3.61428 3.61428 3.092739 2.59841 2.259869 2.842693 4.337408 5.728858 8.22702 8.22702 8.22702 8.22702 8.22702 8.22702 8.22702 8.22702 8.22702 8.22702 8.227019 8.227021 8.22702 8.22702 8.22702 8.22702 8.818251 13.84435 18.15552 18.15552 18.15552 18.15552 17.92268 15.78732 11.05599 4.272514 4.269057 4.264446 4.257909 4.256449 4.256449 4.256449 4.256449 3.772935 3.945905 4.233954 4.163865 4.106745 4.106745 4.106745 4.106745 4.106745 4.106745 4.106745 4.106745 4.355342
7.679294 5.697834 5.448887 4.359313 3.800325 3.632784 4.171716 4.106076 4.755061 4.414871 3.957973 3.441684 3.441684 3.477907 3.433481 2.746028 2.216664 2.323278 2.123363 2.067535 2.061363 2.061363 2.06972 2.250311 3.560624 5.701864 8.145498 8.22702 8.22702 8.22702 8.22702 8.22702 8.22702 8.22702 8.227019 8.227021 8.227019 8.22702 13.25709 15.99407 17.36831 18.15187 18.15552 18.15552 18.15552 18.15552 17.01066 5.953409 4.272513 4.272514 4.272514 4.272514 4.272514 4.261808 4.256449 4.256449 4.256449 4.256449 4.256449 4.256449 4.256449 4.256449 4.134654 4.106745 4.106745 4.106745 4.106745 4.106745 4.106745 4.106745 4.106745
8.485116 7.560863 5.640126 5.640126 5.511579 5.054462 5.469128 4.763988 5.579656 5.640126 5.620674 5.365571 4.770275 4.101472 3.778671 2.479063 2.061363 2.061363 2.061363 2.061363 2.061363 2.061363 2.061363 2.061363 2.322957 6.943409 8.22702 8.22702 8.22702 8.22702 8.22702 8.22702 8.22702 8.22702 8.227019 8.22702 8.22702 9.39646 18.15552 18.15552 18.15552 18.15552 18.15552 18.15552 18.15552 18.15552 15.53144 4.364743 4.272514 4.272514 4.272514 4.272514 4.272514 4.269426 4.262921 4.257624 4.256449 4.256449 4.256449 4.256449 4.256449 4.256449 4.256449 4.171341 4.106745 4.106745 4.106745 4.106745 4.106745 4.106745 4.106745
8.485116 6.961402 5.640126 5.640126 5.640126 5.640126 5.640126 5.640126 5.640126 5.640126 5.640126 5.640126 5.640126 5.640126 4.55693 2.863059 2.030882 2.061363 2.061363 2.061363 2.061363 2.061363 3.188325 3.269706 4.17967 8.22702 8.22702 8.22702 8.22702 8.22702 8.22702 8.22702 8.22702 8.22702 8.22702 8.22702 8.22702 12.54143 18.15389 18.15552 18.15552 18.15552 18.15552 18.15552 18.15552 15.02406 10.60633 9.08264 7.445069 4.272514 4.272514 4.272513 4.272514 4.265402 4.257089 4.256449 4.256449 4.256449 4.256449 4.256449 4.256449 4.256449 4.256449 4.251247 4.107224 4.106745 4.106745 4.106745 4.106745 4.106745 4.106745
8.485116 7.035778 5.640126 5.640126 5.640126 5.640126 5.640126 5.640126 5.640126 5.640126 5.640126 5.640126 5.640126 5.640126 5.137633 3.747033 1.998984 2.03247 2.061363 2.061363 2.061363 2.061363 2.057221 2.039164 6.537517 8.22702 8.22702 8.22702 8.22702 8.213333 8.201082 8.22702 8.22702 8.22702 8.22702 8.22702 8.22702 9.721205 16.22964 18.15552 18.15552 18.15552 18.15552 18.15552 18.93152 30.20969 55.86447 59.34319 31.77976 4.272514 4.272948 4.269246 4.263617 4.256756 4.256449 4.256449 4.256449 4.256449 4.256449 4.256449 4.256449 4.256449 4.256449 4.256449 -9999 4.106745 4.106745 4.106745 4.106745 4.136956 4.321777
8.484844 6.806464 5.640126 5.640126 5.640126 5.640126 5.640126 5.640126 5.640126 5.640126 5.640126 5.640126 5.640126 5.640126 5.117338 2.225118 1.995439 1.995633 2.034017 2.061363 2.057776 2.031859 1.998145 1.995439 2.513672 3.472267 3.127046 2.809149 2.491276 2.168589 2.791102 6.671348 8.22702 8.22702 8.22702 8.22702 8.22702 12.03019 16.32869 14.17427 14.47932 17.74584 18.15552 18.28137 35.52269 55.64083 63.67571 65.04855 38.22427 9.226169 15.0142 9.040137 4.256449 4.256449 4.257914 5.385393 4.880711 4.283236 4.256449 4.256449 4.256449 4.256449 4.249549 4.153197 4.106745 4.106745 4.106745 4.106745 4.106745 4.118133 4.609587
6.411863 5.640126 5.640126 5.640126 5.640126 5.640126 5.640126 5.640126 5.640126 5.640126 5.643848 5.643916 5.640126 5.640126 5.518661 2.425046 1.995439 1.995439 1.995783 2.005868 1.996103 1.995439 1.995439 1.995439 1.995439 1.995439 1.995439 1.995439 1.995439 1.995439 4.15222 6.915949 7.081954 7.083732 7.203204 7.504605 7.326814 6.985576 6.971063 6.971063 6.971063 9.160965 14.38765 18.15063 18.13006 18.11269 18.21196 24.47799 31.8104 18.29486 18.03513 17.78428 9.689062 4.2595 4.256449 6.221217 6.473878 6.323951 5.743895 5.027792 5.476295 5.378993 4.23819 4.106745 4.106745 4.106745 4.106745 4.106745 4.106745 4.106745 4.290328
5.640126 5.640126 5.640126 5.640126 5.640126 5.642244 5.914824 5.927649 5.704701 5.690766 6.31193 6.315997 6.052523 6.324158 6.398169 5.514662 1.999361 1.995439 1.995439 1.995439 1.995439 1.995439 1.995439 1.995439 1.995439 1.995439 1.995439 1.995439 1.995439 1.996021 5.228841 6.971062 6.971062 6.971062 6.971062 6.971062 6.971062 6.971062 6.971062 6.971062 7.972096 13.1462 16.23394 18.05562 18.03513 18.03513 18.03513 18.03513 18.03513 18.03513 18.03513 18.03513 18.03513 14.37641 12.97261 14.68419 6.473879 6.473879 6.473879 6.473879 6.473879 6.473879 6.371614 5.583113 4.513509 4.106892 4.212059 4.106745 4.106745 4.101985 4.029992
5.640126 5.640126 5.640126 5.640126 5.731286 6.193242 6.401064 6.401064 6.395897 6.286779 6.401058 6.401064 6.401064 6.401064 6.401064 5.276045 4.236837 3.334772 2.19088 1.995439 1.995439 1.995439 1.995439 1.995439 1.995439 1.995439 1.995439 2.142051 2.838142 5.356579 6.870323 6.954771 6.971062 6.971062 6.971062 6.971062 6.971062 6.971062 6.971062 11.60192 27.58771 21.23707 18.03513 18.03513 18.03513 18.03513 18.03513 18.03513 18.03513 18.03513 18.03513 18.03513 18.03513 18.03513 18.03513 16.39327 6.473879 6.473879 6.473879 6.473879 6.473879 6.473879 6.473879 6.473879 6.455667 6.251496 6.013984 3.983163 4.052732 3.987829 3.907415
5.219849 5.490801 5.662017 5.94679 6.32218 6.401064 6.401064 6.401064 6.401064 6.401064 6.401064 6.401064 6.401064 6.401064 6.401064 6.401064 6.260844 4.060461 2.22295 1.995439 1.995439 1.995439 1.995439 1.995439 1.995439 1.995439 2.034042 4.939818 6.165276 6.165276 6.165276 6.180889 7.499027 22.92851 20.45406 36.58137 32.20434 34.24739 24.86132 58.22533 66.07362 64.60582 50.71817 29.86967 30.63042 26.29067 18.03513 18.03513 18.03513 18.03513 18.03513 18.03513 18.03513 18.03513 18.03513 18.03513 17.16769 6.991758 6.473879 6.473879 6.473879 6.473879 6.473879 6.473879 6.473879 6.473879 5.71396 4.284238 3.907415 3.907415 3.907415
4.495384 4.505689 5.690958 6.401064 6.401064 6.401064 6.401064 6.401064 6.401064 6.401064 6.401064 6.401064 6.401064 6.401064 6.401064 6.401064 6.401064 6.397988 6.324136 4.614765 2.742094 2.584291 3.543679 2.119846 1.995439 1.995439 2.381737 5.485274 6.165276 6.165276 6.165276 6.165276 6.165276 14.24238 7.482037 15.38323 34.94759 54.76032 66.07362 66.07362 66.07362 66.07362 66.07362 66.07362 66.07362 65.61813 26.40519 18.03513 18.03513 18.03513 18.03513 18.03513 18.03513 18.03513 17.76595 11.69794 11.82888 6.473879 6.473879 6.473879 6.473879 6.473879 6.473879 6.473879 6.473879 6.473879 5.841554 5.500198 4.343991 3.907415 3.907415
4.495384 4.495384 5.029395 6.057964 6.401063 6.401063 6.401063 6.401063 6.401063 6.401063 6.401063 6.401063 6.401063 6.401063 6.401063 6.401063 6.401063 6.401063 6.401063 6.34078 6.30336 6.401063 6.250085 5.068903 4.752101 5.21023 5.67644 6.02674 6.165276 6.165276 6.165276 6.165276 6.165276 6.165276 6.165276 6.165276 11.88716 57.99272 66.07362 66.07362 66.07362 66.07362 66.07362 66.07362 66.07362 63.13042 22.31148 18.18718 18.03513 18.03513 18.03513 18.03513 18.03513 18.03513 18.03513 17.6764 12.72121 6.782608 6.473879 6.473879 6.473879 6.473879 6.473879 6.473879 6.392354 5.984353 4.18913 3.907415 3.907415 3.907415 3.907415
4.495384 4.495384 4.495384 4.573125 5.584607 6.205328 6.286935 6.458366 6.483678 6.401064 6.401064 6.401064 6.401064 6.401064 6.401064 6.401064 6.401064 6.401064 6.401063 6.401064 6.401064 6.401064 6.401064 6.401064 6.401064 6.401064 6.389343 6.170445 6.165276 6.165276 6.165276 6.165276 6.165276 6.165276 6.165276 6.791816 56.73822 66.07362 66.07362 66.07362 103.1837 299.2806 396.1721 493.7198 552.299 533.0759 67.65524 57.11357 39.2262 66.07362 52.33852 21.63262 18.03513 18.03513 18.03513 18.03513 18.03513 10.62399 6.473879 6.473879 6.473879 6.473879 6.140908 6.171398 6.434523 4.281749 3.954651 3.912638 3.907415 3.907415 3.907415
4.495384 4.495384 4.495384 4.495384 4.495384 4.653512 5.735687 7.248254 7.21485 6.401064 6.401064 6.401064 6.401064 6.401064 6.401064 6.401064 6.401064 6.401064 6.401064 6.401064 6.401064 6.401064 6.401064 6.401064 6.401064 6.460546 6.396936 6.238679 6.165276 6.165276 6.165276 6.165276 6.165276 6.165276 6.251745 6.284774 12.02027 31.32735 57.65678 55.46593 463.2466 684.5259 684.5259 684.5259 684.5259 466.6861 66.07362 66.07362 66.07362 66.07362 54.3538 22.22453 15.18704 10.14829 12.49263 11.43496 13.78273 10.92531 6.473879 6.446671 5.809733 5.261008 3.999959 4.085943 5.364448 5.211995 3.93972 3.917681 3.907415 3.907415 3.907415
4.495384 4.495384 4.495384 4.742736 5.490148 6.199607 7.579633 7.579633 7.565784 6.917293 6.423037 6.443203 6.636747 7.095389 7.296627 6.795103 6.401064 6.401064 6.401064 6.401064 6.401064 6.401064 6.401064 6.887681 10.48621 12.23295 10.06884 8.140238 6.493154 6.165276 6.165276 6.165276 6.165276 6.183931 6.289213 6.306494 6.306494 23.89142 50.16868 50.93268 322.7185 208.6297 457.7336 584.2295 415.548 66.07362 66.07362 66.07362 66.07362 63.33045 43.39302 15.13987 5.142175 4.493478 4.493478 4.493478 4.46339 4.328875 4.446517 3.967794 3.959544 3.959544 3.959544 3.959544 3.959544 3.959544 3.959465 3.948564 3.927005 3.916148 3.907415
4.748399 4.595662 4.58987 7.375749 7.579633 7.579634 7.579633 7.579633 7.579633 7.579633 7.560742 7.531563 7.409222 7.579633 7.579633 7.561552 7.2648 8.062336 6.401064 6.401064 6.401064 6.401064 7.775567 11.84016 12.53228 12.53228 12.53228 12.53228 12.4105 11.98216 11.63654 11.08418 10.45981 7.099007 6.306494 6.306494 6.306494 6.306494 21.69697 50.89882 50.93268 50.93268 52.9999 239.8841 343.225 56.23057 55.87757 66.07362 51.21787 9.087664 4.493478 4.493478 4.493478 4.493478 4.493478 4.427603 4.051522 3.959544 3.959544 3.959544 3.959544 3.959544 3.959544 3.959544 3.959544 3.959544 3.959544 3.959544 3.959544 3.953883 3.933247
5.139791 5.139791 5.144508 5.163431 6.449441 7.279135 7.045459 7.315519 7.579632 7.579632 7.579632 7.579632 7.579632 7.579632 7.808745 29.09034 51.63608 72.11143 9.981495 6.401064 6.401064 6.470725 11.43065 12.53228 12.53228 12.53228 12.53228 12.53228 12.53228 12.53228 12.53228 12.53228 12.53228 11.3273 6.667036 6.306494 6.306494 13.31381 47.7701 50.93268 50.93268 50.93268 50.93268 154.427 500.8048 4.493478 4.802557 34.97637 50.99462 4.493478 4.493478 4.493478 4.493478 4.493478 4.493478 4.347986 4.00156 3.959544 3.959544 3.959544 3.959544 3.959544 3.959544 3.959544 3.959544 3.959544 3.959544 3.959544 3.959544 3.960254 4.084693
5.139791 5.139791 5.139791 5.139791 5.139791 5.171484 5.139791 5.303188 5.756782 7.541329 7.579633 7.579633 7.579633 7.579633 26.25008 72.87478 74.74841 74.74841 17.69653 6.428911 6.401064 6.919935 10.01174 13.0202 12.53228 12.53228 12.53228 12.53228 12.53228 12.53228 12.62004 13.1357 11.06099 7.397802 6.3192 6.306494 6.306494 6.306494 9.019625 19.59232 20.29942 19.26947 9.897865 6.306494 6.306494 4.493478 4.493478 4.493478 7.81419 4.896851 4.493478 4.493478 4.493478 4.493478 4.493478 4.493478 4.423825 4.075318 3.959544 3.959544 3.959544 3.959544 3.959544 3.959544 3.959544 3.959544 3.959544 3.959544 3.959544 3.960611 4.033806
5.139791 5.139791 5.139791 5.139791 5.139791 5.139791 5.139791 5.139791 5.324109 7.17961 7.579632 7.579633 7.579633 7.579633 8.656124 30.11191 51.37527 73.64935 66.9948 25.10592 14.72721 16.73912 16.90302 16.36143 13.51973 15.6598 15.76085 14.20734 12.9481 12.53228 13.18401 15.69541 16.86917 16.90302 10.03159 6.306494 6.306494 6.306494 6.306494 6.306494 6.306494 6.306494 6.306494 6.306494 6.306494 6.306494 6.306494 5.945299 4.468724 2.708406 2.128939 2.489061 4.071843 2.990729 1.952934 1.976554 1.815607 1.841277 2.896836 3.948336 3.959544 3.959544 3.959544 3.959544 3.959544 3.959544 3.959544 3.959544 3.959544 3.959544 3.959544
5.139791 5.139791 5.139791 5.139791 5.139791 5.139791 5.139791 5.139791 5.139791 5.461928 7.504035 7.579633 7.579633 7.579633 7.579633 7.579633 10.42974 19.47745 16.95802 16.90302 16.90302 16.90302 16.90302 16.90302 16.90302 16.90302 16.90302 16.90302 16.77107 13.48579 12.53228 13.5171 16.87785 16.43322 7.871857 6.306494 6.306494 6.306494 6.306494 6.306494 6.306494 6.306494 6.306494 6.306494 6.306494 6.306494 6.306494 6.306494 6.306292 3.021157 1.721597 1.721597 1.763699 1.721597 1.721597 1.721597 1.721597 1.721597 1.748823 2.894754 3.959544 3.959544 3.959544 3.959544 3.959544 3.959544 3.959544 3.959544 3.959544 3.959544 3.959544
5.139791 5.139791 5.139791 5.139791 5.139791 5.139791 5.139791 5.139791 5.139791 5.139791 5.299376 6.363661 7.566442 7.35471 8.066004 14.50146 16.70831 16.90302 16.90302 16.90302 16.90302 16.90302 16.90302 16.90302 16.90302 16.90302 16.90302 16.90302 15.81679 12.83867 12.74312 15.33063 16.90302 16.90302 15.0134 11.26711 7.437061 6.306494 6.306494 6.306494 6.306494 6.306494 6.306493 6.306494 6.306494 6.306494 6.306494 6.127076 3.815243 1.851242 1.721597 1.721597 1.721597 1.721597 1.721597 1.721597 2.727939 4.0934 3.901569 3.959544 3.959544 3.959544 3.959544 3.959544 3.959544 3.959544 3.959544 3.959544 3.959544 3.959544 3.959544
5.139791 5.139791 5.139791 5.139791 5.139791 5.139791 5.139791 5.139791 5.139791 5.139791 5.139791 5.373777 6.072365 6.286784 6.865751 9.115206 13.22284 16.59867 16.90302 16.90302 16.90302 16.90302 16.90302 16.90302 16.90302 16.90302 16.90302 16.90302 16.90302 15.03737 15.26196 16.90302 16.90302 16.90302 16.90302 16.90302 16.90302 15.68402 8.397656 -9999 6.306494 6.306494 6.306494 6.306494 6.068269 4.776032 4.463534 2.383487 1.721597 1.721597 1.721597 1.721597 1.721597 1.721597 1.721597 2.706632 5.447206 5.48793 4.415416 3.971839 3.959544 3.959544 3.959544 3.959544 3.959544 3.959544 3.959544 3.959544 3.959544 3.959544 204.9234
5.139791 5.139791 5.139791 5.139791 5.139791 5.139791 5.139791 5.142039 5.433918 5.733078 6.020998 6.039506 6.286784 6.286784 6.286784 6.286784 6.258312 5.65356 12.41897 16.90302 16.90302 16.90302 16.90302 16.90302 16.90302 16.90302 16.90302 16.90302 16.90302 16.90302 16.90302 16.90302 16.90302 16.90302 16.90302 16.90302 16.90302 16.90302 16.90302 -9999 5.295747 4.075538 4.185174 4.597244 3.25201 2.445571 2.445571 2.781894 3.78748 3.324025 2.859426 2.515138 2.157168 1.735076 2.27918 5.241313 5.519154 5.519154 5.519155 3.982054 3.914347 3.899519 3.845574 3.945074 3.799853 3.955957 3.959544 3.959544 3.959544 22.52464 410.9937
124.9959 25.41305 5.139791 13.05732 9.398588 9.192253 9.736696 9.929145 8.258359 7.721532 6.286784 6.286784 6.286784 6.286784 6.286784 6.286784 5.670303 2.814857 2.855909 7.904187 8.351097 6.52133 8.477364 7.005416 10.97203 16.8736 16.90302 16.90302 16.90302 16.90302 16.90302 16.90302 16.90302 16.90302 16.90302 16.90302 16.90302 16.90302 16.90302 16.90302 2.445571 2.445571 2.445571 2.445571 2.445571 2.445571 3.210216 5.296328 5.519154 5.519154 5.519154 5.519154 5.519154 5.358371 5.480079 5.519154 5.519154 5.519154 5.489733 4.261693 3.78375 3.713657 3.713657 3.713657 3.713657 3.884918 3.713657 3.713657 3.713657 4.588305 370.5284
353.3334 346.6479 330.0137 352.4045 107.7111 11.57775 11.57775 11.57775 11.57775 11.55853 9.386792 6.557096 6.286784 6.286784 6.286784 6.030754 3.179537 2.812161 2.812161 2.812161 2.812161 2.812161 2.812161 2.812161 2.805487 4.234699 8.168688 12.2335 16.04837 16.90302 16.90302 16.90302 16.90302 16.90302 16.90302 16.90302 13.199 7.501342 2.445571 2.445571 2.445571 2.445571 2.445571 2.445571 2.445571 2.605934 4.024215 5.047657 4.724922 5.27703 5.519154 5.519154 5.519154 5.519154 5.519154 5.519154 5.519154 5.519154 5.519154 5.519154 5.196044 4.03449 3.713657 3.713657 3.713657 3.713657 3.713657 3.713657 3.713657 3.713657 21.846
353.3334 353.3334 353.3334 350.0274 151.9088 11.57775 11.57775 11.57775 11.57775 11.57775 11.57775 11.01496 9.913783 9.827763 9.269422 4.880797 2.812161 2.812161 2.812161 2.812161 2.812161 2.812161 2.812161 2.812112 2.684481 2.686473 2.581463 2.580784 2.832033 5.783756 8.220557 8.983295 9.21447 10.03876 12.17756 10.87921 2.580784 2.580784 2.445571 2.445571 2.445571 2.463619 2.816145 2.563644 2.453571 3.751219 4.274589 4.274589 4.274589 4.440027 5.069242 5.084351 5.519154 5.519154 5.519154 5.519154 5.519154 5.519154 5.519154 5.519154 5.519155 5.513379 3.931164 3.713657 3.713657 3.713657 3.713657 3.713657 3.713657 3.713657 3.713657
353.3334 353.3334 353.3334 353.3334 123.08 11.57775 11.57775 11.57775 11.57775 11.57775 11.57775 11.57775 11.57775 11.57775 11.57775 5.468013 2.812161 2.812161 2.812161 2.812161 2.812161 2.812161 2.812161 2.811144 2.672983 2.581311 2.580784 2.580784 2.580784 2.580784 2.580784 2.580784 2.580784 2.580784 2.580784 2.580784 2.580784 2.580784 2.476036 2.639124 2.708478 4.002932 4.392807 4.325628 3.671755 4.274589 4.274589 4.274589 4.274589 4.366359 4.439276 4.331774 5.516252 5.519154 5.519154 5.519154 5.519154 5.519154 5.519155 5.519154 5.519154 5.519155 5.519154 3.713657 3.713657 3.713657 3.713657 3.713657 3.713657 3.713657 3.713657
