GISdata/Popn density Romania 2015.asc
ncols         288
nrows         144
xllcorner     19
yllcorner     43
cellsize      0.0416666666667
NODATA_value  -9999
[rows 30 to 59 of 144, columns 67 to 133 of 288]
-9999 -9999 -9999 -9999 -9999 -9999 -9999 -9999 -9999 -9999 -9999 38.59125 41.48921 47.15865 53.75912 73.70056 91.31641 85.35887 63.5607 29.96426 32.75673 36.93679 40.17943 470.6122 758.5856 678.1351 316.5131 62.13787 60.3854 54.45087 51.52005 54.32537 59.75735 50.96256 77.36441 119.4407 152.8512 72.46972 56.05582 55.838 55.62317 85.77844 398.8054 589.0207 589.0207 367.6216 32.27214 17.70191 17.70191 27.5737 38.00669 40.50896 42.93782 46.33994 46.51532 46.12959 59.88203 93.42821 101.8312 96.6469 104.6554 119.1555 55.50573 36.88657 36.88657 36.88657 36.88657
-9999 -9999 -9999 -9999 -9999 -9999 -9999 -9999 -9999 -9999 38.59125 38.59125 38.84464 41.02308 50.62242 185.4712 190.4847 175.7211 127.0552 29.4228 29.4228 29.11171 27.33279 91.09357 150.9993 54.45812 50.17513 42.08706 41.50371 39.20302 25.86187 34.63243 33.32147 25.25651 41.52396 43.84241 40.27985 42.63067 54.96092 55.82021 57.88836 521.9878 589.0207 589.0207 513.2776 230.2859 165.3362 119.1291 62.25362 81.71579 51.88225 40.5412 40.5412 40.88087 37.92947 33.01062 39.88525 75.14627 68.99471 80.76468 71.11206 102.2852 60.5957 36.88657 42.36502 61.11527 61.64781
-9999 -9999 -9999 -9999 -9999 -9999 -9999 -9999 -9999 41.57495 38.89222 38.59125 38.59125 38.59125 129.0282 192.2769 205.6917 130.8189 90.5362 29.4228 29.42143 26.80163 25.98221 33.99882 41.42453 41.75887 41.75887 40.02034 34.74164 30.08166 19.84484 19.46336 22.88159 25.25651 44.48173 52.37966 39.97051 67.45391 77.7979 69.49368 92.82546 471.403 589.0207 497.3925 201.2815 147.7918 158.8383 123.1896 116.4744 170.8163 89.83652 26.55801 26.05163 23.5265 26.57616 32.06174 32.7163 48.5244 54.06093 36.82853 42.69017 102.4242 90.95187 41.00549 56.57662 78.51521 89.26374
-9999 -9999 -9999 -9999 -9999 -9999 -9999 138.3938 138.3938 67.29824 45.77345 44.06939 42.6166 53.68921 112.0128 102.7436 60.86837 33.75108 24.66745 28.09217 27.14175 23.60504 23.56715 31.3648 31.73127 40.97145 37.5305 41.19624 37.34477 29.77352 19.46336 21.45097 31.09622 42.64002 48.28819 55.84191 71.18637 75.23696 79.09414 105.1194 126.2439 121.9784 179.5102 112.0231 89.59047 80.48071 65.69643 64.29592 61.79673 47.7833 39.85022 28.50758 22.41343 22.4002 26.57341 34.52223 35.52049 53.74507 49.03306 29.32725 29.05476 74.4882 50.07388 38.01 41.12341 41.35357 65.62773
-9999 -9999 -9999 -9999 -9999 -9999 37.08458 110.9908 138.3938 74.3141 48.7018 46.30996 45.41391 53.99857 45.13336 41.16515 30.69168 27.26296 24.30632 27.67072 23.94668 23.34238 29.09915 33.21409 29.97733 28.66777 28.6439 30.13352 30.64632 27.88656 23.15598 27.30456 28.19214 31.29075 43.6244 66.07178 77.02023 74.30517 78.99101 80.10122 71.4912 75.34367 95.29402 90.26418 76.17877 63.66396 52.02554 49.51458 42.60431 42.98131 39.31992 39.31816 32.23732 28.45857 38.63546 33.38248 26.31985 32.10952 28.65014 27.89853 24.31479 22.2889 18.6971 18.6971 19.79377 23.65158 31.05249
-9999 -9999 -9999 -9999 -9999 37.08458 37.08458 70.94875 138.3938 92.72325 48.96478 48.65224 45.48513 44.60556 42.81713 37.40332 34.57653 36.14598 51.74458 68.08341 80.17059 38.45887 39.68814 40.22918 38.07642 30.64898 30.00163 29.30408 30.24944 30.25666 28.82171 27.86656 27.95061 31.35869 33.00882 67.2749 77.21707 68.64176 77.43533 72.77976 65.40871 49.08689 60.11345 91.17452 50.39009 50.31972 46.92944 41.2918 51.82016 53.56622 45.87358 39.74089 39.62965 41.68391 37.4445 26.33219 26.31985 26.27799 26.4794 26.81621 20.02913 20.00407 19.45193 19.02011 19.40512 19.85565 20.87184
-9999 -9999 -9999 -9999 -9999 37.08458 37.08458 40.11031 117.2657 63.22593 41.28686 46.22551 46.33322 41.89855 36.09099 34.20798 30.6447 44.30249 95.28178 94.35891 39.72241 16.57373 34.26371 35.74143 34.99577 34.77768 34.83166 38.17333 32.38811 30.73547 42.53548 43.25801 41.27639 45.98524 67.52809 81.75886 82.35594 66.40784 66.05926 67.70029 68.26674 64.55843 54.61445 57.6467 50.90589 50.31972 46.66593 48.18755 53.72934 53.90353 53.90353 48.77779 42.22311 40.82292 29.79549 26.06687 23.52346 22.55381 24.70807 30.9968 27.10553 21.70649 20.00834 20.00834 20.00834 20.00834 21.46053
-9999 -9999 -9999 -9999 -9999 37.08458 37.09521 41.25521 41.89281 40.42152 43.42579 46.58532 62.00211 73.51831 34.86071 27.03334 25.75477 37.16982 77.16187 90.52012 41.0856 16.29378 28.89673 34.77768 34.77768 36.74393 38.43684 40.27798 36.4988 31.92784 38.4258 47.9938 80.17706 103.7362 79.77453 78.93705 84.71733 75.41354 57.13181 54.13387 45.01727 52.70718 52.11129 53.56982 30.15021 28.3064 36.6664 45.9612 53.24859 53.90353 53.90353 43.10533 30.27804 26.86957 26.31985 25.68516 22.33176 22.32207 22.8753 31.34705 39.27347 33.27911 20.26267 20.00834 22.2448 25.0238 32.54143
-9999 -9999 -9999 61.86609 61.86609 63.61147 59.21291 52.70277 43.25604 43.00795 48.50237 50.97505 221.3618 199.6041 56.87989 25.79759 29.21515 32.02869 33.37591 40.69336 25.36489 25.50921 45.10695 53.7921 51.75018 56.10901 53.32804 39.66772 40.21889 39.95293 40.13955 67.24098 116.5528 110.442 88.89899 53.03778 46.2998 38.65418 29.99837 29.2243 28.7124 25.71127 22.32051 22.46747 22.75646 21.01579 22.71418 39.70238 50.43416 53.90353 53.90353 52.34095 33.40521 26.31985 26.25581 22.65806 22.32207 22.32207 23.13563 30.50222 36.13455 45.94315 32.96886 29.32873 30.65397 40.16782 43.05238
-9999 -9999 61.86609 61.86609 61.86609 72.07246 76.7494 75.68838 65.5443 69.38065 63.16485 61.01108 160.9204 245.9722 207.2726 50.5297 39.22222 38.43942 39.66454 35.9449 44.57022 49.73546 61.26105 82.48614 95.99212 75.58144 52.45273 19.5189 31.44907 32.3931 40.90296 49.78327 62.89863 60.02775 45.37785 38.00491 39.4115 38.93856 34.82795 34.62058 33.48683 26.51178 26.13398 27.12903 27.17993 25.42796 34.07719 41.72364 39.52016 29.08366 35.10308 37.39159 33.20159 28.20853 33.10794 38.66363 43.06197 22.32207 25.82294 30.50222 61.36658 79.32941 74.78696 95.22833 38.87208 63.87401 55.71897
-9999 -9999 61.86609 61.86609 61.86609 63.44874 74.05139 73.51379 76.7494 76.7494 69.15524 56.18927 59.20335 113.6519 47.29094 46.4528 49.56703 50.08981 51.07323 45.05571 38.14896 30.52995 43.67553 53.41245 70.30683 92.22434 65.84052 33.27106 31.65622 32.89063 44.79523 45.83503 41.57549 36.18702 36.18702 36.90131 39.5963 37.6922 35.91872 32.9216 20.80639 20.48395 27.40962 27.42474 30.53725 34.47029 23.66867 21.04454 22.89228 23.80594 23.79081 26.04534 28.19281 29.74878 35.76135 56.78138 53.66287 49.04525 34.63694 33.0985 46.59041 85.10757 180.7986 108.6784 35.62929 62.95521 58.51381
-9999 53.98167 61.49586 61.86609 61.86609 58.21308 51.85929 42.79124 47.50593 51.4881 51.31121 48.94278 59.45453 64.01945 58.18032 60.06564 74.22504 80.21986 68.18908 50.79478 40.19687 38.77251 40.18036 32.05433 61.45943 82.92345 66.5278 65.33022 55.17517 54.66717 60.44575 54.76077 81.68584 103.4328 127.8053 146.9827 94.31342 45.09538 48.45839 42.43294 23.20166 22.05108 27.76215 29.84958 37.39051 38.15989 36.71778 36.01544 42.91399 44.40975 37.48454 47.47195 33.69395 33.11511 33.91371 54.71397 56.14525 55.68401 55.25447 57.48455 58.81536 60.7765 200.3554 143.039 29.77068 42.61731 54.62384
-9999 53.95516 54.71978 57.01561 49.71098 46.59528 45.10415 43.10575 44.26501 40.38613 45.82035 55.74778 62.03178 68.60944 78.4223 87.04195 103.8183 98.17258 63.99501 62.75976 62.83425 58.49107 37.4054 16.96231 20.40455 65.74919 66.3277 63.68827 54.79709 179.6334 153.9495 130.3755 45.49547 57.85177 104.4392 117.53 93.37662 57.65332 46.87808 46.63172 33.35976 23.86711 26.33871 27.75287 27.61082 27.03272 26.11494 55.52541 68.21951 62.90288 58.99282 66.10841 61.14388 42.81006 65.9642 78.56571 61.81676 57.88873 57.30064 58.02282 58.64554 59.0026 72.50161 91.98503 49.65607 137.591 106.1944
64.93691 61.21964 54.18336 53.63086 48.27113 42.44722 41.60344 46.96864 49.40771 39.33408 37.45502 47.32528 54.10606 64.21311 83.0833 87.04195 77.67358 57.51405 52.18069 61.63219 65.61592 68.24033 57.79068 49.6399 43.70254 73.2476 80.77285 65.40316 59.51786 466.5547 708.4894 683.1867 75.78794 34.76763 34.36858 36.6367 43.78263 45.59998 31.67777 30.95475 29.57337 23.49224 23.38005 27.3896 24.33606 77.6317 195.5921 120.6854 41.84284 57.45341 82.53374 94.66066 67.01247 66.82522 78.08015 94.4248 157.4394 147.4724 90.7113 21.06758 23.26271 26.3566 35.23526 61.18159 200.7867 572.8896 142.4323
64.93691 272.3965 175.5809 52.05743 38.82035 32.80176 32.80176 37.06793 49.33064 51.07478 42.43552 42.14017 42.20049 45.3745 82.29967 113.321 11.44216 8.298107 40.7583 44.10901 42.46519 45.80933 64.99107 65.73705 90.29 89.98311 72.41403 49.13404 47.44912 235.2021 680.0903 579.1055 467.7157 37.90612 35.32877 43.49704 43.53204 39.29055 25.3851 25.3851 25.1457 20.51728 19.53966 21.06301 21.44442 21.02591 150.0676 239.3054 296.594 313.6288 195.343 73.24826 53.39163 59.12459 72.80373 72.45543 139.0213 188.8558 100.1747 42.72183 14.70251 1.029739 66.5979 495.5855 572.8896 572.8684 415.3948
64.9369 821.657 1691.934 849.8458 43.19789 32.80176 51.31114 68.85323 72.71963 85.37823 75.6067 48.72725 45.0927 53.47176 120.7593 131.1114 45.92159 19.61466 29.21892 34.65659 34.26306 40.72804 54.47561 47.85122 75.30792 68.1332 36.22855 34.72465 40.29927 45.08972 117.6738 27.34875 45.42135 51.31373 41.91077 34.20061 34.62619 28.83118 26.37822 25.17284 23.73645 19.37328 19.57499 20.66238 21.6323 22.55767 27.58447 92.05737 204.0154 355.7846 243.8996 48.61668 52.90648 50.16762 49.45062 47.5741 38.00053 32.62138 43.64043 40.02732 50.03036 66.80808 117.5883 569.7614 533.6472 243.4945 67.44422
96.2552 408.8399 1747.453 1781.144 1516.216 1000.3 76.78614 64.01357 49.9809 74.11195 89.24139 68.47595 58.86978 57.64873 128.1488 135.8662 48.39491 33.90562 33.93338 37.95291 42.71153 55.61711 44.67969 22.64882 31.67765 36.53362 34.53888 33.00776 29.07024 21.85628 20.66425 19.93844 35.19879 39.6259 28.69473 25.85858 26.99882 24.60831 24.83958 20.24917 21.80408 20.08072 19.74645 21.14369 23.76233 25.29905 25.27969 186.6722 213.7598 59.4935 42.23802 42.46995 44.85958 45.57991 45.2089 39.26444 33.71703 32.39511 33.42625 38.0427 45.6488 54.6738 68.43976 427.3117 132.3221 45.73074 44.83028
66.41324 284.9969 1228.419 1326.964 958.9343 285.4451 81.17442 77.1437 53.30094 58.01471 89.24139 73.9128 71.1521 52.29121 70.08273 69.58217 44.54697 35.52258 37.67632 43.52953 43.99748 42.11039 25.56604 22.17443 25.75413 35.93377 35.3611 29.79838 21.14728 21.16395 21.14728 20.72157 20.97725 22.02522 21.2739 21.36845 25.29108 23.90977 18.94298 18.94505 22.67156 22.90615 22.26804 22.36756 27.90021 24.41677 24.66148 24.93364 58.32276 130.556 700.1779 176.7135 41.02565 36.42975 26.32401 27.89859 32.14065 31.15222 33.14156 35.72246 45.15639 45.63348 43.94436 43.25933 32.20321 32.8452 32.94931
34.38849 35.14936 35.14936 78.25408 119.1575 116.202 64.7361 68.23657 54.50497 46.52172 34.72222 33.9068 37.23999 40.67398 48.98099 57.30568 52.8999 46.46422 44.91633 43.27829 43.1267 41.09176 37.65964 34.57185 31.81031 37.05631 31.19221 22.00886 21.16342 21.60186 21.58325 21.43479 20.41474 19.58452 18.75437 18.06309 18.60984 18.8624 21.65131 24.25611 25.20028 24.95736 23.48998 23.27932 31.37689 30.39172 25.70916 58.17985 69.14065 622.8293 161.0748 40.51191 30.52728 27.83982 26.30581 28.22547 31.10134 31.10134 32.19651 34.37205 43.91942 44.14209 37.99671 36.49738 35.87577 32.47467 35.21529
29.76637 33.75697 34.02893 45.24883 94.04555 41.68153 38.18283 44.08948 51.34384 52.65644 34.2842 32.23233 29.17877 32.54976 48.38484 49.48531 47.97678 46.29456 46.26611 42.77311 40.45113 28.29539 33.06226 37.64283 37.24133 33.35457 29.67241 26.91503 23.57274 23.09027 22.81166 21.76427 21.57218 19.77792 48.78537 22.86392 18.89378 20.03466 25.14855 25.53228 25.47903 24.15968 24.65131 27.73676 28.51871 33.15803 33.96581 47.58961 61.6229 48.44985 43.87454 43.38414 28.77586 25.11307 25.11493 25.19359 31.20835 31.66361 31.68022 34.37205 37.73926 44.24499 40.13041 41.34246 45.85732 45.72288 46.79269
26.93846 21.42957 22.17632 25.00845 38.0279 38.51681 39.3819 48.16124 51.97551 55.45677 52.8314 43.99817 40.96446 41.30615 43.98389 44.45756 46.29745 44.876 43.6479 41.4414 38.65999 21.17676 18.46574 28.49217 31.41333 30.64416 30.84036 98.49231 110.1188 88.7811 71.99916 25.90025 21.65072 23.52003 64.41795 55.02924 41.59246 29.18752 25.77948 25.85188 29.89116 27.61482 27.89681 28.50033 29.59137 30.07387 45.59483 54.60939 54.65682 53.00333 49.13262 41.41103 27.42785 26.41812 25.04016 30.87855 46.83284 47.28614 34.40713 29.97013 26.13941 27.87672 31.05165 47.12813 47.13299 45.86223 41.33377
29.82405 24.31716 19.65279 21.20082 28.37066 39.42044 39.46075 45.97436 56.49604 57.16345 44.97033 41.16044 41.16044 39.30704 29.8476 30.07564 35.91461 40.51632 41.41037 31.76972 21.64777 17.31749 20.53059 30.51856 27.55424 30.16349 30.49793 43.68126 78.55515 117.7706 110.7681 35.56589 33.23104 46.18605 63.09708 66.30103 63.52765 36.06993 28.53228 36.38226 86.65167 65.47945 327.3127 874.2789 279.6718 102.5997 57.46449 48.65417 48.66479 50.5179 50.42087 46.60881 30.12663 28.64989 25.03511 25.17464 44.51146 46.06024 34.07818 31.36526 26.59851 26.40972 31.58021 37.76945 44.55924 42.27723 35.89314
42.57639 45.85416 38.09328 25.67051 25.61986 39.24697 44.11271 51.01509 52.13158 53.12666 49.02646 50.52864 64.8886 65.3879 30.67785 28.25334 27.89183 29.21295 32.07231 17.38606 19.29599 21.26275 28.23765 23.16174 13.57443 13.65054 19.6091 28.68176 29.65224 29.97385 30.88076 32.73788 30.02088 32.58176 29.71806 44.58796 52.88908 38.7886 37.16145 61.95403 94.82719 116.259 1573.164 1780.498 1780.498 1566.238 103.7862 69.74306 62.99985 55.3286 44.43586 43.62048 46.19377 49.1623 51.59652 60.15269 59.35 49.47181 34.02581 40.98095 41.78929 24.73001 27.10417 33.27814 21.52825 22.6191 31.24769
50.65277 49.99587 49.98854 49.85462 45.48598 44.39856 44.75119 45.26855 50.70023 48.37145 46.2534 52.36965 46.46808 37.85409 28.30118 27.47132 28.0366 27.66373 27.71165 26.39678 26.34932 29.14546 27.83601 19.29426 13.49316 12.73957 11.92471 11.48217 11.59394 30.95434 30.16578 27.94876 27.9783 27.51786 27.50258 27.50258 31.04721 64.38421 56.65703 85.39461 105.6978 607.891 1734.712 1780.498 1780.498 1577.001 90.93825 60.15277 51.7588 45.86911 40.81134 38.102 35.15572 46.30173 55.61014 69.41304 79.44155 86.96655 66.30031 64.2127 68.60239 26.54679 25.24299 33.26398 28.95403 28.70427 41.34042
43.22778 43.40584 48.57704 49.927 45.72949 39.36403 39.0993 38.83391 39.19234 47.14309 44.13758 44.86951 41.97506 29.69366 28.31186 27.71017 27.03102 26.31573 26.22351 24.41775 21.96537 19.70885 13.01338 13.37029 10.07388 8.834755 8.834755 8.834755 8.978705 29.01625 31.3876 26.52023 26.2575 26.68542 27.27299 28.98287 61.57156 66.77235 75.20554 120.3705 133.5817 516.3108 1780.498 1032.33 698.8495 881.4474 159.379 57.70344 34.33514 34.33514 34.33514 34.64519 35.15307 56.99591 65.3324 84.54222 87.50242 87.43839 54.60163 51.74662 50.39802 48.36045 46.26123 43.32308 35.62804 33.96898 42.46467
42.03088 41.9239 41.75056 42.99371 42.04898 39.3285 35.42211 27.34791 25.51119 32.60207 48.46809 62.70753 184.3339 310.909 95.76331 21.23991 13.73798 13.1698 12.06923 10.30033 10.2888 10.2888 10.38836 9.333114 8.834754 8.834754 8.450898 10.50209 24.10025 29.85831 27.52086 22.73184 22.30506 22.85141 28.22088 61.29382 66.72189 60.15141 40.94237 47.83023 46.55051 505.2315 779.788 59.75174 56.67956 36.57563 43.94708 31.16205 28.58297 25.40632 37.15124 40.12279 54.44236 57.2968 60.21148 58.46836 45.95089 44.73371 44.978 48.2055 44.89547 46.13155 49.09143 52.45014 49.35748 47.07759 56.81693
41.48995 41.35831 37.97159 38.14099 37.83519 33.85701 28.46336 24.38032 24.36947 24.36947 35.87167 44.41572 59.46481 206.6175 93.75375 44.34795 33.66789 49.59889 58.5464 24.77414 20.56758 11.55028 10.2888 9.93109 8.500028 8.013973 7.51127 6.654402 6.654402 6.654402 16.61365 17.02779 14.85305 13.35837 16.25303 22.64676 9.380306 14.54751 36.18798 38.52787 38.46618 31.05627 23.42331 30.15778 41.42302 34.93048 31.64103 152.842 88.39569 15.4127 38.24091 46.62005 46.62005 50.5839 80.57355 71.08508 53.53975 62.36733 59.58348 45.21732 56.90417 48.64279 47.59909 59.14209 60.8871 60.06891 58.41729
39.39782 32.98775 25.48583 27.25227 26.52818 25.80145 26.50787 23.58699 20.30241 29.06718 39.87222 39.05949 31.80161 27.90425 41.2851 61.4195 71.94405 75.92241 42.74321 28.53661 28.53661 22.94319 10.49103 10.2888 7.627239 6.654402 6.654402 6.654402 6.663512 7.266345 8.778734 8.869529 8.869529 8.592769 7.390337 7.142814 10.81766 18.66273 25.35206 30.71394 28.45361 26.72521 24.651 27.37635 28.62905 33.23646 61.93691 530.1043 590.017 380.1185 99.08842 69.01859 72.79615 84.12566 84.57516 84.18516 66.07974 73.047 65.337 55.17864 60.85228 65.85298 64.9399 67.47293 75.15598 81.65777 110.0175
23.80942 23.80942 24.2714 25.70933 26.2684 28.56925 23.71094 16.53917 16.40572 36.50926 33.55915 26.9248 34.19382 44.8069 45.88414 73.50925 144.7198 55.46928 38.68677 29.51932 31.12994 28.94242 15.60805 10.94707 11.12334 6.753645 8.231843 15.57434 11.77798 8.86953 8.86953 8.86953 8.86953 7.713648 6.914587 7.150176 19.13986 24.66693 27.49188 27.89542 29.44445 34.45091 30.4806 26.70392 26.16982 66.26299 106.8873 544.1968 622.401 667.6406 310.2107 108.6275 93.21336 86.65101 48.61816 40.3587 50.16832 54.06768 35.662 37.07536 52.96058 67.03203 68.67137 76.72462 81.89164 831.1771 1683.508
24.89842 23.8145 25.74434 28.37864 28.31551 28.80473 17.49577 17.07287 22.65073 27.56389 21.24212 24.42441 33.79836 45.00581 43.09086 263.6318 254.8472 33.53499 33.42663 36.46825 36.42486 29.37802 20.13123 20.07915 27.27544 31.33446 39.53922 42.03276 40.03008 10.96086 8.869529 8.869529 10.84115 7.921187 6.914587 8.326615 15.48128 11.18734 12.92134 19.96952 34.36481 34.45091 34.45091 34.45091 30.54599 84.37446 102.1364 98.30125 290.1883 827.1252 695.988 110.2402 66.0713 96.14267 224.3114 178.6935 58.00552 46.43717 40.02285 39.55623 41.62563 66.02312 81.71885 80.84369 292.2974 2612.215 2909.384
