GISdata/Popn density Italy 2015.asc
ncols         336
nrows         336
xllcorner     6
yllcorner     34
cellsize      0.0416666666667
NODATA_value  -9999
[rows 120 to 159 of 336, columns 90 to 179 of 336]
0 0 0 0 0 0 0 0 0 0 0 0 0 0 0 0 0 989.5319 3265.656 3467.588 3177.566 3474.214 3496.129 4102.339 5537.251 1601.682 488.5376 593.4706 630.0175 772.2325 611.4802 471.4095 471.4095 471.4095 471.4095 346.6727 232.6409 232.6409 242.6391 303.8382 341.4345 418.944 498.1056 241.5284 224.2412 224.1621 222.7063 150.5816 475.1175 846.1363 844.8738 808.55 1287.379 1070.642 1058.935 754.7415 668.3113 650.8254 563.8177 803.9212 1509.326 1588.187 1883.16 2495.08 2830.005 1626.695 1851.399 1627.899 1872.218 2275.787 2461.016 2739.811 2744.556 2744.556 2744.556 1761.188 137.9994 54.53451 161.3056 236.8894 198.4029 116.3287 87.04668 124.1263 725.1227 805.7802 837.7239 822.1879 585.0358 596.9764
0 0 0 0 0 0 0 0 0 0 0 0 0 0 0 0 0 336.3576 2733.678 840.3904 372.5465 449.9686 957.3857 3427.368 5167.261 1445.558 686.2773 784.043 784.3746 784.3746 690.4962 551.311 472.2055 470.1264 356.2507 254.47 229.9348 224.8883 215.77 212.8669 701.8809 942.3068 597.2134 241.1702 236.5511 224.3139 236.7959 196.1097 158.431 317.0053 770.2407 741.2975 857.8878 1059.651 1057.511 782.9562 444.1192 458.1484 446.5651 1305.912 1446.26 1589.262 1561.102 1747.13 844.7582 969.3333 1205.416 1282.143 1395.604 2400.982 2746.413 2744.551 2663.483 2300.932 1718.176 2090.35 1269.358 154.8052 158.0313 148.5234 140.3908 104.4474 104.1088 182.9115 222.4108 211.0982 256.546 533.0347 818.2681 586.1904
0 0 0 0 0 0 0 0 0 0 0 0 0 0 0 0 0 0 0 0 0 0 0 0 348.6619 626.9311 626.9311 745.4064 780.8158 716.0862 871.5518 1856.108 1938.249 1379.752 406.3475 216.5699 216.1355 213.0472 213.0109 213.0109 230.0469 352.41 784.2399 735.2715 644.5924 1508.068 1598.355 813.4866 140.9569 148.8031 245.0503 440.4991 514.7955 1079.267 1053.552 810.1628 310.9156 329.3807 209.0807 199.7037 201.578 766.5477 1582.049 928.1138 783.4346 976.829 985.21 1023.055 1284.843 1269.5 1556.656 1896.809 1736.163 1044.296 183.8269 183.8269 183.8355 157.0908 114.4709 109.8627 143.0258 85.77217 82.74088 114.4724 146.6258 130.894 200.5045 768.9124 728.1131 758.4945
0 0 0 0 0 0 0 0 0 0 0 0 0 0 0 676.2273 611.4007 0 0 0 0 0 0 0 274.3029 591.5288 571.9983 565.0193 533.7327 526.3394 634.1752 2241.171 2253.475 2253.475 1245.057 216.3953 216.3953 214.4122 231.7592 495.1072 518.269 546.7078 653.8418 623.589 594.3853 1040.703 1156.335 1186.484 168.0119 218.8476 262.4105 267.7003 435.7109 899.5278 804.6425 480.6992 249.1207 197.6578 199.0919 199.8387 199.8387 383.8097 1144.589 1086.625 1030.37 985.9754 986.3793 1210.371 1288.096 1589.732 1563.714 1751.16 1428.214 824.7674 619.7497 274.2346 213.0134 151.6838 102.602 129.4577 268.1258 149.7784 102.5728 177.3269 130.9513 130.6816 205.9968 510.2699 532.1406 989.5946
0 0 0 0 0 0 0 0 38.08335 249.4629 1377.552 253.26 1741.342 2119.248 1040.424 1419.851 666.3376 0 0 0 0 0 0 43.91119 396.0388 526.6942 526.6942 526.6942 526.6942 603.5942 1846.602 2254.994 2254.994 2254.994 1560.56 277.4002 216.5412 216.7118 197.329 161.0474 439.4779 319.2386 310.0205 499.5235 584.1317 766.6084 805.3447 824.616 342.353 301.2838 621.7736 610.6372 341.4948 331.5954 349.5157 392.8824 510.0999 542.2858 601.7972 556.0225 326.5608 535.3535 909.2327 1105.919 1113.404 1057.76 676.062 1095.038 1497.616 2142.592 2099.395 1646.892 1301.233 1433.726 487.071 208.0749 227.1628 265.2838 219.4404 210.9158 275.4284 276.4101 276.8741 276.8741 196.6653 164.559 232.7464 356.5067 765.3015 3495.936
0 0 0 0 0 0 0 0 294.5295 742.2548 913.8503 1000.753 1615.934 2052.267 2725.026 2830.062 366.0072 0 0 0 0 0 0 0 98.87481 221.6643 307.8894 454.1783 1980.446 2158.042 2256.512 2256.512 2256.512 2256.512 2169.339 695.9013 219.4459 219.999 220.0149 176.7842 119.591 117.757 130.4774 184.3424 390.8851 357.1085 355.717 346.5998 261.5461 219.7354 532.7177 652.4909 566.4841 730.491 1612.046 791.6727 988.5018 1070.398 1070.398 1070.398 965.8686 1054.971 1111.615 1114.154 1114.154 1009.978 657.6891 950.6495 1602.245 1633.204 1633.204 1633.204 1633.204 1099.159 168.2908 173.5803 187.492 267.6297 275.4978 275.3075 277.0605 277.0605 270.5134 242.2251 207.6025 209.1921 296.0843 314.5937 314.5937 1700.219
0 0 0 0 0 0 0 0 20.80402 429.262 391.8195 399.2297 332.4444 112.8463 177.6183 1345.575 481.2345 0 0 0 0 0 0 0 0 0 0 0 347.9111 1691.937 2258.03 2258.03 2258.03 2258.03 2253.073 668.063 218.759 220.1629 220.1629 220.1629 183.4073 137.9622 202.2545 213.2589 256.4667 323.7206 308.7606 305.9459 306.4656 483.6727 651.8263 654.7187 671.8605 981.5278 1277.735 1134.283 1071.118 1071.118 1071.118 1070.211 742.5432 691.8424 857.374 1114.841 1114.903 1050.609 744.8342 716.0181 1260.485 1634.303 1634.303 1634.303 1634.303 642.734 186.8144 97.12071 73.31516 271.2307 271.4048 271.8841 275.926 277.2468 226.9278 166.6236 151.126 175.1442 274.4098 314.8053 263.1064 186.6616
0 0 0 0 0 0 0 0 0 0 0 0 0 0 0 0 2.340037 0 0 0 0 0 0 0 0 0 0 0 0 153.555 2189.302 2259.547 2259.547 2189.515 918.6892 196.8845 209.7208 219.4662 220.3108 220.3108 221.6808 244.5749 246.3104 238.0939 242.9601 306.1513 306.1513 306.1513 355.7085 568.4104 1230.366 1415.554 1310.38 951.7838 878.9465 1219.852 1784.686 1110.723 1081.323 660.0531 542.0166 537.7781 630.9309 1254.053 1336.98 974.035 857.7205 918.8138 1318.971 1995.354 1635.401 1635.401 1584.297 453.9135 184.114 166.9725 115.0269 262.8385 271.5739 271.5739 271.7099 275.636 171.6702 118.9521 143.4622 180.5461 174.1301 192.025 127.7776 120.3239
0 0 0 0 0 0 0 0 0 0 0 0 0 0 0 0 0 0 0 0 0 0 0 0 0 0 0 0 0 0 795.6477 1496.661 1727.972 1025.944 197.0165 197.0165 197.1608 197.4531 212.3801 220.4585 226.5884 263.6601 263.6601 263.7529 294.4944 401.637 515.0947 487.889 568.5305 613.6285 1214.505 633.7548 435.3896 1143.858 1489.919 895.3166 930.2419 1054.243 1341.466 945.5935 554.7762 621.3649 1309.073 901.6419 1112.389 634.5933 807.9833 3019.044 4470.987 6846.28 3716.982 1593.123 1161.326 476.4106 369.2494 205.6284 170.2507 174.8999 246.0195 268.0093 215.4509 155.0001 165.7947 196.1026 211.3147 217.4677 203.5794 166.5978 142.9896 143.5902
0 0 0 0 0 0 0 181.3135 158.0385 0 0 0 0 0 0 0 0 0 0 0 0 0 0 0 0 0 0 0 0 0 0 0.6455071 273.3295 481.0186 418.5793 458.3458 197.8113 197.1484 201.0677 227.0485 257.8528 263.8366 263.8366 382.4133 564.0537 576.6426 542.9598 574.2947 818.8522 735.1134 709.4977 0 0 258.6132 1343.915 747.9521 758.4916 708.6493 799.0771 792.019 894.8888 901.8462 1103.785 1095.858 1083.705 1077.802 2315.875 4520.945 7159.074 7159.074 7159.074 3297.578 1172.161 515.6314 304.795 205.1104 182.0568 184.0678 186.4021 188.6798 163.3893 100.5692 175.1662 217.9398 217.722 217.6133 217.6133 180.3493 156.0072 155.8846
0 0 0 0 0 0 0 233.4834 124.7768 0 0 0 0 0 0 0 0 0 0 0 0 0 0 0 0 0 0 0 0 0 0 0 145.2864 546.1837 919.9258 944.5045 515.3036 199.5414 222.6713 263.4338 264.0131 264.0131 264.0131 302.1636 428.2249 404.7077 441.9804 444.5935 534.8824 979.9812 772.8555 288.2461 0 252.9607 2244.162 2236.255 1327.82 1250.367 1822.848 1246.596 1029.781 839.677 1133.331 1230.704 1230.704 1405.86 1480.738 3042.494 6976.441 7163.863 7163.863 6960.913 3220.875 937.1324 431.6985 359.4662 187.7549 187.7549 187.7549 187.5296 160.5761 119.2843 302.0374 369.7903 369.8365 222.1481 152.1669 148.157 156.2693 156.2693
0 0 0 0 0 0 0 0 0 0 0 0 0 0 0 0 0 0 0 0 0 0 0 0 0 0 0 0 0 0 0 0 0 0 491.0535 945.1347 917.2789 470.2698 264.8136 267.354 270.0056 266.7132 264.1933 284.4581 328.1964 328.3454 357.1737 365.1458 389.5906 709.5953 1064.987 1539.393 2039.514 2000.642 2245.659 2248.68 2194.443 2155.483 2197.193 868.9501 1385.538 1912.248 1506.531 1237.225 1260.941 1464.444 1481.343 1481.343 4304.308 3731.654 4582.21 6480.023 3591.979 581.8514 621.7236 1135.392 560.0571 234.6662 183.8987 166.049 183.7737 231.8478 374.5687 386.8674 351.4639 285.731 595.7842 1361.423 733.7216 151.8639
0 0 0 0 0 0 0 0 0 0 0 0 0 0 0 0 0 0 0 0 0 0 0 0 0 0 0 0 0 0 0 0 0 0 471.3118 945.765 945.765 925.7539 341.8518 274.8368 274.9088 274.9088 270.8073 264.3705 331.3674 578.4667 522.1302 543.8223 449.9638 537.3339 813.323 729.903 2000.152 2258.001 2252.62 2260.191 2260.547 2253.741 2121.538 1214.11 1236.895 1529.12 1691.268 1646.224 1464.838 1482.331 1481.809 1478.106 1229.252 929.9835 980.1458 1881.669 1027.812 1875.418 2040.715 1296.209 2035.75 1125.806 132.4769 118.0976 203.6 241.1095 347.5341 355.7173 358.9165 656.2037 1436.66 1798.496 2246.634 1480.241
0 0 0 0 0 0 0 0 0 0 0 0 0 0 0 0 0 0 0 0 0 0 0 0 0 0 0 0 0 0 0 0 1418.955 1313.361 1438.656 935.1928 907.3668 835.0922 276.7959 275.0918 275.0918 370.731 473.3294 488.618 501.3682 615.4469 606.4357 606.4357 493.0212 537.9099 556.7772 558.7958 1677.218 2204.279 2262.052 2262.052 2262.052 2261.021 2032.567 1695.167 1693.562 1965.175 2000.594 1673.25 1516.144 1292.108 1133.706 969.9178 791.3273 507.7824 383.9541 760.0267 1154.241 3080.658 3175.355 2818.282 2914.059 2279.532 528.8626 220.2 405.5292 388.8905 580.2135 858.6752 539.7444 1009.322 1546.352 2255.745 2290.417 2290.417
0 0 0 0 0 0 0 0 0 0 0 0 0 0 0 0 0 0 0 0 0 0 0 0 0 0 0 125.0413 0 0 0 0 1400.111 2689.185 2564.697 108.7121 69.49792 158.3371 110.712 165.39 270.3681 645.6079 680.0212 680.0212 680.0212 654.9708 634.0593 593.5889 560.5526 559.1672 559.1672 510.5728 384.4501 2193.36 2263.555 2263.555 2263.555 2263.555 2095.21 2029.486 2468.05 2727.609 1859.601 1459.875 1380.099 1145.979 783.2791 631.9167 664.9846 416.9583 301.9462 729.2087 1425.789 3049.217 3256.87 2825.768 1452.428 1198.739 590.8217 765.5175 609.4362 597.2484 1239.182 1802.18 1874.416 2062.154 2291.939 2291.939 2291.939 2291.939
0 0 0 0 0 0 0 0 0 0 0 0 12.62834 1129.585 0 0 0 0 0 0 0 0 0 0 0 0 57.01659 620.64 118.3639 0 0 0 0 312.9158 304.9759 0 0 0 0 0 0 106.5572 355.0641 619.1003 680.4725 690.1329 667.3853 647.7904 729.241 559.5383 552.4801 609.3661 1868.368 2136.839 1979.163 2038.76 2130.892 1867.875 1889.278 2086.632 2694.467 3513.46 1702.846 1397.967 1920.962 1489.468 1067.755 836.444 830.9884 697.772 624.784 1534.507 2808.301 3227.938 2327.116 2637.986 1338.944 1170.769 947.4511 357.9689 302.5336 387.0115 927.3359 1026.505 1373.48 2293.454 2293.46 2293.46 2293.46 2293.46
0 0 0 0 0 0 0 0 0 0 0 0 29.41955 1341.708 0 0 0 0 0 0 0 0 0 0 0 0 0 65.93265 73.69212 0 0 0 0 0 0 0 0 0 0 0 0 0 0 41.85341 395.9638 803.1589 906.0198 912.3114 851.315 648.241 612.3273 772.9395 1841.021 1606.071 1555.168 1602.791 1638.005 1562.28 1118.97 1919.642 1766.334 2761.845 3484.147 2598.303 2680.067 2021.873 1013.595 1502.37 1749.272 1892.631 983.1798 706.3052 488.8388 547.7523 1380.312 494.6903 266.6695 217.8362 151.3738 150.8283 151.4673 192.2504 221.2108 576.0347 798.2839 949.2434 1176.744 2287.177 2077.494 1543.408
0 0 0 0 0 0 0 0 0 0 0 0 0 0 0 0 0 0 0 0 0 0 0 0 0 0 0 0 0 0 0 0 58.57384 0 0 0 0 0 0 0 0 0 0 0 0 211.2361 881.0498 912.9149 912.9149 912.9149 700.0739 352.626 1146.334 861.942 905.275 1263.36 1136.797 2565.145 2466.872 2098.563 2270.67 1995.652 2151.929 2063.626 2216.719 2403.392 1410.386 1311.707 2064.286 2715.624 2226.199 1459.222 564.3458 376.8442 751.3387 328.9919 230.0741 244.634 220.6328 159.1315 169.928 194.9093 258.6961 410.0564 633.7009 476.6849 117.3468 794.4352 1608.049 656.6956
0 0 0 0 0 0 0 0 0 0 0 0 0 0 0 0 0 0 0 0 0 0 0 0 0 0 0 0 0 0 0 0 38.73993 0 0 0 0 0 0 0 0 0 0 0 0 0 255.6334 913.385 913.5184 913.5184 906.3936 456.383 493.9535 531.8625 509.4294 504.6725 685.2346 2244.701 2070.592 1604.507 1591.79 1925.588 1821.572 1661.669 1375.346 2203.537 1398.177 1325.858 1790.743 1916.865 2148.732 2098.079 1611.11 1658.935 1018.3 1006.967 285.2207 212.5819 199.952 253.7994 304.2262 305.1136 385.9077 439.647 470.2962 536.1092 123.0049 112.6546 210.3474 254.5668
0 0 0 0 0 0 0 0 0 0 0 0 0 0 0 0 0 0 0 0 0 0 0 0 0 0 0 0 0 0 0 0 0 0 0 0 0 0 0 0 0 0 0 0 0 0 0 599.4956 914.1213 910.8591 768.3502 629.9692 466.8327 475.6593 578.1356 731.5578 1650.808 2560.263 2077.78 2235.113 3091.421 3465.04 1978.572 1584.234 1969.11 3409.945 2785.882 1890.578 2937.438 2647.73 3669.687 3503.922 1536.005 1089.206 1094.178 1366.854 385.9356 198.1818 220.0803 295.3642 459.784 390.3755 419.5117 444.4655 444.4655 444.2687 387.7407 236.3538 214.2088 246.964
0 0 0 0 0 0 0 0 0 0 0 0 0 0 0 0 0 0 0 0 0 0 0 0 0 0 0 0 0 0 0 0 0 0 0 0 0 0 0 0 0 0 0 0 0 0 0 1440.484 8962.447 6702.917 2899.306 659.2513 491.453 448.0933 601.4646 1522.927 2291.038 2868.862 1301.097 936.8281 3642.199 8436.972 3760.85 2932.11 1964.458 4695.779 4983.389 3859.218 3894.253 2524.879 2184.157 1732.214 1301.707 1056.814 820.4195 615.2432 229.4086 222.5358 312.4012 350.8674 769.0448 754.1372 461.5645 447.9061 522.6172 586.2938 773.8607 463.9789 360.2171 318.0285
0 0 0 0 0 0 0 0 0 0 0 0 0 0 0 0 0 0 0 0 0 0 0 0 0 0 0 0 0 0 0 0 0 0 0 0 0 0 0 0 0 0 0 0 0 0 0 0 3189.538 9878.619 8836.165 735.4826 624.2055 494.5875 527.9352 2052.623 3921.964 2357.287 1216.958 176.0201 4037.432 10082.33 12190.26 7134.294 4213.002 4473.306 4572.387 4370.639 7242.025 4837.772 2289.829 2325.161 2207.228 1992.661 1045.489 580.0745 199.9437 252.8046 438.158 792.8547 809.7636 799.9377 747.4271 520.8886 904.4451 902.4794 781.3541 416.0022 1309.533 1342.332
0 0 0 0 0 0 0 0 0 0 0 0 0 0 0 0 0 0 0 0 0 0 0 0 0 0 0 0 0 0 0 0 0 0 0 0 0 0 0 0 0 0 0 0 0 0 0 0 0 4139.887 7140.264 5928.496 596.6063 503.7492 3434.308 3280.622 2198.782 2229.446 2125.657 5097.392 11544.94 17645.01 23120.35 8613.49 7326.736 14532.03 17405.66 16942.79 14973.57 14591.97 8480.126 3183.028 2789.429 1847.797 896.7169 779.6645 705.0872 915.3925 1042.673 635.0632 401.175 452.8545 935.1592 1043.641 1029.642 1227.884 1438.886 2887.778 5428.924 5567.209
0 0 0 0 0 0 0 0 0 0 0 0 0 0 0 0 0 0 0 0 0 0 0 0 0 0 0 0 0 0 0 0 0 0 0 0 0 0 0 0 0 0 0 0 0 0 0 0 0 52.99063 1453.556 462.9852 1079.832 2342.02 4864.7 4715.754 4324.537 3821.772 5581.099 13341.38 20742.05 23924.91 23924.91 22023.86 22878.1 23669.53 23924.91 23924.91 18628.25 12567.68 7780.141 13465.58 8268.942 3972.062 1886.226 2070.749 963.4185 1260.132 1713.23 397.0689 254.5494 271.6555 418.6728 174.4755 243.8127 900.8259 2106.134 5327.165 5870.464 5870.464
0 0 0 0 0 0 0 0 0 0 0 0 0 0 0 0 0 0 0 0 0 0 0 0 0 0 0 0 0 0 0 0 0 0 0 0 0 0 0 0 0 0 0 0 0 0 0 0 0 0 0 0 0 478.2223 2065.419 13557.81 12983.83 12893.88 16923.18 23940.57 23940.57 23940.57 23940.57 23940.57 23940.57 23940.57 23940.57 23940.57 22278.89 17376.06 19425.66 18657.9 13854.89 9642.619 3233.464 2331.416 1454.01 740.1779 1507.874 972.2092 414.4476 502.7738 239.8531 107.277 90.0694 590.416 1082.929 1327.429 2888.646 2805.111
0 0 0 0 0 0 0 0 0 0 0 0 0 0 0 0 0 0 0 0 0 0 0 0 0 0 0 0 0 0 0 0 0 0 0 0 0 0 0 0 0 0 0 0 0 0 0 0 0 0 0 0 0 0 0 5244.764 19686.41 23112.98 23032.02 23956.23 23956.23 23956.23 23956.23 23956.23 23956.23 23956.23 23956.23 23956.23 23956.23 22710.32 20603.52 15565.47 13237.84 9802.893 1887.363 911.0021 871.0111 1483.281 952.0128 1833.841 2168.38 2001.012 675.3149 99.70518 105.3628 251.9455 1077.948 1114.688 1292.769 1956.13
0 0 0 0 0 0 0 0 0 0 0 0 0 0 0 0 0 0 0 0 0 0 0 0 0 0 0 0 0 0 0 0 0 0 0 0 0 0 0 0 0 0 0 0 0 0 0 0 0 0 0 0 0 0 0 0 0 4829.418 22998.72 23971.88 23971.88 23971.88 23971.88 23971.88 23236.73 23971.88 23971.88 23971.88 23971.88 23971.88 22741.82 17056.52 8885.301 8076.979 4345.499 1615.129 691.7578 2585.301 2171.718 1715.646 1698.743 834.2206 196.835 234.8 312.0708 91.26453 143.2476 1067.889 862.1801 775.5488
0 0 0 0 0 0 0 0 0 0 0 0 0 0 0 0 0 0 0 0 0 0 0 0 0 0 0 0 0 0 0 0 0 0 0 0 0 0 0 0 0 0 0 0 0 0 0 0 0 0 0 0 0 0 0 0 0 0 10475.85 23987.51 23987.51 23987.51 23987.51 23987.51 23987.51 23987.51 23987.51 23987.51 23987.51 22406.74 20321.49 12279.03 8560.321 7145.883 6392.697 2405.036 669.7654 2997.51 3799.739 2627.594 1878.406 1063.072 939.4359 883.771 455.2639 240.9185 359.7061 741.925 434.1954 515.7776
0 0 0 0 0 0 0 0 0 0 0 0 0 0 0 0 0 0 0 0 0 0 0 0 0 0 0 0 0 0 0 0 0 0 0 0 0 0 0 0 0 0 0 0 0 0 0 0 0 0 0 0 0 0 0 0 0 0 599.5246 22064.89 24003.13 24003.13 24003.13 24003.13 24003.13 24003.13 24003.13 24003.13 30639.89 18971.6 14246.81 10249 8711.584 7966.701 6992.413 6987.719 7937.923 2727.41 2220.536 1947.664 2151.344 1984.083 3186.59 4277.372 1333.85 611.894 715.1519 867.4541 2345.327 1426.595
0 0 0 0 0 0 0 0 0 0 0 0 0 0 0 0 0 0 0 0 0 0 0 0 0 0 0 0 0 0 0 0 0 0 0 0 0 0 0 0 0 0 0 0 0 0 0 0 0 0 0 0 0 0 0 0 0 0 0 16196.91 24018.73 24018.73 24018.73 24018.73 24018.73 24018.73 24018.73 24017.24 25821.3 20519.25 11918.11 7203.596 6664.514 5997.515 6249.082 5358.756 5193.639 5472.329 3564.939 1814.307 2395.351 2477.178 2958.66 4048.263 1889.205 2144.634 1269.471 728.2776 2218.814 2652.999
0 0 0 0 0 0 0 0 0 0 0 0 0 0 0 0 0 0 0 0 0 0 0 0 0 0 0 0 0 0 0 0 0 0 0 0 0 0 0 0 0 0 0 0 0 0 0 0 0 0 0 0 0 0 0 0 0 0 0 3645.515 11102.43 20188.67 24034.34 24034.34 24034.34 24034.34 24034.34 23058.85 21837.24 17906.66 10631.28 6361.737 6726.594 8685.279 5950.455 3736.468 3867.076 10091.83 6169.347 2072.761 2547.855 2573.169 2593.704 3462.636 2840.695 4605.666 4923.716 3611.792 2606.728 2815.295
0 0 0 0 0 0 0 0 0 0 0 0 0 0 0 0 0 0 0 0 0 0 0 0 0 0 0 0 0 0 0 0 0 0 0 0 0 0 0 0 0 0 0 0 0 0 0 0 0 0 0 0 0 0 0 0 0 0 0 0 0 90.73114 7009.574 20252.37 21730.22 16435.06 14748.19 9835.558 16663.02 17444.74 14266.64 9992.025 7242.777 7487.268 2819.441 1466.257 1711.374 2958.459 2350.348 1729.692 1934.215 2369.16 2645.919 3789.071 3803.011 4721.297 5027.776 3222.138 2639.532 2838.821
0 0 0 0 0 0 0 0 0 0 0 0 0 0 0 0 0 0 0 0 0 0 0 0 0 0 0 0 0 0 0 0 0 0 0 0 0 0 0 0 0 0 0 0 0 0 0 0 0 0 0 0 0 0 0 0 0 0 0 0 0 0 0 1057.249 6903.098 9626.438 9898.778 10239.2 7678.774 6092.071 4206.28 10861.39 7247.462 6155.785 3213.971 1954.694 1961.983 2015.968 1062.533 818.1526 546.9388 1034.618 1839.717 2723.427 7274.995 14343.35 15777.32 5145.045 3920.224 4803.893
0 0 0 0 0 0 0 0 0 0 0 0 0 0 0 0 0 0 0 0 0 0 0 0 0 0 0 0 0 0 0 0 0 0 0 0 0 0 0 0 0 0 0 0 0 0 0 0 0 0 0 0 0 0 0 0 0 0 0 0 0 0 0 0 16.03588 5343.378 10671.01 7187.861 6193.605 5792.667 5026.114 6661.932 6070.806 3798.163 3309.265 2553.798 2435.023 1995.031 1252.958 819.2523 819.2523 1134.409 2034.999 2020.952 3375.326 9234.702 10347.57 3122.018 2662.301 3678.971
0 0 0 0 0 0 0 0 0 0 0 0 0 0 0 0 0 0 0 0 0 0 0 0 0 0 0 0 0 0 0 0 0 0 0 0 0 0 0 0 0 0 0 0 0 0 0 0 0 0 0 0 0 0 0 0 0 0 0 0 0 0 0 0 0 1.265632 4721.572 10084.61 6472.267 6197.603 6197.603 6241.222 4556.084 3646.77 3705.462 4431.813 2832.999 2079.408 969.7563 1099.992 1443.368 1111.153 1066.948 1221.031 1703.391 5632.103 5491.747 2402.455 2287.959 3083.708
0 0 0 0 0 0 0 0 0 0 0 0 0 0 0 0 0 0 0 0 0 0 0 0 0 0 0 0 0 0 0 0 0 0 0 0 0 0 0 0 0 0 0 0 0 0 0 0 0 0 0 0 0 0 0 0 0 0 0 0 0 0 0 0 0 0 0 6382.792 14469.07 8809.377 6874.251 6280.918 5946.027 3796.725 5140.477 6049.765 5524.749 2326.16 2012.217 3224.167 3125.034 2688.278 1422.989 949.3862 804.1406 2275.773 3290.708 1497.228 1526.079 1993.883
0 0 0 0 0 0 0 0 0 0 0 0 0 0 0 0 0 0 0 0 0 0 0 0 0 0 0 0 0 0 0 0 0 0 0 0 0 0 0 0 0 0 0 0 0 0 0 0 0 0 0 0 0 0 0 0 0 0 0 0 0 0 0 0 0 0 0 17.84215 9834.52 11250.31 8516.649 7700.354 6053.657 5072.519 6027.289 6053.657 6045.244 4687.598 3544.839 3501.619 3493.775 3487.88 2981.392 995.0345 560.3819 973.6735 941.9329 1200.175 1118.41 612.7107
0 0 0 0 0 0 0 0 0 0 0 0 0 0 0 0 0 0 0 0 0 0 0 0 0 0 0 0 0 0 0 0 0 0 0 0 0 0 0 0 0 0 0 0 0 0 0 0 0 0 0 0 0 0 0 0 0 0 0 0 0 0 0 0 0 0 0 0 905.6225 1667.653 1537.492 5364.456 6718.832 6057.515 6057.549 6057.549 6057.549 6006.514 3322.739 2711.295 2225.957 2562.814 2836.991 1396.086 1074.247 875.6134 877.3262 1014.762 1232.135 1074.886
0 0 0 0 0 0 0 0 0 0 0 0 0 0 0 0 0 0 0 0 0 0 0 0 0 0 0 0 0 0 0 0 0 0 0 0 0 0 0 0 0 0 0 0 0 0 0 0 0 0 0 0 0 0 0 0 0 0 0 0 0 0 0 0 0 0 0 0 0 0 0 0 436.9802 383.3577 1081.834 3459.756 4818.082 3717.062 2047.156 1977.629 1931.302 1931.095 1836.447 1723.36 1613.329 1341.186 1724.916 2465.303 1688.337 1436.754
0 0 0 0 0 0 0 0 0 0 0 0 0 0 0 0 0 0 0 0 0 0 0 0 0 0 0 0 0 0 0 0 0 0 0 0 0 0 0 0 0 0 0 0 0 0 0 0 0 0 0 0 0 0 0 0 0 0 0 0 0 0 0 0 0 0 0 0 0 0 0 0 0 0 0 0 326.3112 1740.773 2062.256 2062.256 1986.358 2732.919 3637.158 3080.358 2446.354 1455.215 1814.281 3307.657 3292.943 3243.247
