GISdata/Popn density Austria 2015.asc
ncols         216
nrows         96
xllcorner     9
yllcorner     46
cellsize      0.0416666666667
NODATA_value  -9999
[rows 31 to 61 of 96, columns 70 to 139 of 216]
-9999 -9999 -9999 -9999 -9999 -9999 -9999 -9999 -9999 -9999 -9999 -9999 -9999 -9999 -9999 -9999 -9999 -9999 -9999 -9999 -9999 -9999 -9999 -9999 -9999 -9999 -9999 -9999 -9999 -9999 -9999 -9999 -9999 -9999 -9999 -9999 -9999 -9999 -9999 -9999 -9999 -9999 -9999 -9999 -9999 67.38217 67.38217 67.38217 67.38217 67.38217 67.38217 67.38217 -9999 -9999 -9999 -9999 -9999 -9999 -9999 -9999 -9999 -9999 -9999 -9999 -9999 -9999 -9999 45.64861 45.64861 45.64861
-9999 -9999 -9999 -9999 -9999 -9999 -9999 -9999 -9999 -9999 -9999 -9999 -9999 -9999 -9999 -9999 -9999 -9999 -9999 -9999 -9999 -9999 -9999 -9999 -9999 -9999 -9999 -9999 -9999 -9999 -9999 -9999 -9999 -9999 -9999 -9999 -9999 -9999 -9999 -9999 -9999 -9999 -9999 -9999 -9999 67.38216 67.38217 67.38217 67.38217 67.38217 67.38216 67.38216 -9999 -9999 -9999 -9999 -9999 -9999 -9999 -9999 64.14336 64.14336 -9999 -9999 64.14336 -9999 -9999 45.64861 45.64861 45.64861
-9999 -9999 -9999 -9999 -9999 -9999 -9999 -9999 -9999 -9999 -9999 -9999 -9999 -9999 -9999 -9999 -9999 -9999 -9999 -9999 -9999 -9999 -9999 -9999 -9999 -9999 -9999 -9999 -9999 -9999 -9999 -9999 -9999 -9999 -9999 -9999 -9999 -9999 87.75526 -9999 -9999 -9999 -9999 -9999 -9999 67.38217 67.38217 67.38217 67.38217 67.38217 67.38217 67.38217 67.38216 67.38217 67.45616 106.8051 -9999 -9999 -9999 64.14336 64.14336 64.14336 64.14336 64.14336 64.14336 64.14336 52.01418 45.64861 45.51516 40.95007
-9999 -9999 -9999 -9999 -9999 -9999 -9999 -9999 -9999 -9999 -9999 -9999 -9999 -9999 -9999 -9999 -9999 -9999 -9999 -9999 -9999 -9999 -9999 -9999 -9999 -9999 -9999 -9999 -9999 -9999 -9999 -9999 -9999 -9999 -9999 -9999 87.75526 87.75526 87.75526 87.75526 87.75526 87.75526 -9999 67.38217 67.38216 67.38217 67.38217 67.38217 67.38217 67.38217 67.38217 67.38217 67.38217 67.38217 104.6106 130.3233 130.3233 130.3233 130.3233 105.0293 65.13191 64.14336 64.14336 64.14336 64.14336 64.14336 63.51079 55.67825 53.82085 41.42812
-9999 -9999 -9999 -9999 -9999 -9999 -9999 -9999 -9999 -9999 -9999 -9999 -9999 -9999 -9999 -9999 -9999 -9999 -9999 -9999 -9999 -9999 -9999 -9999 -9999 -9999 -9999 -9999 -9999 -9999 -9999 -9999 -9999 -9999 -9999 -9999 87.75526 87.75526 87.75526 87.75526 87.75526 87.75526 87.75526 76.04145 67.38217 67.38217 67.38217 67.38217 67.38217 67.38217 67.38217 67.38217 67.38217 67.38217 95.08295 130.3233 130.3233 130.3233 128.0979 72.77367 68.27466 64.14336 64.14336 64.14336 64.14336 64.14336 64.14336 64.14336 64.14336 64.14336
-9999 -9999 -9999 -9999 -9999 -9999 -9999 -9999 -9999 -9999 -9999 -9999 -9999 -9999 -9999 -9999 -9999 -9999 -9999 -9999 -9999 -9999 -9999 -9999 -9999 -9999 -9999 -9999 -9999 -9999 -9999 -9999 -9999 -9999 -9999 -9999 87.75526 87.75526 87.75526 87.75526 87.75526 87.75526 87.75526 86.98224 76.06933 68.75108 67.38216 67.38216 67.38216 67.38216 67.38216 67.38216 67.38216 67.38216 115.9985 130.3233 130.3233 130.3233 130.3233 94.55309 64.14336 64.14336 64.14336 64.14336 64.14336 64.14336 64.14336 64.14336 64.14336 64.14336
-9999 -9999 -9999 -9999 -9999 -9999 -9999 -9999 -9999 -9999 -9999 -9999 -9999 -9999 -9999 -9999 -9999 -9999 -9999 -9999 -9999 -9999 -9999 -9999 -9999 -9999 -9999 -9999 -9999 -9999 -9999 -9999 -9999 -9999 -9999 -9999 87.75526 87.75526 87.75526 87.75526 87.75526 87.75526 89.96288 99.92316 95.25742 88.37041 84.8897 109.6223 73.43787 70.22256 67.38217 67.41517 94.93462 98.79195 128.9854 130.3233 130.3233 130.3233 130.3233 123.1981 71.4378 64.14336 64.14336 64.14336 64.14336 64.14336 64.14336 64.14336 64.14336 64.14336
-9999 -9999 -9999 -9999 -9999 -9999 -9999 -9999 -9999 -9999 -9999 -9999 -9999 -9999 -9999 -9999 -9999 -9999 -9999 -9999 -9999 -9999 -9999 -9999 -9999 -9999 -9999 -9999 -9999 -9999 -9999 -9999 -9999 -9999 -9999 87.75526 87.75526 87.75526 87.75526 87.75526 87.75526 87.75526 91.75623 104.8659 105.3468 105.2967 105.2504 110.6171 113.9246 121.4647 86.32666 99.73325 130.3233 130.3233 130.3233 130.3233 131.3054 138.7963 130.3233 130.3233 122.5197 69.00597 64.14336 64.14336 64.14336 64.14336 64.14336 64.14336 64.14336 64.14336
-9999 -9999 -9999 -9999 -9999 -9999 -9999 -9999 -9999 -9999 -9999 -9999 -9999 -9999 -9999 -9999 -9999 -9999 -9999 -9999 -9999 -9999 -9999 -9999 -9999 -9999 -9999 -9999 -9999 -9999 -9999 -9999 -9999 -9999 99.10471 97.93291 90.12236 87.93412 87.77787 87.75526 87.75526 87.75526 87.75526 99.96666 105.3468 105.3468 105.3468 111.7852 121.5585 121.5585 124.6864 130.3233 130.3233 130.3233 130.3233 130.3233 609.4067 884.7906 223.7466 130.3233 115.376 68.6613 64.14336 64.14336 64.14336 66.15768 64.32007 67.43166 70.28297 89.21343
-9999 -9999 -9999 -9999 -9999 -9999 -9999 -9999 -9999 -9999 -9999 -9999 -9999 -9999 -9999 -9999 -9999 -9999 -9999 -9999 -9999 -9999 -9999 -9999 -9999 -9999 -9999 -9999 -9999 -9999 93.35482 99.10471 99.10471 99.10472 99.10472 99.10472 99.10472 98.52628 97.95111 95.0927 89.57804 87.7595 94.10727 103.7562 105.3468 105.3468 108.7442 116.3937 121.5585 121.5585 121.7559 123.9415 125.9335 181.9534 266.1034 209.4381 1311.217 1448.482 295.0416 130.009 126.0931 111.0213 94.356 91.76484 78.66886 102.0515 96.33454 109.2489 109.4633 109.4652
-9999 -9999 -9999 -9999 -9999 -9999 -9999 -9999 -9999 -9999 -9999 -9999 -9999 -9999 -9999 -9999 -9999 -9999 -9999 -9999 -9999 -9999 -9999 -9999 -9999 -9999 90.47665 90.47665 90.47665 90.47665 91.54719 95.02787 98.01336 99.10472 99.10472 99.10472 99.10472 99.10472 99.10472 99.11642 96.21259 93.39955 105.3468 105.3468 105.3468 105.3468 105.603 113.9063 121.4837 121.5585 121.5585 121.6049 158.1405 225.7693 291.8414 291.8414 821.8974 1559.521 1118.764 452.3433 109.4652 109.4652 109.4652 109.4652 109.4652 109.4652 109.4652 109.4652 109.4652 109.4652
-9999 -9999 -9999 -9999 -9999 -9999 -9999 -9999 -9999 -9999 -9999 -9999 -9999 -9999 -9999 -9999 -9999 -9999 -9999 -9999 -9999 -9999 -9999 -9999 90.47665 90.47665 90.47665 90.47665 90.47665 90.47665 90.47665 90.47665 90.57722 93.18526 97.97297 99.10472 99.10472 99.10472 99.10472 100.0379 104.5548 105.3468 105.3468 105.3468 105.3468 105.3468 105.4191 109.309 111.3605 121.7321 153.5471 144.9207 205.3083 263.7874 291.8414 291.8414 500.5622 1127.809 932.376 554.9066 249.5243 240.5485 116.936 99.63728 107.9498 109.4652 109.4652 109.4652 109.4652 109.4652
-9999 -9999 -9999 -9999 -9999 -9999 -9999 -9999 -9999 -9999 -9999 -9999 -9999 -9999 -9999 -9999 -9999 -9999 -9999 -9999 -9999 -9999 90.47665 90.47665 90.47665 90.47665 90.47665 90.47665 90.47665 90.47665 90.47665 90.47665 90.47665 90.73914 97.27658 99.10472 99.10472 99.10472 99.10472 99.10472 100.9183 105.3468 105.3468 105.3468 105.3468 106.9419 117.7547 141.9166 143.5379 688.2034 1210.431 947.5042 170.5803 173.8049 289.7391 291.8414 291.8414 291.8414 291.8414 291.8414 291.8414 203.4303 90.80688 90.80688 93.89085 104.8913 109.3872 105.3531 103.6771 99.98627
-9999 -9999 -9999 -9999 -9999 -9999 -9999 -9999 -9999 -9999 -9999 -9999 -9999 -9999 -9999 -9999 -9999 -9999 -9999 -9999 90.47665 90.47665 90.47665 90.47665 90.47665 90.47665 90.47665 90.47665 90.47665 90.47665 90.47665 90.47665 90.47665 90.646 98.99483 99.10472 99.10472 99.10472 99.10472 99.10472 102.7593 106.9389 105.8296 105.3468 113.8207 135.9308 141.5936 143.5379 143.5379 691.3613 594.2253 297.6047 147.8305 249.2106 291.8414 291.8414 291.8414 291.8414 264.4697 268.7373 290.8941 167.0088 90.80688 90.80688 90.80688 90.82161 93.43822 90.80688 90.80688 90.80688
-9999 -9999 -9999 -9999 -9999 -9999 -9999 -9999 -9999 -9999 -9999 -9999 -9999 -9999 -9999 -9999 -9999 -9999 -9999 90.47665 90.47665 90.47665 90.47665 90.47665 90.47665 90.47665 90.47665 90.47665 90.47665 90.47665 90.47665 90.47665 90.47665 92.13616 99.10432 99.2386 105.5835 109.6214 112.6954 113.7565 116.8157 117.3199 116.8805 115.0859 125.9219 140.7115 143.5379 143.5379 143.5379 143.5379 143.5379 143.5379 139.6812 202.5048 291.6953 277.277 165.0972 127.8552 61.72792 62.64523 158.9237 170.3728 90.80688 90.80688 90.80688 90.80688 90.80688 90.80688 90.80688 90.80688
-9999 -9999 -9999 -9999 -9999 -9999 -9999 -9999 -9999 -9999 -9999 -9999 -9999 -9999 -9999 -9999 -9999 -9999 -9999 -9999 90.47665 90.47665 90.47665 90.47665 90.47665 90.47665 90.47665 90.47665 90.47665 90.47665 90.47665 90.47665 90.47665 95.03456 106.5013 111.8992 117.3199 117.3199 117.3199 117.3199 117.3199 117.3199 117.3199 117.3199 117.3199 121.9417 133.9584 143.5379 143.5379 143.5379 140.0619 115.1121 62.03849 56.34893 103.0009 67.75736 59.77296 59.77296 59.77296 814.8198 1167.855 108.3046 90.80688 90.80688 90.80688 90.80688 90.80688 90.80688 90.80688 90.80688
-9999 -9999 -9999 -9999 -9999 -9999 -9999 -9999 -9999 -9999 -9999 -9999 -9999 -9999 -9999 -9999 -9999 -9999 -9999 -9999 -9999 90.47665 90.47665 100.6963 137.9719 130.5518 140.6792 119.9518 90.98532 90.47665 90.47665 90.47665 93.20343 111.7878 117.3199 117.3199 117.3199 117.3199 117.3199 117.3199 117.3199 117.3199 117.3199 117.3199 116.7904 86.15723 72.33186 103.9976 91.51723 123.8104 99.90044 45.69402 45.69402 46.14793 57.74972 59.77296 59.72021 59.65942 59.77296 346.6573 296.2545 74.4769 90.80688 90.80688 90.80688 90.80688 90.8022 90.78656 90.80688 90.68616
-9999 -9999 -9999 -9999 -9999 -9999 -9999 -9999 -9999 -9999 -9999 -9999 -9999 -9999 -9999 -9999 -9999 -9999 -9999 -9999 -9999 -9999 141.6618 148.017 151.8776 151.8776 151.8776 151.8776 145.7804 124.8634 114.4079 131.4496 145.2466 145.1669 133.4335 117.3199 117.3199 117.3199 117.3199 117.3199 117.3199 117.3199 117.3199 111.9517 77.64005 68.36185 68.09418 68.09418 67.90115 54.606 45.69402 45.69402 45.69402 45.69402 49.35937 54.85532 51.47639 55.65405 59.77296 59.77296 59.77296 60.10817 66.16693 77.33972 89.59962 90.65958 87.54736 86.58207 87.4894 86.43095
-9999 -9999 -9999 -9999 -9999 -9999 -9999 -9999 -9999 -9999 -9999 -9999 -9999 -9999 -9999 -9999 -9999 -9999 -9999 -9999 -9999 -9999 -9999 151.8776 151.8776 151.8776 151.8776 151.8776 151.8776 151.8776 151.8776 151.8776 143.4528 117.8697 124.8868 117.3199 117.3199 117.3199 117.3199 117.3199 117.3199 117.3199 115.1895 89.72185 68.09418 68.09418 68.09418 68.09418 68.09418 61.10538 45.69402 45.69402 45.69402 45.69402 45.69402 45.69402 45.69402 56.45724 59.77296 59.77296 59.77296 59.77296 59.77296 59.77296 63.78012 71.4363 76.94447 79.52357 85.70097 86.61125
-9999 -9999 -9999 -9999 -9999 -9999 -9999 -9999 -9999 -9999 -9999 -9999 -9999 -9999 -9999 -9999 -9999 -9999 -9999 -9999 -9999 -9999 -9999 -9999 151.8776 151.8776 151.8776 151.8776 151.8776 151.8776 151.8776 151.8776 140.5014 117.3199 117.3199 117.3199 117.3199 117.3199 117.3199 117.3199 117.3199 112.3217 73.60562 68.09418 68.09418 68.09418 68.09418 68.09418 68.09418 60.69879 45.91557 45.69402 45.69402 45.69402 45.69402 45.69402 45.69402 49.2331 50.57742 56.55666 59.77296 59.77296 59.77296 59.77296 59.77296 59.77296 59.77296 60.2747 79.28558 88.66289
-9999 -9999 -9999 -9999 -9999 -9999 -9999 -9999 -9999 -9999 -9999 -9999 -9999 -9999 -9999 -9999 -9999 -9999 -9999 -9999 -9999 -9999 -9999 -9999 -9999 393.4768 474.5457 242.6394 151.8776 151.8776 151.8776 151.8776 149.4992 117.3878 117.3199 117.3199 117.3199 117.3199 117.3199 117.3199 113.4634 76.09057 68.09418 68.09418 68.09418 68.09418 68.09418 68.09418 68.09418 68.09418 67.22808 62.95002 47.708 45.69402 45.69402 45.69402 45.69402 45.69402 45.69402 49.54664 59.77296 59.77296 59.77296 59.77296 59.77296 59.77296 59.77296 76.06427 89.17871 90.80688
-9999 -9999 -9999 -9999 -9999 -9999 -9999 -9999 -9999 -9999 -9999 -9999 -9999 -9999 -9999 -9999 -9999 -9999 -9999 -9999 -9999 -9999 -9999 -9999 151.8776 541.5945 1931.339 1953.539 844.9756 154.5808 151.8776 151.8776 151.1795 138.9367 131.5602 122.5149 125.4502 122.9854 119.6308 117.3199 110.7775 71.34294 68.09418 68.09418 68.09418 68.09418 68.09418 68.09418 68.09418 68.08669 61.44592 52.41299 46.65022 45.69402 45.69402 45.69402 45.69402 45.69402 45.69402 49.51915 59.33245 59.77296 59.77296 59.77296 59.77296 59.77296 59.77296 82.58573 90.80688 90.80688
-9999 -9999 -9999 -9999 -9999 -9999 -9999 -9999 -9999 -9999 -9999 -9999 -9999 -9999 -9999 -9999 -9999 -9999 -9999 -9999 -9999 -9999 -9999 -9999 151.8776 185.2766 1733.629 1558.621 598.8282 143.6497 138.6403 151.8776 151.8776 151.8776 151.8776 151.8776 134.1547 85.602 100.158 95.62688 83.73232 68.09418 68.09418 68.09418 68.09418 68.09418 68.09418 68.09418 68.09418 68.09418 58.24694 45.69402 45.69402 45.69402 45.69402 45.69402 45.69402 45.69402 45.69402 45.69402 47.62868 56.64825 59.77296 59.77296 59.77296 59.77296 53.72097 73.96329 90.80688 90.80688
-9999 -9999 -9999 -9999 -9999 -9999 104.527 104.527 104.527 -9999 -9999 -9999 -9999 -9999 -9999 -9999 -9999 -9999 -9999 -9999 -9999 -9999 -9999 151.8776 151.8776 151.8776 151.8776 123.562 91.65988 84.45826 85.17383 120.3829 151.7772 151.8776 151.8776 151.8776 136.6898 101.0121 87.58202 70.42718 68.09418 68.09418 68.09418 68.09418 64.37045 60.07686 55.72438 58.44423 67.32052 68.09418 67.0555 52.01207 45.69402 45.69402 45.69402 45.69402 45.69402 45.69402 45.69402 45.69402 45.69402 52.40971 58.33323 51.48215 44.06519 38.5497 25.55314 29.06011 53.55256 38.93267
-9999 -9999 -9999 -9999 -9999 104.527 104.527 104.527 104.527 104.527 72.16283 53.91322 53.91322 -9999 -9999 -9999 34.25886 34.25886 34.25886 34.25886 34.25886 -9999 -9999 -9999 151.8776 151.8776 -9999 84.33158 84.33158 84.33158 84.33158 84.33158 117.149 136.5557 142.5604 151.6518 151.8776 151.774 123.6452 70.04055 68.09418 68.09418 68.09418 58.34594 27.45117 23.88572 23.88572 24.007 24.62385 31.08661 34.5953 44.51466 45.69402 45.69402 45.69402 45.69402 45.69402 45.69402 45.69402 45.69402 45.69402 44.27222 37.57178 23.88572 23.88572 23.88572 23.88572 23.88572 23.88572 23.88572
-9999 -9999 104.527 -9999 -9999 -9999 104.527 104.527 104.527 101.5784 56.67579 53.91322 53.91322 53.91322 53.91322 47.78827 34.25886 34.25886 34.25886 34.25886 34.25886 34.25886 -9999 -9999 -9999 -9999 -9999 84.33158 84.33158 84.33157 84.33157 84.33157 84.33157 84.33157 84.36758 90.56546 114.7713 133.1321 69.18452 68.09418 68.09418 68.09418 61.93813 23.90444 23.88572 23.88572 23.88572 23.88572 23.88572 23.88572 23.88572 41.09854 45.12403 40.39358 35.86129 38.89524 45.69402 45.69402 44.66557 35.28228 29.19511 23.89241 23.88572 23.88572 23.88572 23.88572 23.88572 25.41407 24.9802 23.88572
104.527 104.527 104.527 104.527 104.527 104.527 104.527 104.527 104.527 91.13667 53.91322 53.91322 53.91322 53.91322 53.91322 51.01246 42.25284 37.45141 34.25886 34.25886 34.25886 34.25886 -9999 -9999 -9999 -9999 -9999 84.33158 84.33158 84.33158 84.33158 84.33158 84.33158 84.33158 84.33158 84.33158 84.33158 84.34828 72.80072 68.09418 68.09418 68.09418 54.69119 23.88572 23.88572 23.88572 23.88572 23.88572 23.88572 23.88572 23.88572 26.89221 24.73146 23.88572 23.88572 24.25002 30.30522 32.37532 24.73143 23.88572 23.88572 23.88572 23.88572 23.88572 23.88572 23.88572 24.56255 44.36818 45.81329 39.61947
104.527 104.527 104.527 104.527 104.527 104.527 104.527 104.527 104.527 82.74842 53.91322 53.91322 53.91322 53.91322 53.91322 53.91322 53.91322 44.91608 34.25886 34.25886 34.25886 34.25886 34.25886 -9999 -9999 -9999 84.33158 84.33157 84.33158 80.6225 76.32343 83.26684 84.33158 84.33158 84.33158 84.33158 84.33158 78.18998 68.18903 68.09418 68.09418 68.09418 67.26754 57.44466 25.75783 23.88572 23.88572 23.88572 23.88572 23.88572 23.88572 23.88572 23.88572 23.88572 23.88572 23.88572 23.88572 23.88572 23.88572 23.88572 23.88572 23.88572 23.88572 23.88572 23.88572 23.88572 23.88572 46.27066 51.57207 51.57207
104.527 104.527 104.527 104.527 104.527 104.527 104.527 104.527 104.527 85.52452 53.91322 53.91322 53.91322 53.91322 53.91322 53.91322 53.91322 49.44313 34.64438 34.25886 34.25886 34.25886 34.25886 34.25886 -9999 -9999 84.33158 67.72011 65.6309 50.31806 46.33547 52.49232 57.69225 74.07603 70.00615 82.16677 84.33159 79.25757 69.12222 68.09418 68.09418 68.09418 68.09418 67.54935 27.50609 23.88572 23.88572 23.88572 23.88572 23.88572 23.88572 23.88572 23.88572 23.88572 23.88572 23.88572 23.88572 23.88572 23.88572 23.88572 23.88572 23.88572 23.88572 23.88572 23.88572 23.88572 40.48567 51.51785 51.57207 51.57207
104.527 104.527 104.527 104.527 101.0636 76.74252 81.7594 85.17348 82.19215 71.75674 53.91322 53.91322 53.91322 53.91322 53.91322 53.91322 53.91322 50.46248 42.13382 34.25886 34.25886 34.25886 34.25886 34.25886 34.25886 34.25886 44.2999 46.33547 46.33547 46.33547 46.33547 46.33547 46.33547 46.33547 46.33547 59.59782 80.01348 68.64874 51.88745 54.88612 53.31567 60.57228 63.844 43.57822 23.89429 23.88572 23.88572 23.88572 23.88572 23.88572 23.88572 23.88572 23.88572 23.88572 23.88572 23.88572 23.88572 23.88572 23.88572 23.88572 24.4797 24.95072 24.17832 23.88572 23.88572 42.23743 51.57169 51.57207 51.57207 51.57207
104.527 104.527 104.527 99.91968 66.87105 53.91322 53.91322 53.91322 53.91322 53.91322 53.91322 53.91322 53.91322 53.91322 53.91322 53.91322 53.72255 37.6511 34.25886 34.25886 34.25886 34.25886 34.25886 34.25886 34.25886 34.25886 38.24728 45.92936 46.33547 46.33547 46.33547 46.33547 46.33547 46.33547 46.33547 46.33547 46.33547 46.33547 46.33547 42.76665 24.45428 23.88572 23.88572 23.88572 23.88572 23.88572 23.88572 23.88572 23.88572 23.88572 23.88572 23.88572 23.88572 23.88572 23.88572 23.88572 23.88572 23.88572 24.11217 32.10878 38.84434 38.70407 38.48181 32.83159 33.83075 49.75668 51.57207 51.57207 51.57207 51.57207
