GISdata/Popn density Sweden 2015.asc
ncols         360
nrows         384
xllcorner     10
yllcorner     54
cellsize      0.0416666666667
NODATA_value  -9999
[rows 124 to 154 of 384, columns 70 to 139 of 360]
-9999 -9999 -9999 -9999 -9999 -9999 -9999 -9999 -9999 -9999 -9999 -9999 -9999 -9999 -9999 -9999 -9999 -9999 -9999 -9999 -9999 -9999 -9999 0.8825259 0.8825259 0.882526 0.882526 0.882526 0.882526 0.882526 0.882526 0.882526 0.882526 0.882526 0.882526 0.882526 0.882526 0.882526 0.882526 0.882526 0.882526 0.882526 0.882526 0.882526 0.882526 0.882526 0.882526 0.882526 0.882526 0.8814651 0.8531244 0.8379924 0.8379924 0.8379924 0.8379924 0.8379924 0.8379924 0.8379924 0.8379924 0.8379924 0.8379924 0.8379924 0.8379924 0.8379924 0.8285158 0.8018281 0.774819 0.7629074 0.7629074 0.7629074
-9999 -9999 -9999 -9999 -9999 -9999 -9999 -9999 -9999 -9999 -9999 -9999 -9999 -9999 -9999 -9999 -9999 -9999 -9999 -9999 -9999 -9999 0.8825259 0.8825259 0.8825259 0.8825259 0.8825259 0.8825259 0.8825259 0.8825259 0.8825259 0.8825259 0.8825259 0.8825259 0.8825259 0.8825259 0.8825259 0.8825259 0.8825259 0.8825259 0.8825259 0.8825259 0.8825259 0.8825259 0.8825259 0.8825259 0.8825259 0.8825259 0.8825259 0.8825259 0.8740196 0.8413737 0.840713 0.8387663 0.8379924 0.8379924 0.8379924 0.8379924 0.8379924 0.8379924 0.8379924 0.8379924 0.8379924 0.8379924 0.8379924 0.8379924 0.8379406 0.8227998 0.7957506 0.7697973
-9999 -9999 -9999 -9999 -9999 -9999 -9999 -9999 -9999 -9999 -9999 -9999 -9999 -9999 -9999 -9999 -9999 -9999 -9999 -9999 0.8825259 0.8825259 0.8825259 0.8825259 0.8825259 0.8825259 0.8825259 0.8825259 0.8825259 0.8825259 0.8825259 0.8825259 0.8825259 0.8825259 0.8825259 0.8825259 0.8825259 0.8825259 0.8825259 0.8825259 0.8825259 0.8825259 0.8825259 0.8825259 0.8825259 0.8825259 0.8825259 0.8825259 0.8825259 0.8825259 0.8825259 0.8825259 0.8825259 0.8783901 0.8684674 0.8491632 0.8379924 0.8379924 0.8379924 0.8379924 0.8379924 0.8379924 0.8379924 0.8379924 0.8379924 0.8379924 0.8379924 0.8379924 0.8379924 0.8368824
-9999 -9999 -9999 -9999 -9999 -9999 -9999 -9999 -9999 -9999 -9999 -9999 -9999 -9999 -9999 -9999 -9999 -9999 -9999 0.8825259 0.8825259 0.8825259 0.8825259 0.8825259 0.8825259 0.8825259 0.8825259 0.8825259 0.8825259 0.8825259 0.8825259 0.8825259 0.8825259 0.8825259 0.8825259 0.8825259 0.8825259 0.8825259 0.8825259 0.8825259 0.8825259 0.8825259 0.8825259 0.8825259 0.8825259 0.8825259 0.8825259 0.8825259 0.8825259 0.8825259 0.8825259 0.8825259 0.8825259 0.8825259 0.8825259 0.8825118 0.8683823 0.8486495 0.8380627 0.8379924 0.8379924 0.8379924 0.8379924 0.8379924 0.8379924 0.8379924 0.8379924 0.8379924 0.8379924 0.8379924
-9999 -9999 -9999 -9999 -9999 -9999 -9999 -9999 -9999 -9999 -9999 -9999 -9999 -9999 -9999 -9999 -9999 -9999 0.8825259 0.8825259 0.8825259 0.8825259 0.8825259 0.8825259 0.8825259 0.8825259 0.8825259 0.8825259 0.8825259 0.8825259 0.8825259 0.8825259 0.8825259 0.8825259 0.8825259 0.8825259 0.8825259 0.8825259 0.8825259 0.8825259 0.8825259 0.8825259 0.8825259 0.8825259 0.8825259 0.8825259 0.8825259 0.8825259 0.8825259 0.8825259 0.8825259 0.8825259 0.8825259 0.8825259 0.8825259 0.8817824 0.8697824 0.862608 0.8391832 0.8379924 0.8379924 0.8379924 0.8379924 0.8379924 0.8379924 0.8379924 0.8379924 0.8379924 0.8379924 0.8379924
-9999 -9999 -9999 -9999 -9999 -9999 -9999 -9999 -9999 -9999 -9999 -9999 -9999 -9999 -9999 -9999 -9999 0.8825259 0.882526 0.8825259 0.8825259 0.8825259 0.8825259 0.8825259 0.8825259 0.8825259 0.8825259 0.8825259 0.8825259 0.8825259 0.8825259 0.8825259 0.8825259 0.8825259 0.8825259 0.8825259 0.8825259 0.8825259 0.8825259 0.8825259 0.8825259 0.8825259 0.8825259 0.8825259 0.8825259 0.8825259 0.8825259 0.8825259 0.8825259 0.8825259 0.8825259 0.8825259 0.8825259 0.8825259 0.8825259 0.8825259 0.8825259 0.8771065 0.8494204 0.8379939 0.8380111 0.8379924 0.8379924 0.8379924 0.8379924 0.8379924 0.8379924 0.8379924 0.8379924 0.8379924
-9999 -9999 -9999 -9999 -9999 -9999 -9999 -9999 -9999 -9999 -9999 -9999 -9999 -9999 -9999 -9999 -9999 0.8825259 0.8825259 0.8825259 0.8825259 0.8825259 0.8825259 0.8825258 0.8825259 0.8825259 0.8825259 0.882526 0.8825259 0.8825259 0.8825259 0.8825259 0.8825259 0.8825259 0.8825259 0.8825259 0.8825259 0.8825259 0.8825259 0.8825259 0.8825259 0.8825259 0.8825259 0.8825259 0.8825259 0.8825259 0.8825259 0.8825259 0.8825259 0.8825259 0.8825259 0.8825259 0.8825259 0.8825259 0.8825259 0.8825259 0.8825259 0.8825259 0.8825223 0.8809716 0.8658145 0.8416717 0.8379924 0.8379924 0.8379924 0.8379924 0.8379924 0.8379924 0.8379924 0.8379924
-9999 -9999 -9999 -9999 -9999 -9999 -9999 -9999 -9999 -9999 -9999 -9999 -9999 -9999 -9999 -9999 -9999 -9999 -9999 -9999 0.8825259 0.8825259 0.8825259 0.8825259 0.8825259 0.8825259 0.8825258 0.8825259 0.8825258 0.8825259 0.8825259 0.8825259 0.8825259 0.8825259 0.8825259 0.8825259 0.8825259 0.8825259 0.8825259 0.8825259 0.8825259 0.8825259 0.8825259 0.8825259 0.8825259 0.8825259 0.8825259 0.8825259 0.8825259 0.8825259 0.8825259 0.8825259 0.8825259 0.8825259 0.8825259 0.8825259 0.8825259 0.8825259 0.8825259 0.8825259 0.8825259 0.8819205 0.8702514 0.838596 0.8379924 0.8555314 0.8728264 0.8398514 0.8379924 0.8379924
-9999 -9999 -9999 -9999 -9999 -9999 -9999 -9999 -9999 -9999 -9999 -9999 -9999 -9999 -9999 -9999 -9999 -9999 -9999 -9999 -9999 -9999 -9999 -9999 0.8825259 0.8825259 0.8825259 0.8825259 0.8825259 0.8825259 0.8825259 0.8825259 0.8825259 0.8825259 0.8825259 0.8825259 0.8825259 0.8825259 0.8825259 0.8825259 0.8825259 0.8825259 0.8825259 0.8825259 0.8825259 0.8825259 0.8825259 0.8825259 0.8825259 0.8825259 0.8825259 0.8825259 0.8825259 0.8825259 0.8825259 0.8825259 0.8825259 0.8825259 0.8825259 0.8825259 0.8825259 0.8825259 0.8825259 0.8602171 0.8379924 0.8639234 0.8825259 0.8505671 0.8379924 0.8379924
-9999 -9999 -9999 -9999 -9999 -9999 -9999 -9999 -9999 -9999 -9999 -9999 -9999 -9999 -9999 -9999 -9999 -9999 -9999 -9999 -9999 -9999 -9999 -9999 -9999 -9999 -9999 -9999 0.8825259 0.8825258 0.8825258 0.8825258 0.8825258 0.8825258 0.8825258 0.8825258 0.8825258 0.8825258 0.8825258 0.8825258 0.8825258 0.8825258 0.8825258 0.8825258 0.8825258 0.8825258 0.8825258 0.8825258 0.8825258 0.8825258 0.8825258 0.8825258 0.8825258 0.8825258 0.8825258 0.8825258 0.8825258 0.8825258 0.8825258 0.8825258 0.8825258 0.8825258 0.8825258 0.880939 0.868379 0.8763691 0.8825258 0.8624312 0.8379924 0.8379924
-9999 -9999 -9999 -9999 -9999 -9999 -9999 -9999 -9999 -9999 -9999 -9999 -9999 -9999 -9999 -9999 -9999 -9999 -9999 -9999 -9999 -9999 -9999 -9999 -9999 -9999 -9999 -9999 0.8825259 1.261008 1.144111 0.882526 0.882526 0.882526 0.882526 0.882526 0.882526 0.882526 0.882526 0.882526 0.882526 0.882526 0.882526 0.882526 0.882526 0.882526 0.882526 0.882526 0.882526 0.882526 0.882526 0.882526 0.882526 0.882526 0.882526 0.882526 0.882526 0.882526 0.882526 0.882526 0.882526 0.882526 0.882526 0.882526 0.882526 0.882526 0.882526 0.8789126 0.8683659 0.8588356
-9999 -9999 -9999 -9999 -9999 -9999 -9999 -9999 -9999 -9999 -9999 -9999 -9999 -9999 -9999 -9999 -9999 -9999 -9999 -9999 -9999 -9999 -9999 -9999 -9999 -9999 -9999 -9999 -9999 1.830091 1.828121 1.469532 1.018294 0.9103852 0.8825259 0.8825259 0.8825259 0.8825259 0.8825259 0.8825259 0.8825259 0.8825259 0.8825259 0.8825259 0.8825259 0.8825259 0.8825259 0.8825259 0.8825259 0.8825259 0.8825259 0.8825259 0.8825259 0.8825259 0.8825259 0.8825259 0.8825259 0.8825259 0.8825259 0.8825259 0.8825259 0.8825259 0.8825259 0.8825259 0.8825259 0.8825259 0.8825259 0.8825259 0.8825259 0.8825259
-9999 -9999 -9999 -9999 -9999 -9999 -9999 -9999 -9999 -9999 -9999 -9999 -9999 -9999 -9999 -9999 -9999 -9999 -9999 -9999 -9999 -9999 -9999 -9999 -9999 -9999 -9999 -9999 -9999 1.830091 1.830091 1.830091 1.830091 1.826605 1.727444 1.536841 1.448771 1.44632 1.339853 1.197989 1.048389 0.9102254 0.8825259 0.8825259 0.8825259 0.8825259 0.8825259 0.8825259 0.8825259 0.8825259 0.8825259 0.8825259 0.8825259 0.8825259 0.8825259 0.8825259 0.8825259 0.8825259 0.8825259 0.8825259 0.8825259 0.8825259 0.8825259 0.8825259 0.8825259 0.8825259 0.8825259 0.8825259 0.8825259 0.8825259
-9999 -9999 -9999 -9999 -9999 -9999 -9999 -9999 -9999 -9999 -9999 -9999 -9999 -9999 -9999 -9999 -9999 -9999 -9999 -9999 -9999 -9999 -9999 -9999 -9999 -9999 -9999 -9999 -9999 1.830091 1.830091 1.830091 1.830091 1.821391 1.387581 0.9120084 0.8925989 1.070839 1.158671 1.653982 1.830091 1.818766 1.738591 1.624469 1.389836 0.8825259 0.8825259 0.8825259 0.8825259 0.8825259 0.8825259 0.8825259 0.8825259 0.8825259 0.8825259 0.8825259 0.8825259 0.8825259 0.8825259 0.8825259 0.8825259 0.8825259 0.8825259 0.8825259 0.8825259 0.8825259 0.8825259 0.8825259 0.8825259 0.8825259
-9999 -9999 -9999 -9999 -9999 -9999 -9999 -9999 -9999 -9999 -9999 -9999 -9999 -9999 -9999 -9999 -9999 -9999 -9999 -9999 -9999 -9999 -9999 -9999 -9999 -9999 -9999 -9999 -9999 1.830091 1.830091 1.830091 1.830091 1.830091 1.830091 1.685538 1.436898 1.375694 1.56734 1.830091 1.830091 1.830091 1.830091 1.830091 1.830091 1.179577 0.8825259 0.8825259 0.8825259 0.8825259 0.8825259 0.8825259 0.8825259 0.8825259 0.8825258 0.8825259 0.8825259 0.8825259 0.882526 0.8825259 0.8825259 0.8825259 0.8825259 0.8825259 0.8825259 0.8825259 0.8825259 0.8825259 0.8825259 0.8825259
-9999 -9999 -9999 -9999 -9999 -9999 -9999 -9999 -9999 -9999 -9999 -9999 -9999 -9999 -9999 -9999 -9999 -9999 -9999 -9999 -9999 -9999 -9999 -9999 -9999 -9999 -9999 -9999 -9999 1.830091 1.830091 1.830091 1.830091 1.830091 1.830091 1.830091 1.830091 1.830091 1.830091 1.830091 1.830091 1.830091 1.830091 1.830091 1.830091 1.725717 0.9321225 0.8825259 0.8825259 0.8825259 0.8825259 0.8825259 0.8825259 0.8825259 0.8825259 0.8825259 0.8825259 0.8825259 0.8825259 0.8825259 0.8825259 0.8825259 0.8825259 0.8825259 0.8825259 0.8825259 0.8825259 0.8825259 0.8825259 0.8825259
-9999 -9999 -9999 -9999 -9999 -9999 -9999 -9999 -9999 -9999 -9999 -9999 -9999 -9999 -9999 -9999 -9999 -9999 -9999 -9999 -9999 -9999 -9999 -9999 -9999 -9999 -9999 -9999 1.830091 1.830091 1.830091 1.830091 1.830091 1.830091 1.830091 1.830091 1.830091 1.830091 1.830091 1.830091 1.830091 1.830091 1.830091 1.830091 1.830091 1.830091 1.399132 0.8825259 0.8825259 0.8825259 0.8825259 0.8825259 0.8825259 0.8825259 0.8825259 0.8825259 0.8825259 0.8825259 0.8825259 0.8825259 0.8825259 0.8825259 0.8825259 0.8825259 0.8825259 0.8825259 0.8825259 0.8825259 0.8825259 0.8825259
-9999 -9999 -9999 -9999 1.046964 1.046964 1.046964 1.046964 1.206105 1.830091 1.830091 -9999 -9999 -9999 -9999 -9999 -9999 -9999 -9999 -9999 -9999 -9999 -9999 -9999 -9999 -9999 -9999 1.830091 1.830091 1.830091 1.830091 1.830091 1.830091 1.830091 1.830091 1.830091 1.830091 1.830091 1.830091 1.830091 1.830091 1.830091 1.830091 1.830091 1.830091 1.830091 1.803449 1.431748 1.029877 0.8825259 0.8825259 0.8825259 0.8825259 0.8825259 0.8825259 0.8825259 0.8825259 0.8825259 0.8825259 0.8825259 0.8825259 0.8825259 0.8825259 0.8825259 0.8825259 0.8825259 0.8825259 0.8825259 0.8825259 0.8825259
1.046964 1.046964 1.046964 1.046964 1.046964 1.046964 1.046964 1.046964 1.048813 1.480399 1.830091 1.830091 1.830091 1.830091 1.830091 1.830091 1.830091 1.830091 1.830091 1.830091 -9999 -9999 -9999 -9999 -9999 -9999 1.830091 1.830091 1.830091 1.830091 1.830091 1.830091 1.830091 1.830091 1.830091 1.830091 1.830091 1.830091 1.830091 1.830091 1.830091 1.830091 1.830091 1.830091 1.830091 1.830091 1.830091 1.830091 1.728546 0.9978784 0.8825259 0.8825259 0.8825259 0.8825259 0.8825259 0.8825259 0.8825259 0.8825259 0.8825259 0.8825259 0.8825259 0.8825259 0.8825259 0.8825259 0.8825259 0.8825259 0.8825259 0.8825259 0.8825259 0.8825259
1.046964 1.046964 1.046964 1.046964 1.046964 1.046964 1.046964 1.046964 1.046964 1.336079 1.830091 1.830091 1.830091 1.830091 1.830091 1.830091 1.830091 1.830091 1.830091 1.830091 1.830091 1.830091 1.830091 1.830091 1.830091 1.830091 1.830091 1.830091 1.830091 1.830091 1.830091 1.830091 1.830091 1.830091 1.830091 1.830091 1.830091 1.830091 1.830091 1.830091 1.830091 1.830091 1.830091 1.830091 1.830091 1.830091 1.830091 1.794045 1.089522 0.8858285 0.882526 0.882526 0.882526 0.882526 0.882526 0.882526 0.882526 0.8825259 0.8825259 0.8825259 0.882526 0.882526 0.882526 0.882526 0.882526 0.882526 0.882526 0.882526 0.882526 0.8825259
1.046964 1.046964 1.046964 1.046964 1.046964 1.046964 1.046964 1.046964 1.046964 1.052274 1.791263 1.830091 1.830091 1.830091 1.830091 1.830091 1.830091 1.830091 1.830091 1.830091 1.830091 1.830091 1.830091 1.830091 1.830091 1.830091 1.830091 1.830091 1.830091 1.830091 1.830091 1.830091 1.830091 1.830091 1.830091 1.830091 1.830091 1.830091 1.830091 1.830091 1.830091 1.830091 1.830091 1.830091 1.830091 1.830091 1.830091 1.830091 1.506047 0.8836279 0.8825259 0.8825259 0.8825259 0.8825259 0.8825259 0.8825259 0.8825259 0.8825259 0.8825259 0.8825259 0.8825259 0.8825259 0.8825259 0.8825259 0.8825259 0.8825259 0.8825259 0.8825259 0.8825259 0.8825259
1.046964 1.046964 1.046964 1.046964 1.046964 1.046964 1.046964 1.046964 1.046964 1.070375 1.79304 1.830091 1.830091 1.830091 1.830091 1.830091 1.830091 1.830091 1.830091 1.830091 1.830091 1.830091 1.830091 1.830091 1.830091 1.830091 1.830091 1.830091 1.830091 1.830091 1.830091 1.830091 1.830091 1.830091 1.830091 1.830091 1.830091 1.830091 1.830091 1.830091 1.830091 1.830091 1.830091 1.830091 1.830091 1.830091 1.830091 1.830091 1.830091 1.376453 0.933377 0.8825259 0.8825259 0.8825259 0.8825259 0.8825259 0.8825259 0.8825259 0.8825259 0.882526 0.8825259 0.8825259 0.8825259 0.8825259 0.8825259 0.8825259 0.8825259 0.8825259 0.8825259 0.8825259
1.046964 1.046964 1.046964 1.046964 1.046964 1.046964 1.046964 1.046964 1.046964 1.064544 1.588413 1.830091 1.830091 1.830091 1.830091 1.830091 1.830091 1.830091 1.830091 1.830091 1.830091 1.830091 1.830091 1.830091 1.830091 1.830091 1.830091 1.830091 1.830091 1.830091 1.830091 1.830091 1.830091 1.830091 1.830091 1.830091 1.830091 1.830091 1.830091 1.830091 1.830091 1.830091 1.830091 1.830091 1.830091 1.830091 1.830091 1.830091 1.830091 1.830091 1.782311 1.263616 0.8881187 0.8825259 0.8825259 0.8825259 0.8825259 0.8825259 0.8825259 0.882526 0.8825259 0.882526 0.8825259 0.8825259 0.8825259 0.8825259 0.8825259 0.8825259 0.8825259 0.8825259
1.046964 1.046964 1.046964 1.046964 1.046964 1.046964 1.046964 1.046964 1.046964 1.046964 1.108622 1.794397 1.830091 1.830091 1.830091 1.830091 1.830091 1.830091 1.830091 1.830091 1.830091 1.830091 1.830091 1.830091 1.830091 1.830091 1.830091 1.830091 1.830091 1.830091 1.830091 1.830091 1.830091 1.830091 1.830091 1.830091 1.830091 1.830091 1.830091 1.830091 1.830091 1.830091 1.830091 1.830091 1.830091 1.830091 1.830091 1.830091 1.830091 1.830091 1.830091 1.759066 1.121714 0.8825259 0.8825259 0.8825259 0.8825259 0.8825259 0.8825259 0.8825259 0.8825259 0.8825259 0.882526 0.8825258 0.8825259 0.8825259 0.8825259 0.8825259 0.8825259 0.8825259
1.046964 1.046964 1.046964 1.046964 1.046964 1.046964 1.046964 1.046964 1.046964 1.046964 1.04758 1.684729 1.830091 1.830091 1.830091 1.830091 1.830091 1.830091 1.830091 1.830091 1.830091 1.830091 1.830091 1.830091 1.830091 1.830091 1.830091 1.830091 1.830091 1.830091 1.830091 1.830091 1.830091 1.830091 1.830091 1.830091 1.830091 1.830091 1.830091 1.830091 1.830091 1.830091 1.830091 1.830091 1.830091 1.830091 1.830091 1.830091 1.830091 1.640556 1.162432 0.8989238 0.8825259 0.8825259 0.8825259 0.8825259 0.8825259 0.8825259 0.8825259 0.8825259 0.8825259 0.8825259 0.8825258 0.8825259 0.8825259 0.8825259 0.8825259 0.8825259 0.8825259 0.8825259
1.046964 1.046964 1.046964 1.046964 1.046964 1.046964 1.046964 1.046964 1.046964 1.046964 1.046964 1.104503 1.466927 1.717239 1.830091 1.830091 1.830091 1.830091 1.830091 1.830091 1.830091 1.830091 1.830091 1.830091 1.830091 1.830091 1.830091 1.830091 1.830091 1.830091 1.830091 1.830091 1.830091 1.830091 1.830091 1.830091 1.830091 1.830091 1.830091 1.830091 1.830091 1.830091 1.830091 1.830091 1.830091 1.830091 1.830091 1.830091 1.469761 0.8873225 0.8825259 0.8825259 0.8825259 0.8825259 0.8825259 0.8825259 0.8825259 0.8825259 0.8825259 0.8825259 0.8825259 0.8825259 0.8825259 0.8825259 0.8825259 0.8825259 0.8825259 0.882526 0.882526 0.882526
1.046964 1.046964 1.046964 1.046964 1.046964 1.046964 1.046964 1.046964 1.046964 1.046964 1.046964 1.046964 1.046964 1.600449 1.830091 1.830091 1.830091 1.830091 1.830091 1.830091 1.830091 1.830091 1.830091 1.830091 1.830091 1.830091 1.830091 1.830091 1.830091 1.830091 1.830091 1.830091 1.830091 1.830091 1.830091 1.830091 1.830091 1.830091 1.830091 1.830091 1.830091 1.830091 1.830091 1.830091 1.830091 1.830091 1.830091 1.80576 1.033843 0.8825259 0.8825259 0.8825259 0.8825259 0.8825259 0.8825259 0.8825259 0.8825259 0.8825259 0.8825259 0.8825259 0.8825259 0.8825259 0.8825259 0.8825259 0.8825259 0.8825259 0.8825259 0.882526 0.8825259 0.8825259
1.046964 1.046964 1.046964 1.046964 1.046964 1.046964 1.046964 1.046964 1.052645 1.153738 1.050353 1.046964 1.102105 1.67665 1.830091 1.830091 1.830091 1.830091 1.830091 1.830091 1.830091 1.830091 1.830091 1.830091 1.830091 1.830091 1.830091 1.830091 1.830091 1.830091 1.830091 1.830091 1.830091 1.830091 1.830091 1.830091 1.830091 1.830091 1.830091 1.830091 1.830091 1.830091 1.830091 1.830091 1.830091 1.830091 1.830091 1.830091 1.178125 0.8825259 0.8825259 0.8825259 0.8825259 0.8825259 0.8825259 0.8825259 0.8825259 0.8825259 0.8825259 0.8825259 0.8825259 0.8825259 0.8825259 0.8825259 0.8825259 0.8825259 0.8825259 0.8825259 0.8825259 0.8843241
1.046964 -9999 -9999 1.046964 1.046964 1.046964 1.046964 1.046964 1.078035 1.761574 1.799873 1.56321 1.122402 1.144054 1.829701 1.830091 1.830091 1.830091 1.830091 1.830091 1.830091 1.830091 1.830091 1.830091 1.830091 1.830091 1.830091 1.830091 1.830091 1.830091 1.830091 1.830091 1.830091 1.830091 1.830091 1.830091 1.830091 1.830091 1.830091 1.830091 1.830091 1.830091 1.830091 1.830091 1.830091 1.830091 1.754441 1.290423 1.048172 0.8825259 0.8825259 0.8825259 0.8825259 0.8825259 0.8825259 0.8825259 0.8825259 0.8825259 0.8825259 0.8825259 0.8825259 0.8825259 0.8825259 0.8825259 0.8825259 0.8825259 0.8825259 0.8825259 0.8825569 1.59364
1.046964 -9999 1.046964 1.046964 1.046964 1.046964 1.046964 1.046964 1.046964 1.095703 1.196164 1.325951 1.461346 1.497268 1.794735 1.830091 1.830091 1.830091 1.830091 1.830091 1.830091 1.830091 1.830091 1.830091 1.830091 1.830091 1.830091 1.830091 1.830091 1.830091 1.830091 1.830091 1.830091 1.830091 1.830091 1.830091 1.830091 1.830091 2.317232 2.088563 1.830091 1.830091 1.830091 1.830091 3.02332 2.860828 1.830091 1.779735 4.836016 1.369121 0.8825259 0.8825259 0.8825259 0.8825259 0.8825259 0.8825259 0.8825259 0.8825259 0.8825259 0.8825259 0.8825259 0.8825259 0.8825259 0.8825259 0.8825259 0.8825259 0.8825259 0.8825259 0.8825259 0.8825259
1.046964 1.046964 1.046964 1.046964 1.046964 1.046964 1.046964 1.046964 1.046964 1.046964 1.046964 1.046964 1.046964 1.18959 1.804554 1.830091 1.830091 1.830091 1.830091 1.830091 1.830091 1.830091 1.830091 1.830091 1.830091 1.830091 1.830091 1.830091 1.830091 1.830091 1.830091 1.830091 1.830091 1.830091 1.830091 1.830091 1.830091 1.830091 2.780728 14.25103 13.63717 14.22753 12.35784 3.166499 12.59852 21.7216 17.52192 20.42314 22.18075 20.29161 6.956503 0.8825259 0.8825259 0.8825259 0.8825259 0.8825259 0.8825259 0.8825259 0.8825259 0.8825259 0.8825259 0.8825259 0.8825259 0.8825259 0.8825259 0.8825259 0.8825259 0.8825259 0.8825259 0.8825259
