GISdata/Popn density Lithuania 2015.asc
ncols         192
nrows         96
xllcorner     20
yllcorner     53
cellsize      0.0416666666667
NODATA_value  -9999
[rows 31 to 61 of 96, columns 70 to 139 of 192]
23.86899 23.86899 23.86899 23.86899 23.86899 23.86899 23.86899 25.74016 28.01506 30.55383 31.40377 31.40377 31.40377 31.40377 31.40377 31.40377 31.40377 31.40377 31.40377 31.40377 31.40377 31.40377 31.40377 31.40377 31.40377 31.40377 28.41438 23.23321 21.09869 21.09869 21.09869 21.09869 21.09869 400.3588 726.6428 596.7003 50.07101 21.09869 21.09869 21.09869 21.09869 21.09632 21.00618 19.86015 18.75392 18.75085 18.81552 18.75085 18.75085 18.75085 18.75085 18.75085 20.34311 20.10531 19.33623 18.7771 18.80443 18.89598 18.75085 18.75085 18.75085 22.36012 41.00237 41.00237 41.00237 41.00237 37.96771 30.32539 18.69665 15.47186
23.86899 23.86899 23.86899 23.86899 23.86899 23.86899 23.86899 23.86899 23.86899 26.58247 31.28701 31.40377 31.40377 31.40377 31.40377 31.40377 31.40377 31.40377 31.40377 31.40377 31.40377 31.40377 31.40377 31.40377 31.38026 30.97183 27.19259 21.09869 21.09869 21.09869 21.09869 21.09869 21.09869 21.09869 21.09869 21.09869 21.09869 21.09869 21.09869 21.09869 21.09869 20.81576 20.17501 19.29628 18.75085 18.75085 18.75085 18.75085 18.75085 18.75085 18.75085 18.75085 18.75085 18.75085 18.75085 18.75085 18.75085 18.75085 18.75085 18.75085 19.09375 32.11835 41.00237 41.00237 41.00237 41.00237 41.00237 41.00237 28.00835 17.20499
23.86899 23.86899 23.86899 23.86899 23.86899 23.86899 23.86899 23.86899 23.86899 25.14378 30.99472 31.40377 31.40377 31.40377 31.40377 31.40377 31.40377 31.40377 31.40377 31.40377 31.40377 31.40377 31.40377 30.79515 22.16155 21.72996 21.09869 21.09869 21.09869 21.09869 21.09869 21.09869 21.09869 21.09869 21.09869 21.09869 21.09869 21.09869 21.09869 21.09869 21.09869 21.09869 20.13811 19.1017 18.75085 18.75085 18.75085 18.75085 18.75085 18.75085 18.75085 18.75085 18.75085 18.75085 18.75085 18.75085 18.75085 18.75085 18.75085 18.76101 26.32255 34.00773 41.00237 41.00237 41.00237 41.00237 41.00237 41.00237 39.55769 39.8843
23.86899 23.86899 23.86899 23.86899 25.27276 25.27955 25.62922 25.43196 23.88087 24.6654 29.83709 31.40377 31.40377 31.40377 31.40377 31.40377 31.40377 31.40377 31.40377 31.40377 31.40377 31.7412 33.00601 31.05466 21.09869 21.09869 21.09869 21.09869 21.09869 21.09869 21.09869 21.09869 21.09869 21.09869 21.09869 21.09869 21.09869 21.09869 21.09869 21.09869 21.09869 21.07377 18.99874 18.75085 18.75085 18.75085 18.75085 18.75085 18.75085 18.75085 18.75085 18.75085 18.75085 18.75085 18.75085 18.75085 18.75085 18.75085 18.75085 19.89398 39.19931 41.00237 41.00237 41.00237 41.00237 41.00237 41.00237 41.00237 41.00237 41.00237
23.86899 23.86899 24.04025 24.48638 27.57551 27.61193 27.61193 27.41039 26.88314 27.56406 27.75291 29.40472 31.15445 30.58855 29.46458 30.61266 31.40377 31.40377 31.93137 34.2901 37.22886 39.17903 39.66611 39.49361 29.092 26.04082 22.63465 21.09869 21.09869 21.09869 21.09869 21.09869 21.09869 21.09869 21.09869 21.09869 21.09869 21.09869 21.09869 21.09869 21.09869 23.16549 19.81182 18.9011 18.75085 18.75085 18.75085 18.75085 18.75085 18.75085 18.75085 18.75085 18.75085 18.75085 18.75085 18.75085 18.75085 18.75085 18.75085 21.89492 40.47157 41.00237 41.00237 41.00237 41.00237 41.00237 41.00237 41.00237 41.00237 41.00237
26.14456 26.77853 27.35348 27.61193 27.61193 27.61193 27.61193 27.61193 27.61193 27.61193 27.61193 27.61193 27.68929 28.07452 27.61193 28.66735 33.4101 34.32438 39.26187 39.66611 39.66611 39.66611 39.66611 39.66611 39.66611 39.66611 36.79869 23.75292 21.09869 21.09869 22.5153 25.34286 21.09869 21.09869 21.09869 21.09869 21.09869 21.09869 21.14914 21.15273 21.09869 26.75071 33.7834 30.48858 23.71744 18.75085 18.75085 18.75085 18.75085 18.75085 18.75085 18.75085 18.75085 18.75085 18.75085 18.75085 18.75085 18.75085 20.7117 37.17491 41.00237 41.00237 41.00237 41.00237 41.00237 41.00237 41.00237 41.00237 41.00237 41.00237
27.61193 27.61193 27.61193 27.61193 27.61193 27.61193 27.61193 27.61193 27.61193 27.61193 27.61193 27.61193 27.61193 27.61193 27.61193 32.97032 39.44294 39.66611 39.66611 39.66611 39.66611 39.66611 39.66611 39.66611 39.66611 39.66611 39.52526 32.10874 35.01012 31.03683 35.97233 39.109 34.74053 34.26141 31.1185 23.57178 21.09869 21.09869 22.1441 32.4922 31.80127 33.56593 33.82254 33.82254 33.31807 24.28159 18.75085 18.75085 18.75085 18.75085 18.75085 18.75085 18.75085 18.75085 18.75085 18.75085 18.75085 18.75085 21.69347 37.08312 40.91718 41.00237 41.00237 41.00237 41.00237 41.00237 41.00237 41.00237 41.00237 41.00237
27.61193 27.61193 27.61193 27.61193 27.61193 27.61193 27.61193 27.61193 27.61193 27.61193 27.61193 27.61193 27.61193 27.61193 27.61193 32.77524 38.70337 39.66611 39.66611 39.66611 39.66611 39.66611 39.66611 39.66611 39.66611 39.66611 39.66611 39.66611 39.66611 39.66611 39.66611 39.66611 39.66611 39.66611 39.66611 33.8511 27.52023 29.31754 33.30967 33.82254 33.82254 33.82254 33.82254 33.82254 32.14971 18.75825 18.75085 18.75085 18.75085 18.75085 18.75085 18.75085 18.75081 18.74921 18.61814 18.63225 18.69541 18.6718 18.66256 18.54873 27.38205 29.79222 34.45526 37.31951 37.05619 39.5223 39.91731 40.99995 41.00237 41.00237
27.61193 27.61193 27.61193 27.61193 27.61193 27.61193 27.61193 27.61193 27.61193 27.61193 27.61193 27.61193 27.61193 27.61193 27.61193 27.61193 31.82868 39.6235 39.66611 39.66611 39.66611 39.66611 39.66611 39.66611 39.66611 39.66611 39.66611 39.66611 39.66611 39.66611 39.66611 39.66611 39.66611 39.66611 39.66611 38.53782 34.28382 33.82254 33.82254 33.82254 33.82254 33.82254 33.82254 33.82254 33.74805 30.80546 27.02028 24.57855 24.26598 21.85735 18.75085 18.74777 18.61593 18.54864 18.53205 18.53205 18.53205 18.53205 18.53205 18.53205 18.53205 18.53205 18.53205 18.53205 18.53205 19.32519 19.43033 23.49471 39.68115 41.00237
26.02916 26.91043 27.61193 27.61193 27.61193 27.61193 27.61193 27.61193 27.61193 27.61193 27.61193 27.61193 27.61193 27.61193 27.61193 27.61193 30.07757 39.04563 39.66611 39.66611 39.66611 39.66611 39.66611 39.66611 39.66611 39.66611 39.66611 39.66611 39.66611 39.66611 39.66611 39.66611 39.66611 39.66611 40.1503 36.85913 33.82254 33.82254 33.82254 33.82254 33.82254 33.82254 33.82254 33.82254 33.82254 33.82254 33.82254 33.82254 33.82254 29.63705 26.42734 25.00478 18.72237 18.53701 18.53205 18.53205 18.53205 18.53205 18.53205 18.53205 18.53205 18.53205 18.53205 18.53205 18.53205 18.53205 18.53205 24.90917 30.59392 38.68587
24.68969 25.01984 26.86681 27.23905 26.99683 26.70133 27.17977 27.61193 27.61193 27.61193 27.61193 27.61193 27.61193 27.61193 27.61193 28.75643 37.14979 39.66611 39.66611 39.66611 39.66611 39.66611 39.66611 39.66611 39.66611 39.66611 39.66611 39.66611 39.66611 39.66611 42.02203 46.99917 46.58067 48.53486 53.87957 55.75037 36.41198 33.82254 33.82254 33.82254 33.82254 33.82254 33.82254 33.82254 33.82254 33.82254 33.82254 33.82254 33.82254 33.82254 33.82254 33.82254 28.74047 22.03289 21.05805 18.53205 18.53205 18.53205 18.53205 18.53205 18.53205 18.53205 18.53205 18.53205 18.53205 18.53205 18.39713 17.90965 17.85662 22.41357
24.68969 24.68969 24.68969 24.69146 24.68969 24.68969 25.42206 25.96285 25.99099 25.52675 26.03186 27.44109 27.40249 27.61193 27.61193 28.20579 37.04312 39.66611 39.66611 39.66611 39.66611 39.66611 39.66611 39.66611 39.66611 39.66611 39.66611 39.66611 39.66611 42.71078 54.74177 55.97981 55.97981 55.97981 55.97981 55.58676 45.75444 43.46234 34.04397 33.82254 33.82254 33.82254 33.82254 33.82254 33.82254 33.82254 33.82254 33.82254 33.82254 33.82254 33.82254 33.82254 33.82254 33.28691 21.13325 18.94101 18.53205 18.53205 18.53205 18.53205 18.53205 18.53205 18.53205 18.53205 18.53205 18.50585 17.98504 17.85662 17.85662 17.85662
24.68969 24.68969 24.68969 24.68969 24.68969 24.68969 24.68969 24.68969 24.68969 24.68969 24.68969 24.70341 24.74982 29.26981 44.57327 33.68101 39.66611 39.66611 39.66611 39.66611 39.66611 40.18233 44.97706 40.17583 39.66611 39.66611 39.66611 44.71488 52.09787 54.87153 55.97981 55.97981 55.97981 55.97981 55.97981 55.97981 55.97981 50.44227 33.84377 33.82254 33.82254 33.82254 33.82254 33.82254 33.82254 33.82254 33.82254 33.82254 33.82254 33.82254 33.82254 33.82254 33.82254 33.82254 33.82248 27.89441 19.07726 18.53205 18.53205 18.53205 18.53205 18.53205 18.53205 18.53205 18.53205 18.38652 17.99825 17.85824 17.85662 17.85662
24.68969 24.68969 24.68969 24.68969 24.68969 24.68969 24.68969 24.68969 24.68969 24.68969 24.68969 24.68969 24.68969 39.40608 54.77857 52.13867 49.28709 50.89104 51.17123 52.1044 51.29896 53.24958 54.77857 50.97591 46.15512 42.3947 42.53243 54.23046 55.97981 55.97981 55.97981 55.97981 55.97981 55.97981 55.97981 55.97981 55.97981 55.97981 46.72177 33.87975 33.82254 33.82254 33.82254 33.82254 33.82254 33.82254 33.82254 33.82254 33.22076 29.21457 26.206 27.75766 31.95856 28.98882 23.05135 19.0112 18.53205 18.53205 18.53205 18.53205 18.53205 18.53205 18.53205 18.53205 18.53205 18.53205 18.53184 18.07721 17.88668 17.85876
25.18358 28.47975 32.7818 33.48702 30.33876 27.44533 26.26836 24.69761 24.68969 24.68969 24.68969 24.68969 29.57339 51.13098 54.77857 54.77857 54.77857 54.77857 54.77857 54.77857 54.77857 54.77857 54.77857 54.77857 54.77857 54.12421 53.3943 55.15383 55.94629 55.97981 55.97981 55.97981 55.97981 55.97981 55.97981 55.97981 55.97981 55.97981 55.97932 49.3054 33.08331 28.1406 30.48526 27.02358 25.52941 25.63774 27.95262 26.56668 23.50018 21.92422 21.92422 21.92422 21.92422 21.18992 19.37084 18.70805 18.53205 18.53205 18.53205 18.53205 18.53205 18.53205 18.53205 18.53205 18.53205 18.53205 18.53205 18.5204 18.19248 17.86966
43.00624 43.19339 43.19339 43.19339 43.19339 43.19339 43.19339 41.68213 39.79609 37.02017 36.74769 39.26465 46.89223 52.58917 53.99625 54.55106 54.77857 54.77857 54.77857 54.77857 54.77857 54.77857 54.77857 54.77857 54.77857 54.77857 54.77857 55.02653 55.86546 55.97981 55.97981 55.97981 55.97981 55.97981 55.97981 55.97981 55.97981 55.97981 55.97981 55.97981 48.9833 25.76271 21.92422 21.92422 21.92422 21.92422 21.92422 21.92422 21.92422 21.92422 21.92422 21.92422 21.92422 21.92422 21.92422 20.37373 20.59796 19.11278 18.53205 18.53205 18.53205 18.61547 18.48925 18.36566 18.21391 18.25833 18.51014 18.42475 17.88049 17.85662
43.19339 43.19339 43.19339 43.19339 43.19339 43.19339 43.19339 43.19339 43.19339 43.19339 43.19339 43.19339 43.19339 43.19339 43.19877 43.802 54.42553 54.77857 54.77857 54.77857 54.77857 54.77857 54.77857 54.77857 54.77857 54.77857 54.77857 54.96802 55.66379 55.97981 55.97981 55.97981 55.97981 55.97981 55.97981 55.97981 49.89593 47.28069 50.35027 52.594 32.66734 21.92426 21.92422 21.92422 21.92422 21.92422 21.92422 21.92422 21.92422 21.92422 21.92422 21.92422 21.92422 21.92422 27.34209 41.31588 41.58169 39.19829 36.53302 38.54329 37.69666 39.90442 39.70803 27.79708 18.72576 17.85662 17.86074 17.94037 17.87288 17.85662
43.19339 43.19339 43.19339 43.19339 43.19339 43.19339 43.19339 43.19339 43.19339 43.19339 43.19339 43.19936 46.79021 47.53892 50.29674 54.71952 54.77857 54.77857 54.77857 54.77857 54.77857 54.77857 54.77857 59.62221 71.6461 54.77857 54.77857 54.77857 55.30835 55.96819 55.97981 55.95992 55.97981 52.83951 48.03861 45.69415 36.55799 31.91626 31.93526 31.08956 25.38776 22.28222 21.92422 21.92422 21.92422 21.92422 21.92422 21.92422 21.92422 21.92422 21.92422 21.92422 21.92422 22.62278 27.62656 41.58169 41.58169 41.58169 41.58169 41.58169 41.58169 41.58169 41.58169 41.58169 38.58158 30.40679 19.87433 17.85662 17.85662 17.85662
43.19339 43.19339 43.19339 43.19339 43.19339 43.19339 43.19339 43.19339 43.19339 43.19339 43.19339 44.7671 48.81151 53.18151 54.77857 54.77857 54.77857 54.77857 54.77857 54.77857 359.7215 1515.67 1458.692 2019.369 2226.146 1180.909 742.8737 501.0352 69.38677 46.45653 36.96069 38.04405 35.87686 31.9786 31.91626 31.91626 31.91626 31.91626 31.91626 31.91626 31.91626 30.94678 26.76163 25.39684 22.78271 21.92422 21.92422 21.92422 21.92422 21.92422 21.92422 21.92422 21.92422 32.26757 41.52593 41.58169 41.58169 41.58169 41.58169 41.58169 41.58169 41.58169 41.58169 41.58169 41.58169 35.23566 20.51567 17.85662 17.85662 17.85662
43.19339 43.19339 43.19339 43.19339 43.19339 43.19339 43.19339 43.19339 43.19339 43.19339 43.19339 43.19339 43.19339 47.53915 50.64436 52.07194 54.77857 54.77857 54.77857 54.77857 60.39613 571.6358 1244.385 2278.663 2278.663 2278.663 2170.748 678.4873 99.87675 32.95682 31.91626 31.91626 31.91626 31.91626 31.91626 31.91626 31.91626 31.91626 31.91626 31.91626 31.91626 31.91626 31.91626 31.91626 31.68198 26.663 22.31793 22.96237 22.3523 24.59133 26.42011 27.90194 26.95802 36.71444 41.58169 41.58169 41.58169 41.58169 41.58169 41.58169 41.58169 41.58169 41.58169 41.58169 41.58169 34.81721 26.38284 17.85662 17.85662 17.85662
43.19339 43.19339 43.19339 43.19339 43.19339 43.19339 43.19339 43.19339 43.19339 43.19339 43.19339 43.19339 43.19339 43.19339 43.19339 46.21724 51.05302 54.77151 54.77857 54.77857 54.77857 69.77024 1103.398 1238.092 1918.018 2042.129 1266.538 54.77857 54.77857 52.27565 42.63225 31.95603 31.91626 31.91626 31.91626 31.91626 31.91626 31.91626 31.91626 31.91626 31.91626 31.91626 31.91626 31.91626 31.91626 31.91626 34.28539 39.37299 40.29342 39.63147 41.58169 41.58169 41.58169 41.58169 41.58169 41.58169 41.58169 41.58169 41.58169 41.58169 41.58169 41.58169 41.58169 41.58169 41.58169 41.58169 40.69799 31.22776 17.85662 17.85662
43.19339 43.19339 43.19339 43.19339 43.19339 43.19339 43.19339 43.19339 43.19339 43.19339 43.19339 43.19339 43.19339 43.19339 43.19339 43.19339 44.47658 48.96852 45.12176 48.6269 53.03757 54.77857 54.77857 54.77857 123.9553 54.80249 54.77857 54.77857 54.77857 45.17551 46.82731 44.36287 31.91626 31.91626 31.91626 31.91626 31.91626 31.91626 31.91626 31.91626 31.91626 31.91626 31.91626 31.91626 31.91626 31.91626 31.91626 38.3958 36.69104 40.43681 41.58169 41.58169 41.58169 41.58169 41.58169 41.58169 158.418 1135.049 717.3574 499.2634 306.5893 41.58169 41.58169 41.58169 41.58169 41.58169 41.58169 40.62405 18.16806 -9999
43.19339 43.19339 43.19339 43.19339 43.19339 43.19339 43.19339 43.19339 43.19339 43.19339 43.19339 43.19339 43.19339 43.19339 43.19339 43.19339 41.21286 34.77286 32.17466 32.17466 39.26388 52.07312 54.77857 54.75662 52.98046 51.26898 42.89005 48.52496 54.20156 41.3634 31.91626 31.91626 31.91626 31.91626 31.91626 31.91626 31.91626 31.91626 31.91626 31.91626 31.91626 31.91626 31.91626 31.91626 31.91626 31.91626 31.91626 32.28988 33.42252 39.67445 41.58169 41.58169 41.58169 41.58169 155.5615 260.1277 970.6743 1384.352 1384.352 1384.352 1241.643 41.58169 41.58169 41.58169 41.58169 41.58169 41.58169 41.58169 -9999 -9999
43.19339 43.19339 43.19339 43.19339 43.19339 43.19339 43.19339 43.19339 43.19339 43.19339 43.19339 43.19339 43.19339 43.19339 43.19339 43.19339 43.19339 38.21563 32.17466 32.17466 32.17466 36.21205 41.4369 35.28389 32.35635 32.17466 32.17466 32.30062 32.88198 32.35468 31.91626 31.91626 31.91626 31.91626 31.91626 31.91626 31.91626 31.91626 31.91626 31.91626 31.91626 31.91626 31.91626 31.91626 31.91626 31.91626 31.91626 31.91626 31.91626 33.50137 36.90245 39.82291 42.52337 311.2785 734.1263 1384.352 1384.352 1384.352 1384.352 1310.776 439.1389 41.58169 41.58169 41.58169 41.58169 41.58169 41.58169 41.58169 -9999 -9999
43.19339 43.19339 43.19339 43.19339 43.19339 43.19339 43.19339 43.19339 43.19339 43.19339 43.19339 43.19339 43.19339 43.19339 43.19339 43.19339 43.19339 40.03863 32.19186 32.17466 32.17466 32.17466 32.17466 32.17466 32.17466 32.17466 32.17466 32.17343 32.00827 32.03162 32.06009 31.95067 31.96075 31.9561 31.93858 31.91626 31.91626 31.91626 31.91626 31.91626 31.91626 31.91626 31.91626 31.91626 31.91626 31.91626 31.91626 31.91626 31.91626 31.91626 31.91626 216.8466 462.9844 758.3304 1002.239 1384.352 1384.352 1384.352 1384.352 1263.404 988.1002 243.7211 41.58169 41.58169 41.58169 41.58169 41.58169 41.58169 -9999 -9999
43.19339 43.19339 43.19339 43.19339 43.19339 43.19339 43.19339 43.19339 43.19339 43.19339 43.19339 43.19339 43.19339 43.19339 43.19339 43.19339 43.19339 40.4394 32.54307 32.17466 32.17466 32.17466 32.17466 32.17466 32.17466 47.86928 33.88104 32.17466 32.17466 32.17466 32.17466 32.17408 32.17466 32.17466 32.17422 32.06608 31.97965 31.92986 31.91626 31.91626 31.91626 31.91626 31.91626 31.91626 31.91626 31.91626 31.91626 31.91626 31.91626 31.91626 59.28373 490.412 1253.99 1384.352 1384.352 1384.352 1384.352 1180.256 773.9777 104.646 41.58169 41.58169 41.58169 41.58169 41.58169 41.58169 41.58169 41.58169 41.58169 -9999
43.19339 43.19339 43.19339 43.19339 43.19339 43.19339 43.19339 43.19339 43.19339 43.19339 43.19339 43.19339 43.19339 43.19339 43.19339 43.19339 43.19339 41.33455 35.897 32.17466 32.17466 32.17466 32.17466 32.17466 32.19642 48.57475 60.00985 59.55901 39.93188 32.17466 32.17466 32.17466 32.17466 32.17466 32.17466 32.17466 32.12572 31.99142 31.91626 31.91626 31.91626 31.91626 31.91626 31.91626 31.91626 31.91626 31.91626 31.91626 31.91626 31.91626 64.04743 361.6259 948.8208 1379.869 952.9221 1220.575 1066.057 695.8525 41.58169 41.58169 41.58169 41.58169 41.58169 41.58169 41.58169 41.58169 41.58169 41.58169 41.58169 -9999
43.19339 43.19339 43.19339 43.19339 43.19339 43.19339 43.19339 43.19339 43.19339 43.19339 43.19339 43.19339 43.19339 43.19339 43.19339 43.19339 43.19339 42.92418 36.5371 33.22752 32.35272 32.17466 32.17466 35.04812 45.83168 60.17312 60.9735 54.12445 63.99258 51.36992 31.85137 29.58467 30.63111 32.17466 32.17466 32.17448 31.94036 31.91626 31.91626 31.91626 31.91626 31.91626 31.91626 31.91626 31.91626 31.91626 31.91626 31.91626 31.91626 31.91626 32.59283 38.44983 146.7352 328.1848 248.6481 100.723 41.58169 41.58169 41.58169 41.58169 41.58169 41.58169 41.58169 41.58169 41.58169 41.58169 41.58169 41.58169 41.58169 -9999
43.19339 43.19339 43.19339 43.19339 43.19339 43.19339 43.19339 43.19339 43.19339 43.19339 43.19339 43.19339 43.19339 43.19339 43.19339 43.19339 42.78524 38.11214 43.12585 43.19046 37.66298 32.1909 32.17466 41.61263 59.74723 64.63375 29.55876 24.19049 30.48384 27.96692 25.24234 24.19049 25.40348 27.50266 27.4354 27.61274 31.84837 31.91626 31.91626 31.91626 31.91626 31.91626 31.91626 31.91626 31.91626 31.91626 31.91626 31.91626 31.91626 31.91626 31.91626 31.91626 31.91626 34.18766 41.29322 40.90201 41.58169 41.58169 41.55051 41.52886 41.33634 41.58169 41.58169 41.58169 41.58169 41.58169 41.58169 -9999 -9999 -9999
43.19339 43.19339 43.19339 43.19339 43.19339 43.19339 43.19339 43.19339 43.19339 43.19339 43.19339 43.19339 43.19339 43.19339 40.16322 35.79147 29.17654 24.19049 32.56274 36.14502 35.25062 30.16071 30.48684 30.26081 27.69422 31.78046 24.74964 24.19049 24.19049 24.19049 24.19049 24.19049 24.19049 24.19049 24.19049 25.30855 31.00517 31.91626 31.91626 31.91626 31.91626 31.91626 31.91626 31.91626 31.91626 31.91626 31.91626 31.91626 31.91626 31.91626 31.91626 31.22348 28.29261 32.15665 29.15256 32.20858 38.96396 34.59529 26.06244 25.66893 27.06297 30.14363 35.09424 36.10095 31.14227 37.53321 -9999 -9999 -9999 -9999
43.19339 43.19339 43.19339 43.19339 43.19339 43.19339 43.19339 43.19339 43.19339 43.19339 43.19339 43.19339 43.19339 43.19339 29.32681 23.9303 24.19049 24.19049 24.19049 24.19049 24.19049 24.19049 24.34707 24.20363 24.19049 24.19049 930.6721 394.9074 24.19049 24.19049 24.19049 24.19049 24.19049 24.19049 24.19049 24.20744 27.63854 28.55145 26.13112 31.58136 24.19797 19.70089 21.81181 29.88874 31.91626 31.91626 31.91626 31.65797 26.15221 23.09997 24.59599 26.27715 25.24957 25.24957 25.24957 25.24957 25.24957 25.24957 25.24957 25.24957 25.24957 25.24957 25.24957 25.24957 25.24957 25.24957 -9999 -9999 -9999 -9999
