GISdata/Popn density Poland 2015.asc
ncols         288
nrows         192
xllcorner     13
yllcorner     48
cellsize      0.0416666666667
NODATA_value  -9999
[rows 29 to 57 of 192, columns 198 to 263 of 288]
-9999 -9999 -9999 -9999 -9999 -9999 -9999 -9999 -9999 -9999 -9999 -9999 -9999 -9999 -9999 -9999 -9999 -9999 -9999 -9999 -9999 -9999 -9999 -9999 -9999 -9999 -9999 -9999 -9999 -9999 -9999 -9999 -9999 -9999 -9999 -9999 -9999 -9999 -9999 -9999 -9999 -9999 -9999 -9999 -9999 -9999 -9999 -9999 -9999 -9999 -9999 -9999 -9999 -9999 -9999 -9999 -9999 -9999 -9999 -9999 -9999 -9999 -9999 -9999 -9999 -9999
-9999 -9999 -9999 -9999 -9999 -9999 -9999 -9999 -9999 -9999 -9999 -9999 -9999 -9999 -9999 -9999 -9999 -9999 -9999 -9999 -9999 -9999 -9999 -9999 -9999 -9999 -9999 -9999 -9999 -9999 -9999 -9999 -9999 -9999 -9999 -9999 -9999 -9999 -9999 -9999 -9999 -9999 -9999 -9999 -9999 -9999 -9999 -9999 -9999 -9999 -9999 -9999 -9999 -9999 -9999 -9999 -9999 -9999 -9999 -9999 -9999 -9999 -9999 -9999 -9999 -9999
-9999 -9999 -9999 -9999 -9999 -9999 -9999 -9999 -9999 -9999 -9999 -9999 -9999 -9999 -9999 -9999 -9999 -9999 -9999 -9999 -9999 -9999 -9999 -9999 -9999 -9999 -9999 -9999 -9999 -9999 -9999 -9999 -9999 -9999 -9999 -9999 -9999 -9999 -9999 -9999 -9999 -9999 -9999 -9999 -9999 -9999 -9999 -9999 -9999 -9999 -9999 -9999 -9999 -9999 -9999 -9999 -9999 -9999 -9999 -9999 -9999 -9999 -9999 -9999 -9999 -9999
-9999 -9999 -9999 -9999 -9999 -9999 -9999 -9999 -9999 -9999 -9999 -9999 -9999 -9999 -9999 -9999 -9999 -9999 -9999 -9999 -9999 -9999 -9999 -9999 -9999 -9999 -9999 -9999 -9999 -9999 -9999 -9999 -9999 -9999 -9999 -9999 -9999 -9999 -9999 -9999 -9999 -9999 -9999 -9999 -9999 -9999 -9999 -9999 -9999 -9999 -9999 -9999 -9999 -9999 -9999 -9999 -9999 -9999 -9999 -9999 -9999 -9999 -9999 -9999 -9999 -9999
-9999 -9999 -9999 -9999 -9999 -9999 -9999 -9999 -9999 -9999 -9999 -9999 -9999 -9999 -9999 -9999 -9999 -9999 -9999 -9999 -9999 -9999 -9999 -9999 -9999 -9999 -9999 -9999 -9999 -9999 -9999 -9999 -9999 -9999 -9999 -9999 -9999 -9999 -9999 -9999 -9999 -9999 -9999 -9999 -9999 -9999 -9999 -9999 -9999 -9999 -9999 -9999 -9999 -9999 -9999 -9999 -9999 -9999 -9999 -9999 -9999 -9999 -9999 -9999 -9999 -9999
-9999 -9999 -9999 -9999 -9999 -9999 -9999 -9999 -9999 -9999 -9999 -9999 -9999 -9999 -9999 -9999 -9999 -9999 -9999 -9999 -9999 -9999 -9999 -9999 -9999 -9999 -9999 -9999 -9999 -9999 -9999 -9999 -9999 -9999 -9999 -9999 -9999 -9999 -9999 -9999 -9999 -9999 -9999 -9999 -9999 -9999 -9999 -9999 -9999 -9999 -9999 -9999 -9999 -9999 -9999 -9999 -9999 -9999 -9999 -9999 -9999 -9999 -9999 -9999 -9999 -9999
-9999 -9999 -9999 -9999 -9999 -9999 -9999 -9999 -9999 -9999 -9999 -9999 -9999 -9999 -9999 -9999 -9999 -9999 -9999 -9999 -9999 -9999 -9999 -9999 -9999 -9999 -9999 -9999 -9999 -9999 -9999 -9999 -9999 -9999 -9999 -9999 -9999 -9999 -9999 -9999 -9999 -9999 -9999 -9999 -9999 -9999 -9999 -9999 -9999 -9999 -9999 -9999 -9999 -9999 -9999 -9999 -9999 -9999 -9999 -9999 -9999 -9999 -9999 -9999 -9999 -9999
-9999 -9999 -9999 -9999 -9999 -9999 -9999 -9999 -9999 -9999 -9999 -9999 -9999 -9999 -9999 -9999 -9999 -9999 -9999 -9999 -9999 -9999 -9999 -9999 -9999 -9999 -9999 -9999 -9999 -9999 -9999 -9999 -9999 -9999 -9999 -9999 -9999 -9999 -9999 -9999 -9999 -9999 -9999 -9999 -9999 -9999 -9999 -9999 -9999 -9999 -9999 -9999 -9999 -9999 -9999 -9999 -9999 -9999 -9999 -9999 -9999 -9999 -9999 -9999 -9999 -9999
-9999 -9999 -9999 -9999 -9999 -9999 -9999 -9999 -9999 -9999 -9999 -9999 -9999 -9999 -9999 -9999 -9999 -9999 -9999 -9999 -9999 -9999 -9999 -9999 -9999 -9999 -9999 -9999 -9999 -9999 -9999 -9999 -9999 -9999 -9999 -9999 -9999 -9999 -9999 -9999 -9999 -9999 -9999 -9999 -9999 -9999 -9999 -9999 -9999 -9999 -9999 -9999 -9999 -9999 -9999 -9999 -9999 -9999 -9999 -9999 -9999 -9999 -9999 -9999 -9999 -9999
-9999 -9999 -9999 -9999 -9999 -9999 -9999 -9999 -9999 -9999 -9999 -9999 -9999 -9999 -9999 -9999 -9999 -9999 -9999 -9999 -9999 -9999 -9999 -9999 -9999 -9999 -9999 -9999 -9999 -9999 -9999 -9999 -9999 -9999 -9999 -9999 -9999 21.40631 21.40631 21.40631 21.40631 23.34831 23.63317 -9999 -9999 -9999 -9999 -9999 -9999 -9999 -9999 -9999 -9999 -9999 -9999 -9999 -9999 -9999 -9999 -9999 -9999 -9999 -9999 -9999 -9999 -9999
-9999 22.5221 -9999 -9999 -9999 -9999 -9999 -9999 -9999 -9999 -9999 -9999 -9999 -9999 -9999 17.72091 17.72091 18.58923 18.58923 18.58923 18.58923 44.11115 56.29471 56.29471 56.29471 56.29471 56.29471 56.29471 56.29471 48.05479 13.69893 13.69893 13.69893 13.69893 13.69893 13.69893 13.82592 20.35659 21.40631 21.72701 22.70058 23.62557 23.63317 23.63317 -9999 -9999 -9999 -9999 -9999 -9999 -9999 -9999 -9999 -9999 -9999 -9999 -9999 -9999 -9999 -9999 -9999 -9999 -9999 -9999 -9999 -9999
22.5221 22.5221 22.5221 22.50081 21.72062 20.87304 20.87304 46.32143 59.63163 59.63163 53.71021 32.14974 17.72091 17.72091 17.72091 17.72091 17.84962 18.5352 18.58923 18.58923 18.58923 33.70663 56.29471 56.29471 56.29471 56.29471 56.29471 56.29471 51.23422 31.57504 13.69893 13.69893 13.69893 13.69893 13.69893 13.77415 15.27565 21.37361 21.40631 22.34544 23.62623 23.63317 23.66706 24.40187 24.63685 25.27626 32.67453 -9999 -9999 -9999 -9999 -9999 -9999 -9999 -9999 -9999 -9999 -9999 -9999 -9999 -9999 -9999 -9999 -9999 -9999 -9999
22.5221 22.5221 22.5221 21.98432 20.87304 20.87304 21.26254 50.48011 59.63163 59.63163 59.63163 54.91298 37.40289 18.73682 17.72091 17.72091 17.72091 18.28028 18.58923 18.58923 18.58923 29.43406 56.29471 56.29471 56.29471 56.29471 56.29471 56.29471 45.071 13.69893 13.70328 15.36661 18.16473 24.86012 23.50256 26.0623 27.06174 23.85691 21.498 21.52826 22.58041 23.36787 24.57432 24.63685 24.66192 30.42463 32.67453 32.67453 32.67453 32.67453 32.67453 -9999 -9999 -9999 -9999 -9999 -9999 -9999 -9999 -9999 -9999 -9999 -9999 -9999 -9999 -9999
22.5221 22.5221 22.5221 22.24836 21.01236 20.87304 21.6721 40.30194 55.1463 59.63163 59.63163 59.63163 59.63163 42.37901 25.84064 18.65205 17.74477 18.29144 18.58923 18.58923 18.58923 36.21992 56.29471 56.29471 56.29471 56.29471 56.29471 56.29471 55.58797 51.47124 42.31979 31.7452 30.15299 29.28235 28.51751 28.21343 27.99766 22.36135 21.64643 21.64643 21.64643 22.8274 24.63685 24.63685 25.34966 31.25873 32.67453 32.67453 32.67453 32.67453 27.36502 18.48054 -9999 -9999 -9999 -9999 -9999 -9999 -9999 -9999 -9999 -9999 -9999 -9999 -9999 -9999
31.67302 22.57655 22.5221 22.5221 21.59296 20.87304 20.87304 32.97734 55.9345 59.63163 59.63163 58.91642 51.93812 55.75765 43.61769 22.47127 21.67869 21.46049 18.47961 17.58496 17.85472 28.44757 34.81433 43.91127 49.29144 35.92019 40.22081 24.06 21.39001 23.04929 30.77301 32.31596 32.31596 32.29964 32.29597 30.38305 29.28269 24.06232 21.66658 21.64643 21.64643 22.79211 24.63684 24.63238 24.19531 25.86619 30.2057 29.24179 29.08729 27.53577 19.68677 18.48054 18.48054 18.48054 -9999 -9999 -9999 -9999 -9999 -9999 -9999 -9999 -9999 -9999 -9999 -9999
44.14032 29.51265 24.79879 22.69733 23.85145 22.93452 20.96848 39.83576 59.63163 59.63163 59.41658 31.27627 22.0974 25.59618 22.68534 22.0974 20.91154 20.01437 16.56437 13.19867 13.6074 18.19564 20.38783 20.51697 21.88381 20.38783 20.38783 20.38783 20.38783 29.05028 30.24659 48.62603 42.22287 31.07189 29.15036 29.00892 26.82061 22.05897 21.7874 199.4255 750.0111 285.6908 22.87251 22.51219 21.74065 21.72006 21.72006 21.72006 21.03953 18.48054 18.49155 18.48054 18.48054 18.48054 -9999 -9999 -9999 -9999 -9999 -9999 -9999 -9999 -9999 -9999 -9999 -9999
36.84476 31.22096 632.3029 332.6508 31.13678 31.12113 33.37526 54.68731 52.08371 31.60887 30.61701 27.30802 24.71104 23.80045 23.96144 20.64252 14.18493 13.19867 13.19867 13.19867 13.22167 16.00577 19.54841 20.28117 20.24488 20.10115 23.69642 35.90865 29.28511 63.53706 81.33053 81.40076 75.88177 30.71745 24.30189 24.30189 23.92684 21.79098 79.08844 1015.879 1090.935 516.4838 21.79098 21.79096 21.74276 21.72006 21.72006 21.72006 21.19181 51.51167 457.9941 18.48054 18.48054 18.48054 18.48054 -9999 -9999 -9999 -9999 -9999 -9999 -9999 -9999 -9999 -9999 -9999
36.52116 31.13678 650.7952 752.9719 31.13678 31.13678 31.13678 29.8819 28.35535 28.3244 28.3244 180.0852 493.757 30.39866 28.3244 26.05669 15.11212 13.19867 13.19867 17.72375 24.14812 22.55391 19.55236 19.80093 19.90709 21.20945 55.66492 81.40076 81.40055 81.06022 81.40076 74.63375 44.4836 24.28205 24.30189 24.68493 28.0226 24.37492 22.05735 532.6667 929.9363 364.2425 21.79098 21.79098 21.77215 20.52037 20.84354 20.55882 12.59023 9.847212 11.62452 13.38125 18.23645 18.48054 18.48054 -9999 -9999 -9999 -9999 -9999 -9999 -9999 -9999 -9999 -9999 -9999
37.28899 31.73086 31.13678 31.13678 31.13678 31.13678 31.13666 30.21289 28.78672 28.3244 28.3244 552.2803 1195.695 260.2704 28.31833 28.40031 27.33389 21.76671 20.04974 29.82911 30.08406 27.83516 20.36361 19.90681 19.90709 19.90709 28.97383 63.62191 72.78459 81.40076 81.40076 70.11878 27.48745 23.79695 36.73646 40.817 42.26619 42.3349 41.85432 29.36895 21.61471 19.08477 19.36319 19.37341 17.67077 15.7315 9.40547 9.217542 9.16407 9.16407 9.16407 9.16407 11.34144 14.8541 18.3288 -9999 -9999 -9999 -9999 -9999 -9999 -9999 -9999 -9999 -9999 -9999
30.80442 26.62198 25.87963 27.53141 29.22479 30.82787 30.43289 30.09404 29.88011 29.06133 28.68564 28.36659 26.91295 24.31886 23.23093 25.38145 27.95689 30.08406 30.08406 30.08406 28.02325 20.50558 19.35695 19.58909 19.90709 19.90709 19.90709 31.16567 74.96687 77.95113 49.75507 29.72101 23.75162 23.75162 28.32549 42.47592 42.57587 42.56818 36.63794 15.82477 13.57114 13.57114 13.57114 13.55721 10.82706 9.920768 9.16407 9.155524 9.158967 9.068174 9.16407 9.16407 9.16407 9.164069 9.16407 -9999 -9999 -9999 -9999 -9999 -9999 -9999 -9999 -9999 -9999 -9999
24.69049 24.69049 24.69049 24.69049 26.48304 30.02994 30.05839 30.05839 30.05839 30.05839 29.75433 25.03886 21.92065 21.88022 21.88022 21.88022 23.19405 29.13903 30.08406 30.08406 22.60073 19.35695 19.35695 19.36943 20.47592 23.58454 23.26572 23.67248 71.83448 81.40076 51.35503 23.75162 23.81969 25.04526 25.63519 28.64936 37.20829 38.01284 28.9704 20.97305 15.37908 13.57114 13.57114 13.57114 12.23869 7.960462 7.336744 7.209077 7.288604 7.252918 8.07348 8.993752 9.16407 9.16407 9.16407 -9999 -9999 -9999 -9999 -9999 -9999 -9999 -9999 -9999 -9999 -9999
242.7326 415.1637 24.69049 24.69049 24.93837 29.02887 30.05839 30.05839 30.23642 30.72915 29.27696 26.65714 23.33963 23.51991 23.17993 23.46186 22.16386 27.43153 29.96698 30.08406 27.37088 21.52968 19.35695 19.35695 19.65685 25.76729 27.27857 27.27857 34.31736 51.78508 35.83316 24.81248 25.84685 26.09907 26.09907 26.09907 26.33333 26.93715 29.37516 44.15425 25.74719 30.88744 13.57114 12.5836 7.449875 7.144794 7.144794 7.144794 7.144794 7.144794 7.144794 7.530962 8.07026 7.839077 7.314879 -9999 -9999 -9999 -9999 -9999 -9999 -9999 -9999 -9999 -9999 -9999
253.1532 1028.59 25.24086 24.69595 31.14007 36.41703 36.10948 35.5351 35.74606 36.49854 36.49854 30.47514 26.93477 26.93477 26.93477 26.93477 26.06196 26.26134 26.13959 23.99281 21.46777 20.34625 20.57921 22.96389 26.38326 41.86147 546.7715 431.2014 27.27857 27.21149 26.1932 26.09907 26.09907 26.09907 26.09907 26.25484 26.7055 26.95729 35.66512 209.4024 318.9126 304.4544 315.3672 317.1412 307.4313 131.0687 7.272687 10.83014 8.452755 7.144794 7.144794 7.144794 7.144794 7.144794 7.144794 7.144794 -9999 -9999 -9999 -9999 -9999 -9999 -9999 -9999 -9999 -9999
24.69084 24.75577 24.80792 24.7401 30.8404 36.4948 36.49854 36.49854 36.49854 36.49854 34.97396 28.08239 27.06123 28.71812 27.58854 26.93477 26.93477 26.93477 26.93477 26.93477 26.59108 25.74187 27.18053 27.27857 27.27857 288.0239 2429 943.4542 27.27857 27.23866 26.52021 26.10624 26.09907 26.09907 26.09907 27.41634 28.15152 28.08858 27.55437 26.93715 133.112 202.7696 133.5953 87.90657 45.60571 7.428608 13.69169 16.38315 16.34307 14.02267 9.1391 7.15786 9.554895 24.28099 22.71791 23.52722 -9999 -9999 -9999 -9999 -9999 -9999 -9999 -9999 -9999 -9999
24.96161 25.02389 25.0241 25.01956 25.27972 30.78468 34.6887 36.49854 34.28442 33.94951 36.49854 26.93477 29.82186 50.24422 30.65289 26.93477 26.93477 26.93477 26.93477 26.93477 27.01326 27.47361 27.57357 27.27857 27.27857 27.27857 27.27857 27.62167 28.14392 29.66969 31.14911 29.06177 27.73413 26.08701 26.1836 28.05698 28.28489 28.28489 28.15294 27.05132 26.93715 26.93715 26.88053 26.03357 22.61394 16.85521 16.38315 16.38315 16.74586 25.66928 29.24076 27.33711 27.50847 31.25765 31.25765 31.25765 -9999 -9999 -9999 -9999 -9999 -9999 -9999 -9999 -9999 -9999
25.0241 25.0241 25.0241 25.0241 25.0241 25.23304 25.77934 29.03195 25.7352 25.72369 26.07188 44.28884 50.24422 50.24422 48.17838 42.70229 28.78348 27.75608 28.93324 29.82027 30.4355 30.88767 30.64419 30.40841 29.11874 28.85054 30.94681 32.52344 33.00734 33.00734 32.96854 30.8183 30.16725 25.97446 25.94795 26.82581 28.28489 28.28489 28.28489 28.16553 24.45528 19.79084 16.51603 16.42982 16.38315 16.38315 16.87156 19.78418 17.06579 29.94695 34.7502 31.63307 31.25765 31.25765 31.13992 31.21751 31.25765 -9999 -9999 -9999 -9999 -9999 -9999 -9999 -9999 -9999
24.99492 25.0241 25.0241 25.0241 25.0241 25.57106 25.66152 25.66152 25.66152 25.66152 27.30296 35.11001 50.24422 50.24422 50.24422 49.46568 38.93017 31.38949 30.88767 30.88767 30.88767 30.88767 31.64859 32.93917 33.00734 32.33261 33.00734 32.23452 30.65861 25.71975 26.27383 25.94795 25.94795 25.94795 25.98437 26.77138 26.84357 23.25794 22.03424 26.01644 18.27562 16.38315 16.38315 16.38315 17.28532 26.11308 42.9848 46.86158 46.81075 46.87402 46.90622 45.23122 25.82386 24.66406 23.95578 23.77755 23.64554 -9999 -9999 -9999 -9999 -9999 -9999 -9999 -9999 -9999
23.15022 24.58218 24.71187 24.01772 25.13296 25.46914 25.66152 25.66152 25.66152 25.66152 34.0974 48.60338 50.24422 50.24422 50.24422 50.24422 50.07156 34.66159 30.88767 30.88767 30.88767 30.88767 30.96964 31.68459 32.17901 34.10828 25.02581 73.3671 852.815 780.3043 19.505 23.04796 25.94795 25.94795 25.94795 24.20395 18.99216 13.0594 13.00176 18.21142 16.38315 16.38315 17.29942 21.49543 26.53822 26.83104 35.85863 46.90622 46.90622 46.90622 46.90622 46.90622 41.57402 22.76454 22.76454 22.76454 22.76454 -9999 -9999 -9999 -9999 -9999 -9999 -9999 -9999 -9999
22.39738 22.39738 22.39738 22.53625 25.28532 25.66152 25.66152 25.66152 25.66152 25.79191 35.98188 46.58093 50.24422 50.24422 50.24422 50.24422 49.47741 34.7882 30.88767 30.88767 30.88767 30.88767 30.88767 34.64371 48.40263 53.0258 33.72535 19.82769 95.47316 106.3449 19.32304 19.48215 22.49461 23.12087 18.3746 13.15325 13.00124 13.00124 13.00124 15.22087 21.10306 21.80556 26.02287 26.58908 26.58908 26.58908 26.60292 39.0738 44.68353 46.90622 46.90622 46.90622 36.826 21.76207 21.77552 21.21496 24.65408 31.08879 -9999 -9999 -9999 -9999 -9999 -9999 -9999 -9999
