GISdata/Popn density Netherlands 2015.asc
ncols         120
nrows         96
xllcorner     3
yllcorner     50
cellsize      0.0416666666667
NODATA_value  -9999
[rows 30 to 59 of 96, columns 0 to 68 of 120]
-9999 -9999 -9999 -9999 -9999 -9999 -9999 -9999 -9999 -9999 -9999 -9999 -9999 -9999 -9999 -9999 -9999 -9999 -9999 -9999 -9999 -9999 -9999 -9999 -9999 -9999 -9999 -9999 -9999 -9999 -9999 -9999 -9999 -9999 -9999 -9999 -9999 -9999 -9999 138.9462 145.579 276.7495 420.7834 440.3718 533.2115 227.5658 250.4549 253.4174 215.2503 224.3461 342.4281 359.3633 368.0338 522.4276 912.9282 1026.734 -9999 -9999 -9999 -9999 -9999 -9999 97.79527 97.79527 97.79527 97.79527 97.79527 97.79527 97.79527
-9999 -9999 -9999 -9999 -9999 -9999 -9999 -9999 -9999 -9999 -9999 -9999 -9999 -9999 -9999 -9999 -9999 -9999 -9999 -9999 -9999 -9999 -9999 -9999 -9999 -9999 -9999 -9999 -9999 -9999 -9999 -9999 -9999 -9999 -9999 -9999 -9999 -9999 -9999 139.9583 139.9583 327.1491 1245.798 1067.895 1364.884 569.0125 262.7307 275.8635 378.2341 859.9184 661.8027 417.086 627.7956 952.252 1039.564 914.8865 -9999 -9999 -9999 -9999 -9999 -9999 657.4169 416.6138 97.79527 97.79527 97.79527 97.79527 97.79527
-9999 -9999 -9999 -9999 -9999 -9999 -9999 -9999 -9999 -9999 -9999 -9999 -9999 -9999 -9999 -9999 -9999 -9999 -9999 -9999 -9999 -9999 -9999 -9999 -9999 -9999 -9999 -9999 -9999 -9999 -9999 -9999 -9999 -9999 -9999 -9999 -9999 -9999 -9999 139.9583 139.9589 2072.769 2431.838 1107.131 798.0374 267.8474 221.3632 208.1049 941.1293 3510.466 2001.341 238.8552 206.9397 206.9397 -9999 -9999 -9999 -9999 -9999 -9999 -9999 -9999 1626.766 532.6094 97.79527 97.79527 97.79527 97.79527 97.79527
-9999 -9999 -9999 -9999 -9999 -9999 -9999 -9999 -9999 -9999 -9999 -9999 -9999 -9999 -9999 -9999 -9999 -9999 -9999 -9999 -9999 -9999 -9999 -9999 -9999 -9999 -9999 -9999 -9999 -9999 -9999 -9999 -9999 -9999 -9999 -9999 -9999 -9999 139.9583 153.7183 840.4553 1624.133 964.6249 87.42073 87.42073 124.3003 156.4151 187.3878 169.5245 -9999 -9999 206.9397 -9999 -9999 -9999 -9999 -9999 -9999 -9999 -9999 -9999 214.987 138.7036 133.8768 125.326 123.0038 146.4331 196.6128 215.1888
-9999 -9999 -9999 -9999 -9999 -9999 -9999 -9999 -9999 -9999 -9999 -9999 -9999 -9999 -9999 -9999 -9999 -9999 -9999 -9999 -9999 -9999 -9999 -9999 -9999 -9999 -9999 -9999 -9999 -9999 -9999 -9999 -9999 -9999 -9999 -9999 -9999 -9999 686.0265 709.1474 796.2169 451.23 178.3528 267.8596 188.4511 121.6829 122.4266 131.6369 145.2572 145.2572 -9999 -9999 -9999 -9999 -9999 -9999 -9999 -9999 248.6223 248.6223 248.6223 247.0094 146.3824 138.7036 138.7036 138.7036 141.2914 160.3113 241.0437
-9999 -9999 -9999 -9999 -9999 -9999 -9999 -9999 -9999 -9999 -9999 -9999 -9999 -9999 -9999 -9999 -9999 -9999 -9999 -9999 -9999 -9999 -9999 -9999 -9999 -9999 -9999 -9999 -9999 -9999 -9999 -9999 -9999 -9999 -9999 -9999 -9999 -9999 1244.381 1203.699 1005.126 615.2938 983.2013 361.695 268.7226 223.1141 347.5283 619.7235 795.4487 1088.36 1554.273 -9999 -9999 -9999 -9999 -9999 -9999 248.6223 248.6223 248.6223 248.6223 248.6223 155.6862 138.7036 138.7036 138.7036 138.7036 138.7036 175.0856
-9999 -9999 -9999 -9999 -9999 -9999 -9999 -9999 -9999 -9999 -9999 -9999 -9999 -9999 -9999 -9999 -9999 -9999 -9999 -9999 -9999 -9999 -9999 -9999 -9999 -9999 -9999 -9999 -9999 -9999 -9999 -9999 -9999 -9999 -9999 -9999 -9999 1680.068 1688.099 1727.109 1666.76 1563.873 1633.088 1202.07 607.3044 575.1985 934.1537 961.5635 1120.351 1178.661 964.8318 960.6213 -9999 -9999 -9999 248.6223 248.6223 248.6223 248.6223 248.6223 248.6223 235.711 159.3813 138.7036 138.7036 138.7036 138.7036 151.9066 215.7622
-9999 -9999 -9999 -9999 -9999 -9999 -9999 -9999 -9999 -9999 -9999 -9999 -9999 -9999 -9999 -9999 -9999 -9999 -9999 -9999 -9999 -9999 -9999 -9999 -9999 -9999 -9999 -9999 -9999 -9999 -9999 -9999 -9999 -9999 -9999 -9999 -9999 908.4442 1284.868 1987.615 1667.026 1544.286 2155.994 1936.316 1491.758 1319.348 1071.412 1463.791 1205.676 962.3419 960.6214 -9999 2456.392 2456.392 1081.248 256.9544 248.6223 246.5576 238.72 246.8109 248.6223 233.4957 139.372 138.7036 138.7036 138.7036 146.1453 250.7449 316.1392
-9999 -9999 -9999 -9999 -9999 -9999 -9999 -9999 -9999 -9999 -9999 -9999 -9999 -9999 -9999 -9999 -9999 -9999 -9999 -9999 -9999 -9999 -9999 -9999 -9999 -9999 -9999 -9999 -9999 -9999 -9999 -9999 -9999 -9999 -9999 -9999 472.9887 432.907 1081.525 3956.531 1333.646 1020.556 3430.283 3825.676 3825.59 3825.676 3668.424 3825.676 3821.444 3607.74 -9999 2456.392 2456.392 2456.392 2456.392 1753.289 383.9471 227.7507 227.0926 228.7055 239.6859 235.3566 203.2465 138.7036 154.09 167.4714 229.1618 257.6676 315.3984
-9999 -9999 -9999 -9999 -9999 -9999 -9999 -9999 -9999 -9999 -9999 -9999 -9999 -9999 -9999 -9999 -9999 -9999 -9999 -9999 -9999 -9999 -9999 -9999 -9999 -9999 -9999 -9999 -9999 -9999 -9999 -9999 -9999 -9999 -9999 -9999 472.9887 444.1658 1845.051 3202.95 1048.155 680.5049 2337.288 3760.196 3825.676 3825.676 3632.733 3089.449 2269.017 335.7365 335.7365 2456.392 2456.392 2456.392 2456.392 2131.379 541.2563 227.0926 227.0926 227.0926 227.0926 319.2818 687.2769 771.199 718.9459 206.8097 197.6717 197.6717 218.28
-9999 -9999 -9999 -9999 -9999 -9999 -9999 -9999 -9999 -9999 -9999 -9999 -9999 -9999 -9999 -9999 -9999 -9999 -9999 -9999 -9999 -9999 -9999 -9999 -9999 -9999 -9999 -9999 -9999 -9999 -9999 -9999 -9999 -9999 -9999 637.1119 585.7965 817.4595 1298.453 680.5049 680.5049 680.5049 680.5049 1163.725 2252.013 2001.617 1998.203 3576.552 1502.998 606.4459 468.0796 929.1599 1097.648 1492.182 1890.995 1703.849 1233.831 239.03 227.0926 227.0926 227.0926 308.3207 463.4108 518.5117 572.5689 269.0075 197.7263 197.6717 191.3044
-9999 -9999 -9999 -9999 -9999 -9999 -9999 -9999 -9999 -9999 -9999 -9999 -9999 -9999 -9999 -9999 -9999 -9999 -9999 -9999 -9999 -9999 -9999 -9999 -9999 -9999 -9999 -9999 -9999 -9999 -9999 -9999 -9999 -9999 639.8589 625.2798 842.1785 1233.42 727.5997 680.5049 680.5038 658.73 678.4206 1522.186 1903.824 677.0955 588.5175 753.7407 321.0272 399.6407 530.9378 1810.308 1783.12 934.4439 407.5045 357.6156 425.5555 266.1362 296.6311 309.7644 246.8802 269.0724 275.0664 281.7414 292.5842 291.17 305.5792 314.8894 266.6485
-9999 -9999 -9999 -9999 -9999 -9999 -9999 -9999 -9999 -9999 -9999 -9999 -9999 -9999 -9999 -9999 -9999 -9999 -9999 -9999 -9999 -9999 -9999 -9999 -9999 -9999 -9999 -9999 -9999 -9999 -9999 -9999 -9999 2123.449 815.7488 1203.775 1545.267 839.7523 639.9006 564.45 429.3203 669.465 899.3599 971.636 635.637 418.6534 411.0544 332.017 284.5063 290.3003 294.2577 1147.124 1460.983 700.8459 426.9093 539.699 643.4541 827.5825 818.1508 693.0397 487.2696 267.1423 265.6041 269.574 287.3336 341.27 428.5689 431.2259 431.2259
-9999 -9999 -9999 -9999 -9999 -9999 -9999 -9999 -9999 -9999 -9999 -9999 -9999 -9999 -9999 -9999 -9999 -9999 -9999 -9999 -9999 -9999 -9999 -9999 -9999 -9999 -9999 -9999 -9999 -9999 -9999 -9999 454.198 2224.231 2212.145 2908.736 1495.609 436.3323 399.264 286.9071 279.9166 343.7377 240.013 263.7171 365.5974 418.5503 376.6311 292.384 284.1429 336.1706 493.2018 984.1648 1202.45 695.7686 806.5089 1258.769 2389.427 2525.425 1764.944 693.7881 517.9282 541.8098 406.4278 319.0841 293.399 303.3025 336.7534 398.0959 431.2259
-9999 -9999 -9999 -9999 -9999 -9999 -9999 -9999 -9999 -9999 -9999 -9999 -9999 -9999 -9999 -9999 -9999 -9999 -9999 -9999 -9999 -9999 -9999 -9999 -9999 -9999 -9999 -9999 -9999 -9999 -9999 599.0163 454.198 456.8066 1807.01 4399.89 2363.843 1108.659 348.4278 1204.003 1191.302 1096.732 366.7908 328.2505 352.8212 474.2599 350.0787 616.4117 1072.798 1343.615 1203.074 586.8735 586.798 877.171 975.4227 973.66 2121.65 1980.926 907.7142 810.0009 304.0943 293.399 294.1203 298.3025 301.8432 309.9258 314.7699 344.4281 387.5027
-9999 -9999 -9999 -9999 -9999 -9999 -9999 -9999 -9999 -9999 -9999 -9999 -9999 -9999 -9999 -9999 -9999 -9999 -9999 -9999 -9999 -9999 -9999 -9999 -9999 -9999 -9999 -9999 -9999 5914.102 5914.103 4967.348 2548.016 996.6336 1352.558 1033.069 596.3972 295.2307 295.1124 948.289 1189.559 955.3804 468.0526 507.6321 509.1058 509.1058 509.1058 1286.441 2343.953 2425.206 2432.52 1945.154 844.88 1009.429 1113.659 952.4725 459.7048 434.8979 406.4678 463.5218 431.3296 305.5046 328.5574 329.0288 329.0288 329.0288 329.0288 329.0288 331.6131
-9999 -9999 -9999 -9999 -9999 -9999 -9999 -9999 -9999 -9999 -9999 -9999 -9999 -9999 -9999 -9999 -9999 -9999 -9999 -9999 -9999 -9999 -9999 -9999 -9999 -9999 -9999 -9999 3543.988 5914.102 5913.934 5305.825 3773.062 1586.195 2222.032 3214.498 2905.395 634.2511 513.1982 853.9788 516.6008 338.0541 353.1799 359.5286 333.3073 370.7991 382.1101 555.7411 2125.781 2443.442 2451.246 1663.269 601.782 738.2147 744.3472 626.2929 276.6237 243.0969 279.7349 366.4383 271.3389 681.2394 329.0288 329.0288 329.0288 329.0288 329.0288 329.2399 531.5234
-9999 -9999 -9999 -9999 -9999 -9999 -9999 -9999 -9999 -9999 -9999 -9999 -9999 -9999 -9999 -9999 -9999 -9999 -9999 -9999 -9999 -9999 -9999 -9999 -9999 -9999 -9999 1138.287 1327.745 2176.779 2731.049 2363.51 3316.791 1711.743 976.9617 1312.009 730.4381 373.6567 486.1742 833.4514 3216.832 2523.975 326.0479 208.068 222.4013 229.0898 288.7738 539.14 1254.153 2240.848 2349.421 793.3698 700.7081 428.1089 512.6869 593.2993 494.9197 288.3066 250.345 248.106 1545.63 3551.547 601.207 329.0288 329.0288 364.0847 458.5384 845.7935 1348.848
-9999 -9999 -9999 -9999 -9999 -9999 -9999 -9999 -9999 -9999 -9999 -9999 -9999 -9999 -9999 -9999 -9999 -9999 -9999 -9999 -9999 -9999 -9999 -9999 2261.168 2261.168 2261.168 1892.262 1280.487 1124.521 761.6934 502.0789 2911.176 2476.857 1292.02 1636.584 1538.728 1479.79 1368.959 701.82 472.4153 200.1926 165.5623 224.8283 265.4114 171.5107 171.5797 171.7798 172.3212 485.2549 424.0387 561.8632 753.9039 801.1296 698.0621 708.7675 609.1626 391.9638 211.2091 223.9873 321.1833 419.9574 466.7254 881.9661 866.6934 615.5928 554.4931 520.0814 965.9631
-9999 -9999 -9999 -9999 -9999 -9999 -9999 -9999 -9999 -9999 -9999 -9999 -9999 -9999 -9999 -9999 -9999 -9999 -9999 -9999 -9999 -9999 -9999 -9999 2063.339 1496.74 1372.178 1628.956 2114.721 1765.623 903.903 1245.125 2699.857 3329.707 2262.891 2261.168 2271.838 3330.552 3136.295 523.6718 286.3268 272.4554 211.088 260.3915 771.7542 200.7635 186.7552 172.787 172.787 230.7094 483.6873 506.2162 785.528 763.7697 243.1741 204.2559 186.6104 186.2443 208.0621 186.2562 196.6966 425.2347 558.8276 599.6206 316.9477 314.2355 314.2355 341.2906 689.0703
-9999 -9999 -9999 -9999 -9999 -9999 -9999 -9999 -9999 -9999 -9999 -9999 -9999 -9999 -9999 -9999 -9999 -9999 -9999 -9999 -9999 -9999 -9999 -9999 237.9837 237.9837 237.9837 424.0215 715.5217 1708.628 2390.325 2376.117 2452.358 2939.74 2261.168 2261.168 2290.605 2547.501 1613.181 775.8207 594.2663 423.5468 183.9489 156.7423 162.1143 154.3943 189.661 187.7254 211.2513 485.3808 467.2913 264.5578 253.1163 253.1163 249.4058 214.4767 328.7568 892.8383 1148.091 216.4232 205.3872 286.7598 332.1824 345.0957 389.5846 397.698 345.1321 326.3243 1235.603
-9999 -9999 -9999 -9999 -9999 -9999 -9999 -9999 -9999 -9999 -9999 -9999 -9999 -9999 -9999 -9999 -9999 -9999 -9999 -9999 -9999 -9999 143.7886 143.7886 143.7886 438.6271 799.5101 1223.638 707.9791 304.4588 814.4069 2316.484 2354.816 1525.949 1143.837 1501.35 2110.779 1732.328 1736.654 1783.505 1345.072 700.8736 538.0403 506.8277 284.6395 242.3976 771.8837 1049.327 511.9555 251.2204 189.7747 206.8977 217.7438 203.6716 199.6082 232.8246 614.8235 732.8282 296.8728 215.8469 215.8469 259.8736 421.2364 525.9932 588.9543 596.8167 834.7802 1614.426 2578.068
-9999 -9999 -9999 -9999 -9999 -9999 -9999 -9999 -9999 -9999 -9999 -9999 -9999 -9999 -9999 -9999 -9999 -9999 -9999 -9999 143.7886 143.7886 143.7886 143.7886 143.7886 144.1493 429.4871 1109.653 268.3132 205.6539 190.685 882.8981 1015.979 1165.482 846.4334 334.9019 405.7592 521.5193 1631.464 1789.218 1687.555 1537.386 1353.427 1051.767 889.1859 503.6479 492.5023 654.5013 590.021 280.751 284.2129 258.746 240.6223 239.329 265.0023 268.8573 214.6277 202.9287 172.7938 151.6382 468.7608 1163.288 489.2283 417.1935 581.2198 583.9612 1210.562 2339.521 1742.79
-9999 -9999 -9999 -9999 -9999 -9999 -9999 -9999 -9999 -9999 -9999 -9999 -9999 -9999 -9999 -9999 -9999 -9999 -9999 277.1697 155.3429 143.7886 143.7886 247.9319 152.1767 151.9858 174.2831 267.3931 267.6382 223.1468 142.2044 142.0544 142.0544 338.821 298.9737 256.4875 219.5518 273.1454 369.5793 1216.051 1262.77 1155.877 370.2532 304.0461 312.9839 320.5805 287.3673 263.2088 253.564 256.1245 247.3096 301.1805 317.7579 317.7579 317.7579 317.7579 281.884 260.6325 328.8172 937.4884 1398.292 1400.902 430.6984 197.3215 251.8263 435.3836 475.0082 442.048 430.8083
-9999 -9999 -9999 -9999 -9999 -9999 -9999 -9999 -9999 -9999 -9999 -9999 -9999 -9999 -9999 -9999 277.1697 277.1697 277.1697 277.1697 277.1697 277.1697 277.1697 277.1697 233.5815 153.9357 159.5564 260.4318 239.5657 233.9107 149.6592 138.2044 142.0443 216.6057 249.5106 249.5106 211.2032 189.9405 246.5871 963.2097 726.7408 296.7228 201.7872 210.2263 357.27 417.1936 599.3575 536.6464 315.5003 385.5301 556.9642 621.4857 637.2435 621.6643 603.556 645.4968 716.4203 716.4263 716.4263 649.9474 602.8151 674.4976 212.0103 199.8249 211.6588 309.0969 311.3229 311.3229 311.3229
-9999 -9999 -9999 -9999 -9999 -9999 -9999 -9999 -9999 -9999 -9999 -9999 -9999 -9999 -9999 -9999 277.1697 277.1697 277.1697 277.1697 277.1697 277.1697 277.1697 277.1697 277.1697 271.6616 243.2051 267.6382 144.4738 126.597 126.597 126.597 126.597 184.9337 220.4764 220.4764 222.0436 217.4642 220.4764 218.9758 209.1145 201.8043 202.2713 306.7478 683.0717 693.5655 1033.198 1169.833 1153.658 1158.115 899.7958 716.4263 716.5589 720.6007 720.9542 716.7992 716.4263 716.4263 684.8608 404.5649 308.4823 340.6354 526.2734 376.7291 211.1651 304.3016 311.3229 311.3229 311.3229
-9999 -9999 -9999 -9999 -9999 -9999 -9999 -9999 -9999 -9999 -9999 -9999 -9999 -9999 -9999 -9999 152.0635 183.0913 -9999 -9999 -9999 277.1697 277.1697 277.1697 277.1697 277.1697 245.6172 204.2764 204.9124 258.0741 210.8633 248.541 307.6132 258.1743 223.1999 220.4764 220.4764 231.1569 235.5726 306.7723 588.5651 780.4576 571.3983 857.2191 728.355 735.8331 911.4603 909.3823 446.8321 472.7556 801.8765 1048.701 716.4263 719.8399 728.0283 708.0257 714.3358 625.2266 489.607 368.9098 381.3141 552.2164 637.1022 615.2792 600.2076 556.189 311.3229 311.3229 311.3229
-9999 -9999 -9999 -9999 -9999 -9999 -9999 -9999 -9999 -9999 -9999 -9999 152.0635 152.0635 152.0635 85.71201 73.68922 68.5236 68.27612 68.27611 68.61053 68.27612 277.1697 258.4119 218.0858 204.2764 204.3377 204.2764 241.2951 310.1676 310.1676 310.1676 310.1676 310.1676 332.5154 345.572 325.4643 371.1225 549.1498 800.2644 1503.206 1682.553 1682.553 1677.632 883.8276 662.5151 586.8456 1365.85 1350.466 1442.77 1818.482 1982.936 796.6451 703.574 634.4401 556.1741 614.5364 484.2343 457.6105 477.4711 667.5341 684.7986 684.7985 431.5495 264.5245 270.5916 283.6344 310.4885 311.3229
-9999 -9999 -9999 -9999 -9999 -9999 -9999 -9999 -9999 -9999 153.0226 152.0635 152.0635 152.0635 152.0635 136.334 91.99526 81.41952 128.8536 110.727 92.44784 109.3548 363.7912 204.2764 204.2764 204.2764 204.2764 204.2764 205.1028 417.8678 921.1238 524.9571 361.5742 374.8571 499.1995 534.0146 367.9434 365.2789 538.1682 725.8546 1016.854 1655.422 1682.553 1578.333 1022.777 365.4225 437.0973 1706.922 2021.529 2021.529 2001.265 1177.93 571.7601 570.9768 506.4335 478.7448 511.457 440.6852 245.9701 245.9845 276.6011 525.9537 549.58 437.4569 226.5371 226.5286 226.5286 246.1778 284.7466
-9999 -9999 -9999 -9999 -9999 -9999 -9999 -9999 -9999 -9999 152.0635 152.0635 152.0635 176.9664 693.8141 568.8318 702.9868 528.468 381.7393 381.7393 381.1457 381.7393 377.5504 309.6843 229.6833 199.7305 204.2764 204.2764 204.2764 828.6125 1372.213 1326.97 878.7414 727.7217 727.7217 721.9872 448.2256 340.6127 325.3582 422.9649 299.4086 624.1396 771.3739 160.5789 140.629 234.2833 264.8932 437.0127 822.011 860.8511 538.739 484.874 496.6956 422.4059 312.2578 308.1859 558.2391 853.6898 627.2106 482.1057 423.407 469.9388 468.2253 426.7849 411.2384 226.5286 226.5286 226.5351 256.6601
