GISdata/Popn density Portugal 2015.asc
ncols        106
nrows        149
xllcorner    -10.083333333315
yllcorner    36.625000000004
cellsize     0.041666666667
NODATA_value  -9999
[rows 96 to 119 of 149, columns 0 to 53 of 106]
-9999 -9999 -9999 -9999 -9999 -9999 -9999 -9999 -9999 -9999 -9999 -9999 -9999 -9999 245.23100280761719 248.09410095214844 429.5869140625 2884.48291015625 3444.202880859375 1160.6409912109375 1727.93896484375 3654.44189453125 3099.654052734375 2748.27099609375 825.0250244140625 -9999 -9999 53.629180908203125 53.629180908203125 53.629180908203125 53.629180908203125 53.629180908203125 41.050930023193359 8.2065792083740234 8.0378437042236328 8.3554477691650391 10.375229835510254 9.6136903762817383 8.2434148788452148 7.5972719192504883 7.2159137725830078 6.3521261215209961 6.334291934967041 7.5630831718444824 10.375450134277344 7.4692540168762207 5.5280489921569824 10.417550086975098 18.706039428710937 19.365789413452148 10.542579650878906 3.0974240303039551 3.9279119968414307 4.6558570861816406
-9999 -9999 -9999 -9999 -9999 -9999 -9999 -9999 -9999 -9999 -9999 -9999 -9999 -9999 405.51779174804687 556.13897705078125 628.59442138671875 2424.43994140625 7295.64990234375 7246.14208984375 5996.35986328125 5787.85693359375 4340.06884765625 4044.0390625 -9999 -9999 126.47380065917969 93.322509765625 54.775661468505859 63.926971435546875 56.945770263671875 53.629180908203125 21.37445068359375 6.6975288391113281 6.6975288391113281 7.6373782157897949 8.4946403503417969 7.3748478889465332 8.1074886322021484 7.190950870513916 6.6051969528198242 6.8738579750061035 7.1729178428649902 10.914529800415039 19.187469482421875 34.274421691894531 18.039249420166016 8.5892715454101562 15.120479583740234 20.516380310058594 18.537479400634766 3.9614260196685791 3.0468010902404785 3.2508959770202637
-9999 -9999 -9999 -9999 -9999 -9999 -9999 -9999 -9999 -9999 -9999 -9999 -9999 -9999 1530.927978515625 1249.988037109375 1275.699951171875 2096.552001953125 2352.083984375 2916.840087890625 6414.67578125 4283.9228515625 7022.3671875 3998.31103515625 999.49627685546875 982.21221923828125 634.2310791015625 304.09060668945312 118.7030029296875 125.74150085449219 67.938758850097656 35.192359924316406 19.386680603027344 12.04347038269043 7.9127650260925293 21.703689575195313 6.6975288391113281 25.32649040222168 67.770919799804688 41.618621826171875 12.304030418395996 13.370659828186035 15.540229797363281 20.928230285644531 39.694671630859375 42.317440032958984 33.129329681396484 15.996399879455566 10.975520133972168 18.523809432983398 20.516380310058594 11.627400398254395 5.6130948066711426 6.4503240585327148
-9999 -9999 -9999 -9999 -9999 -9999 -9999 -9999 -9999 -9999 -9999 -9999 -9999 -9999 1483.3330078125 1682.3780517578125 1784.4620361328125 3108.39794921875 3430.15087890625 2452.90087890625 4665.82421875 2487.837890625 5070.740234375 13.579859733581543 3457.462890625 913.99871826171875 560.623779296875 405.94268798828125 192.23210144042969 181.37199401855469 28.839799880981445 24.798139572143555 24.829910278320313 25.365179061889648 25.29347038269043 56.480789184570313 30.139400482177734 58.688091278076172 68.804420471191406 68.804420471191406 58.351310729980469 9.9687976837158203 12.033860206604004 35.581279754638672 42.317440032958984 37.497840881347656 29.034860610961914 28.379840850830078 16.764820098876953 13.857009887695312 11.920339584350586 8.6711969375610352 7.5255169868469238 9.0116214752197266
-9999 -9999 -9999 -9999 -9999 -9999 -9999 -9999 -9999 -9999 -9999 -9999 -9999 -9999 -9999 -9999 -9999 -9999 -9999 454.26528930664062 1682.8179931640625 2431.14990234375 3321.822021484375 2486.825927734375 5124.8779296875 1687.3759765625 772.573974609375 517.25592041015625 495.62118530273437 297.66171264648437 24.202850341796875 24.202850341796875 24.385320663452148 28.34650993347168 28.153270721435547 31.003559112548828 52.424911499023437 56.040901184082031 50.444549560546875 45.857631683349609 36.790668487548828 4.2218427658081055 4.2218427658081055 22.079349517822266 38.208950042724609 29.284839630126953 28.610769271850586 28.987970352172852 25.772340774536133 6.6391410827636719 5.465397834777832 9.9812393188476563 91.976211547851563 65.192001342773438
-9999 -9999 -9999 -9999 -9999 -9999 -9999 -9999 -9999 -9999 -9999 -9999 -9999 -9999 -9999 -9999 -9999 -9999 -9999 -9999 2116.34912109375 1915.512939453125 2791.06494140625 1944.31298828125 1002.77197265625 614.4249267578125 346.71749877929687 312.68890380859375 266.48629760742187 221.95889282226562 136.34190368652344 83.059951782226563 59.895660400390625 29.474729537963867 19.68528938293457 12.594120025634766 9.3364248275756836 2.987339973449707 2.3417251110076904 2.3417251110076904 2.9624269008636475 4.1940288543701172 3.8355209827423096 9.1267509460449219 28.752819061279297 22.73784065246582 17.347259521484375 19.822689056396484 21.831480026245117 7.9552640914916992 7.0451779365539551 216.656005859375 263.91949462890625 69.674293518066406
-9999 -9999 -9999 -9999 -9999 -9999 -9999 -9999 -9999 -9999 -9999 -9999 -9999 -9999 -9999 -9999 -9999 -9999 -9999 -9999 -9999 896.3065185546875 611.20892333984375 373.07070922851562 914.602783203125 476.95550537109375 206.48849487304687 191.24690246582031 817.04052734375 943.1746826171875 142.71690368652344 134.78109741210937 73.258171081542969 29.340639114379883 21.675020217895508 13.334560394287109 4.0997228622436523 2.4366030693054199 2.3921210765838623 2.3417251110076904 2.3669741153717041 3.5282859802246094 3.0098879337310791 3.0550470352172852 11.313779830932617 9.315281867980957 11.286100387573242 10.806710243225098 8.5642986297607422 6.0242791175842285 74.782012939453125 202.88580322265625 268.81201171875 45.710430145263672
-9999 -9999 -9999 -9999 -9999 -9999 -9999 -9999 -9999 -9999 -9999 -9999 -9999 -9999 -9999 -9999 -9999 -9999 -9999 -9999 -9999 104.66120147705078 104.66120147705078 223.80430603027344 409.78021240234375 258.08401489257812 307.17059326171875 445.50338745117187 1951.7239990234375 2047.8709716796875 253.72200012207031 123.94550323486328 35.216281890869141 19.892179489135742 17.323040008544922 17.323040008544922 12.928950309753418 5.119196891784668 3.2805240154266357 2.0776200294494629 1.9209799766540527 2.3304789066314697 3.0084090232849121 3.3371939659118652 6.1602029800415039 8.3014135360717773 8.3014135360717773 8.3685636520385742 6.4845399856567383 3.4374089241027832 11.455360412597656 54.624050140380859 43.771968841552734 16.740360260009766
-9999 -9999 -9999 -9999 -9999 -9999 -9999 -9999 -9999 -9999 -9999 -9999 -9999 -9999 -9999 -9999 -9999 -9999 -9999 -9999 -9999 104.66120147705078 104.66120147705078 104.66120147705078 117.16809844970703 228.54629516601562 239.48219299316406 343.43951416015625 48.779659271240234 67.398330688476563 132.62130737304687 132.15179443359375 20.16094970703125 17.323040008544922 17.323040008544922 17.197109222412109 6.4214510917663574 4.4306340217590332 4.0800290107727051 1.8606539964675903 1.8572850227355957 1.8573520183563232 2.7004199028015137 3.6017389297485352 5.5242710113525391 7.2655401229858398 7.4389100074768066 6.4322571754455566 3.2908539772033691 3.2103340625762939 3.2103340625762939 2.7889289855957031 2.5327620506286621 2.5327620506286621
-9999 -9999 -9999 -9999 -9999 -9999 -9999 -9999 -9999 -9999 -9999 -9999 -9999 -9999 -9999 -9999 -9999 -9999 -9999 -9999 101.34739685058594 99.314872741699219 96.649932861328125 459.11111450195313 89.365257263183594 75.189132690429687 13.579859733581543 -9999 -9999 44.18212890625 28.881309509277344 8.7166910171508789 13.488419532775879 16.861600875854492 17.323040008544922 17.323040008544922 15.916330337524414 7.6213231086730957 7.5189261436462402 9.4147615432739258 3.0771999359130859 2.2794458866119385 2.372750997543335 5.4586777687072754 5.7618699073791504 5.7618699073791504 5.7618699073791504 4.4627847671508789 3.2103340625762939 3.2103340625762939 3.1582210063934326 2.568079948425293 2.5327620506286621 2.5327620506286621
-9999 -9999 -9999 -9999 -9999 -9999 -9999 -9999 -9999 -9999 -9999 -9999 -9999 -9999 -9999 -9999 -9999 -9999 -9999 -9999 104.66120147705078 103.53730010986328 -9999 -9999 -9999 -9999 -9999 -9999 -9999 -9999 35.365348815917969 8.7630615234375 8.500880241394043 14.235569953918457 17.323040008544922 17.323040008544922 17.323040008544922 17.105329513549805 16.295450210571289 16.176509857177734 16.176509857177734 13.902959823608398 3.055305004119873 5.656620979309082 5.7618699073791504 5.7618699073791504 5.7618699073791504 5.2904930114746094 4.3876891136169434 10.996230125427246 15.41156005859375 13.757869720458984 2.5327620506286621 2.5327620506286621
-9999 -9999 -9999 -9999 -9999 -9999 -9999 -9999 -9999 -9999 -9999 -9999 -9999 -9999 -9999 -9999 -9999 -9999 -9999 -9999 -9999 -9999 -9999 -9999 -9999 -9999 -9999 -9999 -9999 -9999 49.129619598388672 12.966449737548828 8.500880241394043 11.032429695129395 17.315090179443359 17.323040008544922 17.323040008544922 16.906560897827148 16.176509857177734 16.176509857177734 16.176509857177734 15.910479545593262 15.647390365600586 9.416773796081543 5.7452797889709473 5.7571401596069336 5.7618699073791504 6.2178230285644531 21.07567024230957 27.72545051574707 26.362909317016602 19.689859390258789 9.2008581161499023 5.9837398529052734
-9999 -9999 -9999 -9999 -9999 -9999 -9999 -9999 -9999 -9999 -9999 -9999 -9999 -9999 -9999 -9999 -9999 -9999 -9999 -9999 -9999 -9999 -9999 -9999 -9999 -9999 -9999 -9999 -9999 -9999 -9999 31.416679382324219 19.063190460205078 11.922200202941895 19.085250854492188 17.391729354858398 17.323040008544922 16.541759490966797 16.176509857177734 15.616769790649414 11.878069877624512 12.240989685058594 8.8227863311767578 6.7871780395507812 5.7095050811767578 5.7143521308898926 7.1983609199523926 10.818059921264648 13.435009956359863 21.145830154418945 18.490800857543945 21.087150573730469 9.9632987976074219 9.5770864486694336
-9999 -9999 -9999 -9999 -9999 -9999 -9999 -9999 -9999 -9999 -9999 -9999 -9999 -9999 -9999 -9999 -9999 -9999 -9999 -9999 -9999 -9999 -9999 -9999 -9999 -9999 -9999 -9999 -9999 -9999 -9999 49.129619598388672 29.298980712890625 27.396329879760742 28.185390472412109 22.955020904541016 19.404550552368164 16.744960784912109 16.282890319824219 7.5197892189025879 5.7095050811767578 5.7095050811767578 5.7095050811767578 5.7095050811767578 5.7095050811767578 5.7095050811767578 6.492609977722168 9.2661428451538086 9.2661428451538086 9.0840749740600586 8.6676149368286133 13.88401985168457 10.034540176391602 10.414409637451172
-9999 -9999 -9999 -9999 -9999 -9999 -9999 -9999 -9999 -9999 -9999 -9999 -9999 -9999 -9999 -9999 -9999 -9999 -9999 -9999 -9999 -9999 -9999 -9999 -9999 -9999 -9999 -9999 -9999 -9999 -9999 14.700499534606934 12.572210311889648 16.535440444946289 28.185390472412109 28.185390472412109 28.185390472412109 27.397409439086914 26.266939163208008 14.107970237731934 5.7758889198303223 5.7095050811767578 5.7095050811767578 5.6154179573059082 5.7095050811767578 5.6367511749267578 6.1447658538818359 9.2560262680053711 9.1381816864013672 8.5371942520141602 8.4689807891845703 24.413719177246094 17.580129623413086 21.921939849853516
-9999 -9999 -9999 -9999 -9999 -9999 -9999 -9999 -9999 -9999 -9999 -9999 -9999 -9999 -9999 -9999 -9999 -9999 -9999 -9999 -9999 -9999 -9999 -9999 -9999 -9999 -9999 -9999 -9999 -9999 -9999 8.8604974746704102 8.8604974746704102 9.2639179229736328 24.685699462890625 28.185390472412109 28.185390472412109 28.185390472412109 28.185390472412109 28.137399673461914 16.329320907592773 4.8300909996032715 4.2930598258972168 4.824976921081543 4.7604880332946777 4.3374190330505371 4.2850251197814941 6.9669008255004883 8.5304679870605469 8.6672477722167969 9.3041553497314453 25.746040344238281 33.740699768066406 28.921159744262695
-9999 -9999 -9999 -9999 -9999 -9999 -9999 -9999 -9999 -9999 -9999 -9999 -9999 -9999 -9999 -9999 -9999 -9999 -9999 -9999 -9999 -9999 -9999 -9999 -9999 -9999 -9999 -9999 -9999 -9999 8.8604955673217773 8.8604955673217773 8.8604974746704102 8.8604974746704102 13.809789657592773 18.53424072265625 25.895750045776367 28.185390472412109 28.150400161743164 7.8834748268127441 4.4081988334655762 4.1224079132080078 4.8798751831054687 6.8220119476318359 5.3255300521850586 4.2330131530761719 5.5049247741699219 10.035639762878418 13.416060447692871 14.530159950256348 11.708109855651855 13.756950378417969 30.175689697265625 19.489400863647461
-9999 -9999 -9999 -9999 -9999 -9999 -9999 -9999 -9999 -9999 -9999 -9999 -9999 -9999 -9999 -9999 -9999 -9999 -9999 -9999 -9999 -9999 -9999 -9999 -9999 -9999 -9999 -9999 -9999 -9999 123.93460083007812 107.08360290527344 51.744899749755859 11.980039596557617 9.5008859634399414 3.4146370887756348 11.37024974822998 28.185390472412109 19.114450454711914 3.3274168968200684 4.5821018218994141 6.1766510009765625 6.8922438621520996 6.906001091003418 6.8755431175231934 7.7732691764831543 15.568400382995605 14.944379806518555 10.990699768066406 12.039810180664063 18.510009765625 4.4234399795532227 5.4188389778137207 6.4957537651062012
-9999 -9999 -9999 -9999 -9999 -9999 -9999 -9999 -9999 -9999 -9999 -9999 -9999 -9999 -9999 -9999 -9999 -9999 -9999 -9999 -9999 -9999 -9999 -9999 -9999 -9999 -9999 -9999 -9999 -9999 123.70870208740234 125.25460052490234 57.856319427490234 14.063610076904297 11.088109970092773 8.6831626892089844 8.1366481781005859 14.138409614562988 3.4566829204559326 3.3232181072235107 8.3808879852294922 5.9970741271972656 5.7284188270568848 6.4811849594116211 11.762550354003906 14.848660469055176 16.515069961547852 16.462930679321289 11.226160049438477 36.175800323486328 32.999858856201172 2.1889429092407227 44.764461517333984 82.205902099609375
-9999 -9999 -9999 -9999 -9999 -9999 -9999 -9999 -9999 -9999 -9999 -9999 -9999 -9999 -9999 -9999 -9999 -9999 -9999 -9999 -9999 -9999 -9999 -9999 -9999 -9999 -9999 -9999 -9999 83.413467407226563 94.902877807617188 100.51979827880859 73.8677978515625 58.906398773193359 21.368019104003906 5.1247391700744629 5.9467730522155762 6.0029392242431641 5.6159749031066895 9.1494159698486328 16.785829544067383 16.309099197387695 8.9656887054443359 9.3094949722290039 16.515069961547852 16.515069961547852 16.515069961547852 16.516239166259766 14.667710304260254 9.1972732543945313 6.9150400161743164 96.807441711425781 178.81089782714844 449.46450805664062
-9999 -9999 -9999 -9999 -9999 -9999 -9999 -9999 -9999 -9999 -9999 -9999 -9999 -9999 -9999 -9999 -9999 -9999 -9999 -9999 -9999 -9999 -9999 -9999 -9999 -9999 -9999 -9999 83.413459777832031 83.413459777832031 83.413459777832031 78.889732360839844 69.838043212890625 69.13128662109375 54.939231872558594 5.5834732055664062 5.9988307952880859 6.0010371208190918 6.6648139953613281 14.913129806518555 13.546710014343262 13.313019752502441 15.558609962463379 14.922670364379883 15.584560394287109 16.102180480957031 17.980440139770508 20.600210189819336 17.197689056396484 5.3417401313781738 5.6662869453430176 82.827491760253906 106.94219970703125 143.25050354003906
-9999 -9999 -9999 -9999 -9999 -9999 -9999 -9999 -9999 -9999 -9999 -9999 -9999 -9999 -9999 -9999 -9999 -9999 -9999 -9999 -9999 -9999 -9999 -9999 -9999 -9999 -9999 -9999 80.205917358398438 79.719589233398438 80.147392272949219 83.413459777832031 81.877357482910156 71.634376525878906 42.503810882568359 5.6792879104614258 5.8527750968933105 5.8855080604553223 6.904076099395752 10.768239974975586 10.768239974975586 10.768239974975586 11.851530075073242 15.310689926147461 15.472470283508301 17.346920013427734 21.754970550537109 22.181280136108398 15.036430358886719 5.1639528274536133 5.3878698348999023 8.6201896667480469 7.1702609062194824 12.817079544067383
-9999 -9999 -9999 -9999 -9999 -9999 -9999 -9999 -9999 -9999 -9999 -9999 -9999 -9999 -9999 -9999 -9999 -9999 -9999 -9999 -9999 -9999 -9999 -9999 -9999 -9999 -9999 -9999 -9999 -9999 59.357101440429687 56.921619415283203 81.995353698730469 47.545219421386719 10.881660461425781 5.8470392227172852 5.8470392227172852 5.8470392227172852 5.9032630920410156 8.5374574661254883 10.768239974975586 10.768239974975586 9.3425836563110352 11.028989791870117 17.86768913269043 20.848480224609375 21.770950317382813 21.770950317382813 8.9757118225097656 5.3119468688964844 5.9868588447570801 3.4871530532836914 2.1330950260162354 9.3662710189819336
-9999 -9999 -9999 -9999 -9999 -9999 -9999 -9999 -9999 -9999 -9999 -9999 -9999 -9999 -9999 -9999 -9999 -9999 -9999 -9999 -9999 -9999 -9999 -9999 -9999 -9999 -9999 -9999 -9999 -9999 18.830080032348633 19.627590179443359 26.167240142822266 21.892929077148438 17.062650680541992 7.4913349151611328 6.0833730697631836 7.1241941452026367 7.2930498123168945 7.739192008972168 7.0026588439941406 7.3451499938964844 6.7848420143127441 6.7148818969726562 9.537165641784668 20.707279205322266 21.770950317382813 21.770950317382813 13.085309982299805 6.2769060134887695 6.3331341743469238 5.1961441040039062 2.1330950260162354 2.5274510383605957
