GISdata/Popn density Romania 2015.asc
ncols         288
nrows         144
xllcorner     19
yllcorner     43
cellsize      0.0416666666667
NODATA_value  -9999
[rows 30 to 59 of 144, columns 134 to 200 of 288]
36.88657 39.48693 41.80202 44.73804 39.84492 37.28469 37.53168 42.09671 59.94019 59.94019 48.31956 7.414152 26.32729 28.53058 28.31966 27.89877 26.17079 17.35467 17.35467 17.35467 17.35467 17.35467 17.35467 20.8214 33.59929 22.15423 20.28705 20.55293 45.41484 79.73825 79.28048 82.54597 111.1613 241.7323 144.4154 81.26552 94.94397 98.39378 103.0967 87.59725 93.62361 111.0807 108.6358 104.7419 102.5088 87.71342 79.40285 72.03445 72.17715 1196.151 3046.756 1552.275 275.1067 73.00848 46.32802 51.13584 55.94807 60.08646 60.42866 59.8261 53.24716 50.23669 55.96611 53.21502 49.15965 48.25519 -9999
57.24219 59.93644 59.94019 59.94019 59.56593 59.21048 59.57343 59.93867 59.94019 59.94019 43.9691 6.438853 9.069616 15.41578 26.45602 26.3342 26.29577 18.88806 17.23587 17.35467 17.35467 17.42822 17.36412 25.81047 35.23257 35.29786 32.80123 32.72054 52.03711 68.65974 69.34718 71.11308 155.9666 266.8202 99.07336 76.78383 77.26353 95.93926 116.0089 1159.744 1464.319 1315.69 148.8376 133.2947 161.8063 114.4227 82.93394 83.18833 83.67009 83.70232 509.2331 931.6589 200.8835 75.71496 61.60881 55.68884 57.42066 60.29105 66.24676 67.12295 67.12295 64.39363 55.84117 55.02007 45.99628 41.30238 -9999
76.12408 59.94019 59.94019 59.94019 59.94019 59.94019 59.94019 59.94019 59.94019 59.94019 49.52878 11.3583 6.438853 6.939065 23.63563 21.53408 18.25846 15.30987 15.44781 17.09907 18.90853 32.37909 33.68095 34.02851 35.30948 35.5674 36.9003 37.38797 38.44655 58.40913 64.8345 65.27582 91.25844 121.1306 99.40588 80.964 83.48356 134.0115 140.6684 387.8966 2152.359 1003.223 166.9855 172.6021 176.689 166.9246 127.801 84.03416 83.67151 83.68416 70.10886 62.28016 67.35575 67.05429 68.12179 58.54654 55.68884 57.87561 60.15765 63.80201 64.68995 60.77005 68.4741 47.63601 43.26178 41.00201 41.00201
83.14879 61.54941 62.77764 59.94019 59.94019 59.45021 58.48084 57.08348 51.67772 21.3354 7.4001 6.438853 6.438853 6.438853 9.406041 15.01048 17.99341 15.99516 15.86119 27.87293 41.10378 35.65959 35.12131 35.21898 35.46496 37.03074 45.53994 47.92744 40.23512 33.79948 38.29095 62.46146 98.9549 90.17279 83.85812 81.85899 82.56308 88.03001 98.57294 180.1625 560.531 206.7738 169.3233 156.2464 150.3537 144.6714 118.1894 90.61369 91.21725 94.05293 62.3546 63.70379 71.73872 71.77875 71.86457 70.99425 59.82382 60.11208 59.95134 59.36354 58.99604 73.75278 84.49491 92.16042 101.8804 72.07819 41.00201
52.10331 60.91982 58.32027 26.19935 40.66799 53.24746 44.48995 35.98848 13.21391 12.77535 8.999101 7.020514 6.438853 6.438853 6.748635 25.08033 29.93912 29.87276 29.83595 35.46867 45.31134 46.57202 113.5037 115.7436 55.47103 46.67356 47.92744 48.36416 54.67444 53.45302 113.099 216.1435 167.7083 115.6525 87.52081 85.59015 88.01068 77.50506 72.41579 71.85921 140.0759 190.6034 129.7373 117.1368 124.14 121.8999 113.2724 111.9766 107.3797 107.3441 85.59015 61.41254 69.43947 93.4092 108.804 115.2319 107.5524 105.0814 101.7879 78.93741 59.49556 80.38358 56.92208 52.46611 63.13103 77.78961 58.25831
26.05534 22.38568 22.88307 36.6741 54.32808 48.6058 44.48995 27.12578 13.21391 13.21391 13.21391 11.50253 7.04552 6.438853 8.534117 21.61611 26.75823 29.93688 29.93912 29.81548 28.6912 34.39032 133.4145 186.4252 150.5617 80.11908 49.87296 55.28315 63.93232 63.93232 184.932 228.7358 103.0346 112.1521 110.347 105.2052 99.95295 73.31423 69.55985 84.41739 77.60213 71.21474 65.38208 64.17142 70.39429 122.9127 167.7892 128.4193 78.15993 71.48065 69.75733 54.69555 64.25385 76.10043 81.27872 79.0864 76.16062 81.64592 79.90397 88.79643 82.52658 74.23517 58.18248 56.49572 55.37522 55.46572 61.16536
28.99906 16.30297 21.53033 47.27261 54.32808 46.13228 43.64457 17.79636 13.21391 13.21391 13.21391 13.62832 13.22776 6.647884 12.18283 24.42682 24.42682 26.08063 27.25026 26.11733 25.91404 25.91404 104.6573 186.4252 184.7826 141.2804 50.6104 42.58655 61.3122 63.85224 134.093 274.7284 102.376 87.12984 88.47405 109.0951 92.4818 97.21005 89.06763 109.298 185.5612 573.5927 429.3565 120.1289 104.3372 115.2199 169.6496 150.6806 66.23312 43.98483 44.13841 72.85986 77.52526 77.50551 75.07323 73.21159 74.83889 80.93227 85.74242 83.71953 76.78358 69.32981 66.26408 66.26408 61.21838 56.02247 57.01694
38.38008 26.31173 8.089219 34.01937 54.32808 45.25694 44.07261 17.97304 13.21391 13.21391 13.38086 13.64502 14.94032 13.29436 14.41487 21.21881 24.42682 24.42682 24.85534 25.89481 25.91404 26.42716 28.08317 89.71568 62.35796 36.16325 35.90372 33.69188 35.98447 42.54345 291.1443 693.8561 714.8813 664.9075 590.9243 142.8704 74.9407 99.74142 112.7915 131.5607 282.8011 613.4632 426.4428 124.2712 123.5225 118.5512 123.9958 139.4782 105.7333 54.67273 49.95764 78.71529 79.50623 120.192 234.8482 135.546 152.7429 138.5434 185.3651 111.5292 80.40212 58.05637 48.06236 50.40673 63.6301 61.7558 61.77832
26.05372 8.089219 8.089219 42.07971 54.32808 48.7993 45.0433 31.05895 28.8939 29.91909 25.25277 15.08539 15.01572 15.01572 15.01572 16.10614 23.88695 24.42682 84.91413 156.4524 100.4681 27.90836 22.60034 9.260149 9.260149 30.99603 27.60453 24.81851 26.50032 34.35151 234.7068 711.4069 718.079 426.1293 82.84577 51.19505 76.12291 112.2705 117.854 99.5752 107.7182 97.78014 96.4687 93.49465 87.3768 83.92787 111.153 136.4665 145.4321 110.5748 93.61627 76.7525 80.25017 143.7139 132.9676 114.8555 149.2883 115.7201 113.6022 91.58718 55.50784 53.83856 42.50406 33.53574 28.57107 36.26569 53.78867
39.58301 19.70094 14.03016 58.96933 61.86497 62.87627 55.01521 36.4994 36.3078 33.13679 33.0637 27.23072 14.4074 15.01295 14.61306 15.01572 17.37529 83.08622 184.9039 186.0284 120.6004 27.91596 27.03138 9.343886 9.260149 9.260149 18.59311 24.81851 24.81851 25.3896 34.77161 344.6728 260.3002 48.97876 35.2335 26.15999 26.15999 26.15999 26.15999 33.13756 132.1502 86.71089 70.51001 82.30485 86.99277 82.80885 102.6865 107.7384 125.9471 141.1071 134.8783 118.516 117.6248 97.79208 82.31813 81.5407 94.39153 88.06207 87.31635 87.25716 91.08598 84.43946 139.5225 127.6277 28.57107 28.96391 43.12266
54.62384 56.0072 57.21661 51.50093 33.59605 31.35549 36.61493 33.01114 33.58867 32.45852 33.0637 26.18878 10.15385 10.31032 11.7033 15.01572 15.01572 101.5742 152.0085 83.51887 27.72705 25.42672 22.04487 9.264722 9.260149 9.306102 15.53774 24.00122 25.68015 27.60255 31.17208 43.8483 48.97876 48.66849 27.21334 26.15999 26.15999 26.15999 28.68692 78.33313 72.22633 62.53729 67.66016 72.1929 75.72619 87.29252 97.8269 101.0466 91.43317 126.2812 130.1005 129.9299 121.6923 104.9435 98.25462 87.93918 89.58939 109.758 76.9729 108.3268 123.876 128.3492 122.4362 67.13429 51.75209 38.51432 45.54466
54.62384 55.09508 57.2168 58.54303 58.766 32.68219 28.14445 28.29682 28.0616 27.2101 28.35644 14.08826 10.15288 10.15288 12.89497 15.01572 17.33284 21.86689 20.96751 16.27942 16.21137 13.42297 10.15924 9.260149 9.260149 17.13897 22.50035 22.50035 22.53197 29.69675 33.13108 43.01209 47.36898 44.19182 37.41314 34.47312 44.25471 46.97427 52.63341 57.22207 62.53978 79.2802 79.07745 81.66887 102.4634 107.1095 91.13261 83.70243 86.25494 119.9382 143.1266 475.2023 504.9481 103.8538 108.5309 90.41177 43.56036 113.8506 137.6174 125.4555 123.876 122.8982 86.66827 74.67133 73.84846 40.72438 40.38546
51.64936 82.97855 140.5948 172.5053 111.3436 27.15358 27.06315 27.06315 27.06315 27.06315 27.06315 21.28062 10.22112 10.15288 13.34622 15.03854 19.44439 19.82458 17.93737 14.27831 13.65562 10.83744 10.97477 11.46079 14.7477 22.07058 22.50035 23.28129 25.9763 31.28304 32.84676 33.29575 37.4075 44.41848 44.41848 44.41848 44.43001 45.44779 50.42001 55.43294 55.65896 66.94518 208.5967 228.9206 148.23 97.89034 86.97842 85.61029 125.1143 162.2652 596.7197 627.9883 628.3787 208.8281 115.6035 125.0837 154.8597 158.2766 177.4317 164.7773 138.5974 120.0555 139.2663 124.5807 132.3275 94.36322 64.59932
36.39268 92.73919 110.8352 122.9051 27.43357 23.47092 25.24354 25.6733 26.23863 26.96687 27.06315 16.37736 10.15288 10.15288 13.01696 17.33032 19.82458 19.82458 17.43122 14.23161 14.2216 14.27831 14.27831 18.71173 22.50035 22.50035 22.50035 28.9227 32.84676 32.84676 33.95427 34.54102 34.23168 41.31897 44.41848 44.41848 44.42236 47.51362 54.40573 58.518 59.88631 94.10788 323.1688 487.1359 292.7849 95.2938 102.2434 111.1923 118.1922 122.942 222.5772 107.1157 106.3653 84.32942 70.01709 71.82156 72.63131 103.8407 177.4317 158.5896 113.8105 97.65716 90.16602 151.0221 227.3346 164.071 73.09206
369.7732 197.8063 36.39268 36.39268 25.34396 22.79758 22.79758 22.79758 22.79758 22.92453 22.86816 17.79791 10.15288 10.15288 13.01587 19.82458 19.82458 17.90541 13.34941 13.08569 13.24557 14.15176 14.27831 20.95189 22.50035 22.50035 24.70288 32.7026 33.10947 33.84263 34.49771 32.28506 30.39855 30.29382 32.74638 40.52483 40.07904 48.73422 60.36673 65.43147 65.86428 86.54901 106.8118 132.4911 86.95598 85.18928 117.4933 103.4199 100.116 109.9411 109.3448 106.4853 104.7869 80.94884 63.94295 69.09271 69.76764 84.08941 166.0523 139.3389 70.47646 89.25797 72.49649 55.60273 57.97387 65.43729 79.19016
68.11617 34.45393 35.00129 35.09168 34.35809 30.36088 24.8816 17.61359 18.19898 13.71567 13.51163 9.727672 8.830171 8.987626 9.314059 17.02437 21.55669 37.63883 26.53735 13.22941 13.07686 13.14149 14.80707 22.45918 22.50035 22.50035 31.16819 32.84676 32.65466 31.90006 30.43643 29.89485 30.22611 30.22611 30.77451 32.92207 34.08639 35.61948 48.15421 72.14005 80.65532 90.15807 108.4241 130.8374 95.67525 81.65781 94.81185 85.24618 87.89359 106.7425 100.7211 110.793 121.969 132.5208 115.2241 76.34505 84.22794 93.43296 89.44275 93.38189 71.91766 85.25815 58.53048 57.38784 55.29319 60.86934 66.05433
35.54567 34.61006 34.63375 35.62152 34.42122 25.51325 12.10316 10.95528 10.82132 8.326677 8.266129 8.266129 8.266069 7.827554 7.684415 20.5059 45.24694 45.24694 45.24694 40.23252 23.74557 13.07686 13.08102 16.10035 17.46278 13.81811 16.96199 19.65914 22.67794 21.93383 20.64748 21.68617 27.71344 29.95522 32.14398 32.92207 33.01511 35.35348 35.76804 35.72275 36.28801 45.05046 56.08504 83.23448 78.62897 79.24835 71.74312 63.88457 69.53371 73.81916 86.36833 94.76533 97.32841 159.5276 173.6694 176.0918 133.3457 154.5681 105.7877 84.55515 75.76522 71.85432 53.90914 54.57173 36.29694 39.00581 67.26705
43.91394 43.55952 42.25422 42.70868 35.81662 11.07995 10.95528 13.13983 13.55549 8.266129 8.266129 8.266129 8.095307 7.684415 7.703934 9.927151 28.56116 45.24694 45.24694 45.24694 38.56866 25.39054 14.99576 13.66196 26.33225 17.07922 11.85543 12.45444 15.87801 19.04667 19.04667 19.61703 23.21071 23.5862 25.71322 34.17088 32.92207 35.13255 36.77223 36.66189 37.02431 40.97692 53.98446 64.07591 78.78979 78.6941 66.55865 59.62605 59.21287 54.48838 78.39836 90.03442 142.0229 236.5647 244.716 265.6477 256.1606 245.7619 132.4049 76.619 45.20366 27.34193 34.9404 51.92467 40.98889 57.39087 96.86503
43.35651 42.87678 41.78784 38.35469 15.01112 10.95528 26.99892 53.33623 19.29579 8.266129 8.266129 8.103355 7.69511 7.684415 9.54635 11.3727 17.28019 45.24694 45.24694 45.24694 45.24694 45.3421 36.99948 28.78893 30.69971 13.48915 11.95666 14.2258 14.55859 18.46354 19.03747 22.6777 23.71745 40.09291 59.14578 64.33592 40.12118 49.34616 41.49261 41.92206 43.19427 38.62125 36.72599 351.9724 67.62531 73.64385 69.99823 67.09532 58.84664 53.49997 55.69044 57.25603 58.76977 110.2607 172.6172 246.7763 297.7496 253.8906 131.2459 75.7294 57.38459 25.10126 38.3916 39.83607 100.7231 105.1516 105.2997
42.1716 40.84194 37.15344 29.57862 10.95528 11.35533 38.92173 56.53134 44.6551 28.211 14.34621 7.942522 7.684415 7.684415 10.87794 11.3727 21.37925 45.24694 45.24694 45.29348 47.68332 51.32681 34.3931 30.31706 20.08863 12.65266 14.27537 14.31482 14.31482 14.36886 17.32193 29.28597 29.1627 56.45525 60.0256 63.74529 60.19753 55.47299 41.62705 46.32579 64.61562 216.0095 1002.368 1274.212 607.0728 79.7518 79.17169 74.26218 60.28426 54.68516 49.75975 50.66167 61.48375 65.02244 93.01009 377.7253 1297.315 1478.289 96.43386 73.42253 66.12463 57.52837 99.45432 98.15662 92.48647 93.61482 96.85984
38.50872 40.26293 39.05409 62.87543 66.43581 69.18628 67.41552 66.24355 62.6705 55.70865 27.54531 7.712115 7.684415 7.684415 9.483655 11.3727 27.67507 45.64611 67.07551 88.17617 55.18383 51.93938 48.10775 34.51337 18.63951 14.15404 14.31482 14.31482 15.85657 37.73541 38.54544 40.42805 30.42988 25.90218 25.90218 46.46266 57.57004 32.5165 34.08123 44.00365 64.61375 330.8236 1265.109 1115.337 721.4097 126.5367 147.6624 85.45371 77.4308 68.34283 53.87106 45.39606 51.22976 81.32637 84.97131 171.0526 1102.757 968.3511 122.4919 72.92882 55.42292 49.80947 65.9553 93.9795 87.92565 91.74104 91.6653
37.21431 40.30264 50.24401 84.82925 80.24259 59.04667 46.4003 37.29593 47.9558 46.0212 39.82177 28.27317 16.53053 7.853199 8.290417 11.42585 29.93299 51.20126 55.50054 39.43508 44.95542 51.78231 51.13449 50.87542 49.12275 14.72467 14.31482 15.05379 35.6003 48.21446 41.51118 40.73566 36.86378 28.33347 25.90218 28.02612 10.40174 9.143389 24.80436 41.62705 58.05261 377.3062 383.158 124.5023 122.5327 264.0936 270.6673 236.361 155.8902 70.34995 71.03035 61.34314 50.76348 51.54733 64.3204 70.44131 104.4159 78.7304 71.87762 71.70678 60.31506 59.60335 66.46958 77.87041 81.38903 84.5338 82.40297
36.72779 82.48068 285.9847 144.0993 32.36607 29.91278 47.47856 47.91704 50.27153 50.42908 50.48261 43.03561 33.95411 20.59111 14.25778 14.64343 17.92179 52.5297 54.87021 54.12035 55.19439 52.05689 50.87542 48.30534 47.012 66.48072 46.34853 28.63157 89.09288 57.12848 50.63282 42.51567 43.09863 45.69988 17.4241 13.72564 9.14339 9.14339 10.79019 33.35468 51.32204 52.13993 52.13993 52.13993 52.13993 78.33917 155.5511 171.3079 165.2119 142.6965 105.0728 86.06177 62.53679 60.88285 58.50218 57.71964 64.91507 61.17534 58.3097 67.29709 78.63108 74.62851 73.04019 74.25459 75.20451 81.61845 81.04781
62.73391 238.418 724.8658 471.3852 74.05876 66.52341 51.48674 47.04612 40.24957 45.17694 26.46771 14.79549 14.6882 14.6882 14.6882 14.6882 14.6978 35.82582 55.44929 57.26143 56.75996 48.44316 42.23328 38.9799 67.4269 89.25358 89.25358 88.36917 89.25358 67.30804 25.58496 17.09765 16.48526 37.43512 18.98851 9.143389 9.143389 9.143389 9.143389 14.96843 55.82904 64.14532 64.89301 66.15572 75.96622 82.18671 87.09245 105.1776 140.5663 144.7982 124.7493 130.2932 69.74644 67.19227 63.40762 61.06525 59.29684 57.92711 56.49091 70.3491 76.77441 74.91567 69.45731 69.64837 68.32655 60.34818 69.28149
59.48761 305.0593 464.6167 55.5354 61.93303 52.24939 51.99387 49.71966 32.47264 33.38182 23.77739 14.6882 14.69615 14.73099 14.6882 14.6882 19.46347 23.8743 25.5193 29.83763 30.20529 31.51531 36.58609 51.36712 87.1281 89.25359 89.25359 87.76546 93.31736 42.49071 16.48526 16.48526 16.48526 15.44661 9.143389 9.143389 9.143389 9.143389 9.143389 12.52234 25.52587 36.18633 37.2802 39.45352 38.20948 52.93217 121.9842 140.7993 134.8216 153.0228 322.0643 367.4498 108.3455 66.58277 60.84183 59.70812 61.6601 51.89029 47.12756 49.51395 50.644 58.09328 64.96258 61.2633 50.39833 48.28719 48.86699
59.87822 62.82377 67.45128 61.94292 60.86 58.22324 42.28175 22.24241 18.0647 26.9537 34.32689 15.69475 16.0756 20.39183 30.57776 28.82899 15.4593 23.9089 23.98104 23.98104 25.01116 26.53252 30.73948 42.77803 35.33867 51.15738 55.55651 41.57905 167.2728 136.552 21.28299 16.48526 17.49742 23.44157 20.63894 25.55314 9.143389 9.143389 9.143389 12.69172 22.19522 18.09968 18.09968 18.09968 18.09968 18.12278 78.76743 112.8841 97.09203 78.85741 204.5364 316.8829 155.4547 113.6019 54.1431 56.97489 78.48122 79.31956 75.21825 64.76797 48.40919 48.20074 50.46608 52.56692 55.43266 57.58949 53.01621
56.68134 67.05777 70.77311 67.7305 65.53505 42.3662 29.88757 42.66195 53.40107 54.80192 54.42653 34.74091 49.33427 54.82995 54.82995 53.80773 34.98162 23.98104 23.98104 26.00785 46.35153 46.76941 38.48049 21.53918 23.91809 27.82519 27.06552 46.42122 85.00748 123.6302 85.38808 30.4432 40.34735 40.85767 33.94154 32.41566 19.32393 21.66305 16.40117 26.41324 31.72202 36.34447 37.12112 51.40563 66.91777 66.64216 69.42328 70.13355 77.90321 75.74661 75.74609 88.92496 168.5286 172.7601 106.5547 56.98806 79.87497 86.19088 87.13048 75.95516 48.12972 47.95206 44.11541 47.19698 48.53709 56.35266 67.55905
134.7739 75.27008 74.95972 73.42279 63.37775 39.70298 39.22498 43.39132 40.79586 40.98895 52.53296 54.82995 54.82995 54.82995 50.68269 41.99045 39.96093 28.56721 23.98104 41.2813 46.76941 44.03067 22.69333 21.49763 23.58168 30.93362 31.27427 34.08149 53.96164 56.94423 56.68004 55.60859 43.09093 40.67236 33.38559 32.98464 32.98464 33.61361 28.21061 27.33587 32.24608 37.36177 42.69305 54.77583 62.96881 70.1032 70.46082 93.41444 124.1737 116.5599 56.3928 93.62807 106.3854 122.2373 128.4767 291.8981 1434.931 152.3722 93.04656 92.08354 47.72701 45.34628 31.45667 33.5701 44.82902 59.69389 69.45015
506.2927 103.5054 94.11546 91.36589 77.86818 50.74675 45.44702 29.36974 29.37019 41.39735 54.82995 49.1014 47.07634 43.63233 40.32928 40.32226 40.32226 28.54709 19.19448 25.3542 25.65204 22.15345 21.49763 21.49763 24.16488 34.26542 35.66812 35.66812 41.9021 47.40164 37.12508 38.073 40.87783 41.0145 37.62722 32.98464 33.76321 40.74723 29.76309 27.33587 26.78323 33.05585 35.49819 48.09558 56.20655 69.25336 74.92828 89.2941 138.3323 68.40264 52.12075 75.50195 80.72134 126.1668 139.085 1814.83 3263.551 906.9736 112.0689 72.33894 46.41315 40.29916 32.57293 29.767 35.30991 45.28095 55.51579
1799.43 74.94361 71.79043 69.85685 82.70989 93.51267 66.91723 31.41878 45.57969 52.4489 34.95587 18.45926 36.93639 40.32226 43.94928 51.61747 51.51454 25.51278 18.61614 20.72829 27.24937 24.08651 22.21744 24.51318 32.85509 33.96596 33.82468 34.33255 35.19885 35.35694 34.23682 34.63018 36.71101 37.48317 39.41531 40.48169 43.78907 36.81929 27.33587 26.70316 21.64367 28.62434 35.49819 38.64228 123.1187 93.70252 117.0309 98.41278 102.9576 83.53604 52.42543 46.6545 46.6545 133.2876 144.6405 661.6913 3278.413 519.8525 101.9137 50.01272 46.41315 40.98691 32.65332 32.13926 36.02669 55.10492 41.18132
