GISdata/Popn density Poland 2015.asc
ncols         288
nrows         192
xllcorner     13
yllcorner     48
cellsize      0.0416666666667
NODATA_value  -9999
[rows 29 to 57 of 192, columns 66 to 131 of 288]
-9999 -9999 -9999 -9999 -9999 -9999 -9999 -9999 -9999 -9999 -9999 -9999 -9999 -9999 -9999 -9999 -9999 -9999 -9999 -9999 -9999 -9999 -9999 -9999 -9999 -9999 -9999 -9999 -9999 -9999 -9999 -9999 -9999 -9999 -9999 -9999 -9999 -9999 14.41184 14.41184 14.41184 65.30594 221.0014 215.4452 96.2501 87.61364 33.83832 33.6082 35.91903 35.91903 35.91903 35.91903 39.52278 49.01878 49.14761 44.81753 53.54322 53.54322 53.54322 55.1383 78.46914 95.21555 138.4292 241.3575 416.6458 418.3838
-9999 -9999 -9999 -9999 -9999 -9999 -9999 -9999 -9999 -9999 -9999 -9999 -9999 -9999 -9999 -9999 -9999 -9999 -9999 -9999 -9999 -9999 -9999 -9999 -9999 -9999 -9999 -9999 -9999 -9999 -9999 -9999 -9999 -9999 14.41184 14.41184 14.41184 14.41184 14.41184 14.58471 19.78284 22.52782 35.09855 45.34577 26.99832 26.99832 26.99832 27.23289 33.91405 35.91903 35.91903 35.91903 37.38229 40.00449 40.14603 40.39297 50.53116 53.77277 63.83735 81.03198 95.60899 95.60899 95.60899 938.4623 1026.513 -9999
-9999 -9999 -9999 -9999 -9999 -9999 -9999 -9999 -9999 -9999 -9999 -9999 -9999 -9999 -9999 -9999 -9999 -9999 -9999 -9999 -9999 -9999 -9999 -9999 -9999 -9999 -9999 -9999 -9999 -9999 -9999 34.94114 14.86347 14.41184 14.41184 14.41184 14.41184 14.41184 17.9018 18.4201 27.70237 31.85083 29.72548 26.9994 26.99832 26.99832 26.99832 26.99832 33.2605 36.73543 41.90403 39.59482 39.27206 40.14603 40.14603 40.14603 48.18835 88.16466 95.52084 95.96098 95.60899 95.60899 95.60899 225.3354 95.60899 95.60899
-9999 -9999 -9999 -9999 -9999 -9999 -9999 -9999 -9999 -9999 -9999 -9999 -9999 -9999 -9999 -9999 -9999 -9999 -9999 -9999 -9999 -9999 -9999 -9999 -9999 -9999 -9999 -9999 -9999 35.96169 35.96169 29.85853 15.43615 14.41184 14.41184 14.41184 14.41184 20.6717 32.06949 32.40761 32.40761 32.40761 31.60119 30.78979 30.3561 32.74351 45.06362 43.93829 49.943 50.66827 51.73978 50.81959 41.08155 40.44647 40.21583 63.34278 102.7984 103.6074 103.6074 104.0603 226.1541 317.7019 284.627 117.4405 94.12535 86.61951
-9999 -9999 -9999 -9999 -9999 -9999 -9999 -9999 -9999 -9999 -9999 -9999 -9999 -9999 -9999 -9999 -9999 -9999 -9999 -9999 -9999 -9999 -9999 -9999 -9999 1611.835 1611.835 341.1541 35.96169 35.96169 35.96169 35.96169 32.14302 18.03192 21.15755 24.18531 25.94965 32.28109 32.40761 32.40761 32.40761 32.40761 32.40761 33.35439 46.79266 50.52137 50.52137 50.52137 50.68776 51.4488 51.74828 51.52195 49.10023 51.52547 70.91061 125.3859 132.9265 104.186 433.5671 1559.166 1574.282 662.8749 688.5649 566.0311 141.9306 77.1583
-9999 -9999 -9999 -9999 -9999 -9999 -9999 -9999 -9999 -9999 -9999 -9999 -9999 -9999 -9999 -9999 -9999 -9999 30.96409 30.96409 30.96409 30.96409 31.16075 35.13279 35.96169 115.0875 709.1086 315.6169 36.28082 37.05037 37.42986 49.63958 46.64766 46.36993 35.23996 32.80439 34.1824 37.39103 34.84243 33.37415 33.11574 32.51624 32.44288 41.78463 50.50991 50.52137 50.52137 486.5574 480.5841 89.70343 51.64494 51.74828 51.74828 51.74828 53.78487 97.7672 137.4999 134.9433 115.7 103.6074 191.2616 103.6074 1127.27 1489.378 1142.392 1043.1
-9999 -9999 -9999 -9999 -9999 -9999 -9999 -9999 -9999 -9999 -9999 -9999 -9999 -9999 -9999 -9999 31.43855 31.16122 30.96409 30.96409 30.96409 30.96409 30.96409 31.79193 35.96145 36.17114 41.02446 45.66104 49.66784 51.95232 48.10768 53.03833 53.03833 53.03833 46.87768 40.35136 40.75277 40.75277 40.75277 38.25316 34.76141 34.13061 34.35726 38.66825 48.64068 50.52137 50.46539 1050.078 921.4099 88.58679 49.04928 51.74502 51.74828 51.8967 104.8168 135.5776 137.9377 118.5135 96.69044 87.35369 97.31719 103.5146 349.8682 1438.209 1922.502 2034.173
-9999 -9999 -9999 -9999 -9999 -9999 -9999 -9999 -9999 -9999 -9999 -9999 -9999 -9999 -9999 31.43855 31.43855 31.43655 31.29053 31.01013 30.96415 30.96409 30.96409 30.96409 32.45203 43.06218 53.03393 53.03833 94.18451 1346.458 1967.052 1694.455 341.9467 49.87303 42.91986 40.75277 40.75277 40.68624 39.47149 35.74886 34.21309 34.21309 34.21309 39.60831 45.02444 47.26845 43.8198 44.25552 42.50183 41.08391 43.52546 51.48295 52.2553 52.23848 75.44717 71.60626 73.65638 80.95597 80.98275 80.98275 80.98275 83.25507 241.5362 742.3873 1822.513 2034.173
-9999 -9999 -9999 -9999 -9999 -9999 -9999 -9999 -9999 -9999 -9999 -9999 -9999 -9999 536.1412 619.9003 283.9077 31.43855 31.42122 31.08661 30.62016 30.6755 30.64724 30.92331 30.91088 32.67604 47.74698 47.20355 47.36642 252.4091 1136.079 1038.048 260.7307 50.65691 50.49538 39.50277 39.42792 35.87125 34.21442 34.21309 34.21309 34.2047 30.84573 29.87746 29.89624 38.62712 41.08391 41.08391 41.08391 41.08391 45.14246 52.25926 61.02224 89.04502 74.9968 92.46642 83.7693 81.25388 82.19443 84.34857 82.72506 82.40372 94.03271 140.1742 596.0171 1858.947
-9999 -9999 -9999 -9999 -9999 -9999 -9999 -9999 -9999 -9999 -9999 -9999 -9999 31.43855 34.88214 170.5674 184.5076 33.45401 31.43006 31.09274 32.02512 202.8184 114.388 30.43426 30.41225 30.62933 40.33266 44.33503 44.33503 44.33503 46.09959 48.85329 45.11344 35.66714 35.61512 35.1671 35.1671 35.14564 34.70883 34.65236 34.2311 28.96195 20.30482 20.30482 20.30482 24.36029 39.41127 38.77804 41.25401 94.13459 91.44836 98.26652 133.0807 154.1438 157.9952 157.9952 157.531 152.3146 114.7382 87.24811 87.24811 90.76656 145.8974 166.9318 546.874 1578.546
-9999 -9999 -9999 -9999 -9999 -9999 -9999 -9999 -9999 -9999 -9999 31.43855 32.08272 31.43855 31.43855 31.43855 31.43855 31.43855 31.21365 30.56465 31.83631 326.0044 562.7247 30.41058 30.41058 34.3839 44.06773 44.33503 44.33503 44.33503 44.33503 44.33503 40.62793 35.1671 35.1671 35.1671 35.1671 35.1671 35.1671 35.12967 34.17911 20.58484 20.30482 20.30482 20.30482 20.33659 20.35833 26.84205 81.65089 104.8881 105.4363 105.4363 105.4363 107.9375 127.0745 104.1284 113.9122 155.9224 157.9902 124.3 113.2281 130.0401 166.9318 166.9318 398.4383 1522.976
-9999 -9999 -9999 -9999 -9999 -9999 -9999 -9999 -9999 82.37976 82.05241 61.75152 59.59723 50.1607 31.43855 35.72923 31.37892 30.86765 30.69283 30.50321 30.43983 30.43272 30.45966 30.44168 30.41058 32.19896 37.73657 38.54644 38.70852 41.49729 42.71549 31.9417 35.91927 35.1671 34.33643 31.46991 32.99404 32.22918 33.81499 35.1671 27.8204 20.30485 20.30482 20.30482 20.30482 20.55172 21.27708 79.98653 92.01013 81.02348 100.2765 104.6165 105.3523 98.71843 89.93812 92.30556 107.3164 149.4749 147.0288 157.9952 156.1664 158.3556 166.9318 166.9318 170.3541 440.4533
-9999 -9999 -9999 -9999 82.37976 82.37976 82.37975 82.31077 76.68447 79.63398 68.77039 64.56377 64.09096 64.07583 59.47979 56.21092 32.03838 30.50393 30.50393 30.50393 30.50393 30.50393 30.50287 30.43659 30.41058 30.41058 31.46775 33.54142 33.54142 33.54367 27.24457 17.96725 18.48235 20.56114 26.24433 26.61623 26.61623 26.61623 31.52935 33.91326 31.15334 42.82746 38.58116 27.81769 21.57051 22.007 27.09878 37.13373 40.11349 40.09042 40.2885 57.72775 68.75418 63.67168 81.43934 110.4418 133.33 98.08897 93.36384 104.6265 95.10373 96.73199 122.5955 124.3292 188.2489 200.395
72.45725 56.79453 58.31643 66.77721 66.52422 65.58028 65.13256 58.71793 218.4405 701.4641 521.8254 548.1566 382.028 188.9371 64.09096 63.91994 45.512 42.33505 54.35359 39.26726 29.75792 28.78512 29.22162 29.94987 32.6342 33.1515 33.51001 33.54142 33.54142 33.54142 24.87752 17.96725 17.96725 17.96725 23.25874 26.61623 26.90468 27.4709 27.93123 27.87066 49.74676 128.8576 129.0309 124.0352 35.50046 27.07583 27.93783 38.13241 40.09042 40.1548 41.86082 53.60906 60.96447 61.10105 61.19323 60.96447 63.98988 84.41835 92.7426 89.31042 57.54596 44.81594 43.42503 67.90469 144.0196 166.5555
72.45786 62.33176 54.32933 54.32933 54.32933 54.31972 52.63214 50.80073 109.9818 923.6605 1260.343 1255.241 1246.566 454.5546 59.64451 64.09097 45.64308 38.5057 54.19718 30.95237 25.74312 24.3736 24.37504 27.70473 33.50535 33.54142 33.54142 33.54142 33.54142 28.21585 21.16573 17.96725 17.96725 18.03772 20.01987 26.36036 28.37544 28.72621 27.8613 27.87392 104.9417 129.0309 129.0309 102.1884 65.71913 27.24585 28.29939 30.26678 35.23627 38.4528 50.72404 53.92875 55.69453 51.64055 56.8604 56.3661 50.84704 68.94899 69.17613 54.60299 43.42503 43.42503 43.42503 54.9694 60.8389 60.8389
49.09572 54.78543 51.15117 59.31163 52.43986 50.77513 48.50063 48.50063 48.95515 58.03767 569.3873 171.9995 175.6232 77.57201 39.464 50.77677 32.98764 25.70122 24.37323 24.37323 24.37323 24.37323 24.37323 24.37323 28.81716 33.54142 33.54142 34.32744 30.70034 22.90091 17.96725 18.40534 39.78548 41.57626 33.79374 26.61623 31.1335 39.5628 37.22664 65.5932 114.738 129.0309 105.2551 95.02142 22.49917 21.80638 26.89531 28.2551 29.81856 36.91276 43.42159 46.61015 78.92506 522.179 136.9278 46.61015 51.71957 56.67401 56.67401 56.53513 52.94244 49.22623 58.76599 57.41814 60.8389 60.8389
45.51529 45.62953 58.72795 67.46177 51.81545 48.50063 46.96546 35.48243 48.47243 49.76717 49.76717 43.44722 37.86305 37.86305 37.86305 37.86305 35.81389 26.40154 24.37323 24.37323 24.37323 24.37323 24.37323 24.37323 24.78401 36.45586 40.8177 44.6895 45.54354 43.73702 29.48081 25.65564 37.3929 45.54354 39.40757 31.52255 36.87769 41.08647 52.11583 118.9701 129.0309 129.0309 53.27225 20.85739 20.85739 21.14847 23.80177 27.75514 31.25676 32.10661 45.35455 46.61015 185.9639 863.6585 429.5531 46.61015 52.47134 55.6551 52.94801 45.29722 44.0891 45.95483 82.18704 88.41561 86.86117 86.97769
60.78674 65.48612 68.15292 64.46956 45.14471 86.80117 26.19218 24.56645 29.99063 44.11238 49.44169 48.89455 44.77929 39.84166 37.86305 37.02679 36.05714 29.51858 25.56112 26.39591 26.84475 26.00456 24.37323 24.37323 24.43802 39.78482 45.54354 45.54354 45.54354 45.54354 45.54354 45.54354 45.54354 45.54354 44.84518 41.18797 38.72558 35.42942 23.29929 22.56835 55.55891 74.95304 26.21404 20.85739 20.85739 21.47643 31.71736 31.69861 31.86229 32.42458 34.84968 46.4633 46.61015 46.61015 46.61015 46.58476 46.35505 41.23851 41.22328 42.27518 42.27518 45.19678 75.83566 89.76226 89.76226 89.76196
67.89703 68.15291 56.9952 27.32072 385.8781 675.7351 200.7147 24.56645 24.56645 23.19542 23.30602 32.34472 33.39151 28.65867 29.47151 28.53063 29.11286 28.20955 28.20955 28.20955 28.20955 27.6644 26.34897 24.49233 25.54727 43.51316 45.54354 45.54354 45.54354 45.54354 45.54354 45.54354 42.75145 41.0569 38.9401 17.61532 16.16605 16.16605 16.16605 16.16605 16.16605 16.16605 17.51619 21.86293 31.90026 31.76254 33.90593 33.72931 33.7197 33.72493 35.41867 40.78363 46.54074 46.61015 36.71071 32.76894 31.3841 30.70645 30.76011 34.26438 37.93108 84.37295 88.34867 87.78561 86.65972 86.36096
65.81239 48.40624 29.44312 24.56645 45.94968 425.5829 362.6453 24.33154 21.3928 20.45979 20.36537 20.36537 20.36537 20.53674 23.61238 25.71606 27.38586 28.20955 28.20955 28.20955 28.20955 28.20955 28.20955 27.47474 22.49656 25.04498 29.60493 45.01085 45.54354 45.54354 39.99607 36.58276 25.25727 15.19632 15.37562 15.87706 16.16605 16.16605 16.16605 16.16605 16.16605 16.16605 22.65329 31.8566 36.00763 36.00763 35.89204 35.34861 33.79071 33.98306 35.49113 36.03966 37.50809 37.73932 32.23228 30.70627 30.70627 30.70627 30.73992 30.70627 33.99171 53.55032 78.68432 84.74833 83.02701 311.543
24.26843 24.1433 24.56591 24.42225 24.56339 24.56575 24.56645 23.89503 21.16397 20.36946 20.36537 20.36537 20.36537 20.36537 20.3654 20.36537 22.76686 28.20955 28.20955 28.20955 28.20955 28.20955 27.72404 22.11437 20.74492 20.74492 21.50885 35.64427 44.49134 42.76007 21.92499 15.19032 15.19032 15.19032 15.95757 21.23131 17.42016 16.19369 17.41197 16.99828 17.08156 18.1458 34.97285 36.00763 36.00763 36.00763 36.00763 36.00763 35.96659 36.50349 36.89624 36.89624 36.89624 36.89624 34.15696 31.48313 35.98061 40.98167 42.60736 43.75119 77.52547 84.92138 84.92138 84.66317 82.59935 106.4015
21.49097 23.03501 23.02735 22.10354 22.2912 22.51639 23.58821 32.7696 28.33195 21.81555 20.36537 20.36537 20.36537 20.67813 24.99132 25.42612 25.49395 26.80765 26.03708 25.0273 22.63348 22.25031 24.4201 22.21699 20.74492 20.74492 20.74492 20.59206 22.62609 22.09562 15.18264 15.19032 15.19032 15.19032 22.22158 27.92179 22.33621 17.67997 19.58979 19.58979 20.97043 31.22277 35.25429 35.96831 36.00763 36.00763 36.00763 36.00763 36.00763 36.16183 36.59896 36.89624 37.12609 43.70581 48.8342 51.44385 49.43865 45.16293 44.21734 44.21734 69.20192 84.86645 84.92138 69.52903 60.28691 62.75757
21.24853 22.26844 22.07572 22.07572 22.07572 22.07572 27.8085 40.49858 47.93769 35.34109 20.45302 23.30834 27.2665 26.8526 26.42325 26.42325 26.42325 26.42325 24.7204 19.63947 19.47993 19.47993 19.47993 19.86968 20.74492 20.74492 20.13814 13.83273 13.55716 13.48066 13.91792 15.15038 15.19032 15.29181 25.77916 27.92179 27.9093 27.23085 20.84848 19.65711 28.54582 34.69406 34.69406 35.15706 35.82987 36.00763 36.00763 36.00763 36.3405 37.80999 38.18839 37.86391 47.38256 53.95061 53.95061 79.00493 152.41 84.73137 43.63441 43.21581 44.72773 42.34655 45.68102 40.16988 40.38627 51.18501
100.2327 154.9707 53.88734 23.7348 35.60576 28.18853 24.66702 37.16439 47.93769 42.73903 37.99012 39.15947 38.79237 37.67381 34.05036 28.72316 26.42325 26.42325 25.03289 20.13832 19.47993 19.47993 19.47993 19.69792 20.41367 20.74492 20.70488 18.67846 14.55096 13.48066 13.48127 14.49011 23.53582 26.85128 27.89619 27.92179 27.92179 27.92179 25.57838 19.74907 33.43256 34.69406 34.69406 34.69406 35.05631 35.99516 36.81472 36.39264 42.4092 53.92652 53.95061 53.95061 53.95061 53.95061 53.95061 52.43393 49.05517 53.78974 22.65971 22.83158 34.42128 39.80666 39.80666 39.80666 42.14957 51.1377
456.452 329.0432 172.5781 24.18311 42.12805 47.67576 47.27493 47.93769 47.93769 47.93769 47.93769 42.60207 38.79237 38.79237 38.79237 38.78782 37.08633 34.99513 26.29522 23.48127 19.48049 19.47993 19.47993 19.47993 19.49769 19.90934 20.46141 18.6705 14.71284 13.48066 13.48066 13.48066 13.96151 16.04151 25.76552 27.92179 27.92179 27.93374 28.23069 27.85435 29.09973 34.32869 34.69406 34.69406 34.69406 37.17924 50.69025 53.48618 53.94476 53.95061 56.23494 55.77586 53.95467 53.95061 53.95061 44.34242 27.02053 25.40439 22.56821 21.85465 22.34217 26.92783 26.34656 39.26112 32.5791 22.34229
66.97246 25.67851 24.47804 23.68283 28.6413 47.85038 47.93769 47.93769 47.93769 47.93769 47.93769 47.87579 40.78882 38.79237 38.79237 38.79237 37.93915 35.16013 23.51452 19.82928 19.47993 320.6548 766.9803 202.0293 21.38646 19.47993 18.57792 21.51 27.90875 23.8782 22.01992 13.86138 13.48066 13.48066 16.69659 27.64589 28.10533 28.08262 28.39559 28.40533 28.4184 32.22248 219.357 535.6613 224.8954 34.69406 34.81679 46.18624 53.59667 53.95061 54.67848 74.82211 85.27822 75.13753 65.36741 35.18508 33.93867 33.8369 32.62204 31.94664 24.34953 15.99603 16.188 18.82585 16.11969 15.77057
26.63106 29.40526 26.65688 25.15866 28.61418 44.02262 47.08598 33.16592 37.73209 41.45452 41.68657 39.44532 38.5451 38.79237 37.42102 27.50757 23.61581 23.59428 23.59428 23.03456 19.47993 19.47993 494.4018 918.9668 346.135 19.47993 19.47993 34.69112 38.07768 38.07768 38.07768 36.17174 26.99323 20.41019 28.68793 28.40533 28.40533 28.93406 364.163 286.9354 28.40533 28.40533 319.9737 1371.368 763.575 34.69406 34.69406 38.65816 67.73538 68.49644 76.09185 87.73429 88.20284 88.20284 83.25018 38.72005 33.93867 33.93867 33.92445 29.58891 26.35764 24.4619 22.67411 24.39955 26.79122 30.51753
57.68963 49.69695 33.00162 20.21229 17.48127 16.54279 31.03038 31.20091 28.59865 34.00021 33.33187 34.34599 35.01815 33.80178 23.70228 23.59428 23.59428 23.59428 23.59428 23.53148 22.18763 19.97248 34.18931 35.62914 19.79044 21.64642 22.29491 32.25295 38.07768 38.07768 38.07768 38.07768 38.85642 35.44038 30.33047 28.40533 28.40533 102.1382 497.9777 81.48891 28.40533 30.67654 34.68365 34.69406 34.69406 34.69406 34.69406 42.15899 72.06351 86.27732 88.20284 88.20284 80.13122 42.40589 26.57151 31.41092 32.4577 31.80051 31.68233 28.57071 27.9324 27.9324 27.9324 30.54794 35.3115 35.3115
55.79822 50.05826 35.84072 16.54279 16.67609 16.54279 63.12679 74.38366 53.28971 51.26057 34.34599 34.34599 32.90242 25.96265 23.59428 23.59428 23.59428 23.59428 23.59428 23.59428 23.59428 22.08825 19.54966 20.35187 28.11485 28.80291 28.80291 30.05869 36.98505 38.07768 38.43364 42.49305 44.28439 39.61827 35.65199 37.3466 37.79767 29.86029 28.40533 28.40533 32.40067 38.46192 39.31818 34.69406 36.62475 35.28545 36.26984 38.59248 53.34534 81.76719 88.20284 86.83158 43.95882 25.04512 25.04512 25.20957 25.23607 25.14071 27.33856 28.83835 28.92478 27.97788 27.9324 30.51708 44.89598 40.98087
