GISdata/Popn density Slovakia 2015.asc
ncols         168
nrows         72
xllcorner     16
yllcorner     47
cellsize      0.0416666666667
NODATA_value  -9999
[rows 0 to 30 of 72, columns 69 to 137 of 168]
-9999 -9999 -9999 -9999 -9999 -9999 -9999 -9999 -9999 -9999 -9999 -9999 -9999 -9999 -9999 -9999 -9999 -9999 -9999 -9999 -9999 -9999 -9999 -9999 -9999 -9999 -9999 -9999 -9999 -9999 -9999 -9999 -9999 -9999 -9999 -9999 -9999 -9999 -9999 -9999 -9999 -9999 -9999 -9999 -9999 -9999 -9999 -9999 -9999 -9999 -9999 -9999 -9999 -9999 -9999 -9999 -9999 -9999 -9999 -9999 -9999 -9999 -9999 -9999 -9999 -9999 -9999 -9999 -9999
-9999 -9999 -9999 -9999 -9999 -9999 -9999 -9999 -9999 -9999 -9999 -9999 -9999 -9999 -9999 -9999 -9999 -9999 -9999 -9999 -9999 -9999 -9999 -9999 -9999 -9999 -9999 -9999 -9999 -9999 -9999 -9999 -9999 -9999 -9999 -9999 -9999 -9999 -9999 -9999 -9999 -9999 -9999 -9999 -9999 -9999 -9999 -9999 -9999 -9999 -9999 -9999 -9999 -9999 -9999 -9999 -9999 -9999 -9999 -9999 -9999 -9999 -9999 -9999 -9999 -9999 -9999 -9999 -9999
-9999 -9999 -9999 -9999 -9999 -9999 -9999 -9999 -9999 -9999 -9999 -9999 -9999 -9999 -9999 -9999 -9999 -9999 -9999 -9999 -9999 -9999 -9999 -9999 -9999 -9999 -9999 -9999 -9999 -9999 -9999 -9999 -9999 -9999 -9999 -9999 -9999 -9999 -9999 -9999 -9999 -9999 -9999 -9999 -9999 -9999 -9999 -9999 -9999 -9999 -9999 -9999 -9999 -9999 -9999 -9999 -9999 -9999 -9999 -9999 -9999 -9999 -9999 -9999 -9999 -9999 -9999 -9999 -9999
-9999 -9999 -9999 -9999 -9999 -9999 -9999 -9999 -9999 -9999 -9999 -9999 -9999 -9999 -9999 -9999 -9999 -9999 -9999 -9999 -9999 -9999 -9999 -9999 -9999 -9999 -9999 -9999 -9999 -9999 -9999 -9999 -9999 -9999 -9999 -9999 -9999 -9999 -9999 -9999 -9999 -9999 -9999 -9999 -9999 -9999 -9999 -9999 -9999 -9999 -9999 -9999 -9999 -9999 -9999 -9999 -9999 -9999 -9999 -9999 -9999 -9999 -9999 -9999 -9999 -9999 -9999 -9999 -9999
-9999 -9999 -9999 -9999 -9999 -9999 -9999 -9999 -9999 -9999 -9999 -9999 -9999 -9999 -9999 -9999 -9999 -9999 -9999 -9999 -9999 -9999 -9999 -9999 -9999 -9999 -9999 -9999 -9999 -9999 -9999 -9999 -9999 -9999 -9999 -9999 -9999 -9999 -9999 -9999 -9999 -9999 -9999 -9999 -9999 -9999 -9999 -9999 -9999 -9999 -9999 -9999 -9999 -9999 -9999 -9999 -9999 -9999 -9999 -9999 -9999 -9999 -9999 -9999 -9999 -9999 -9999 -9999 -9999
-9999 -9999 -9999 -9999 -9999 -9999 -9999 -9999 -9999 -9999 -9999 -9999 -9999 -9999 -9999 -9999 -9999 -9999 -9999 -9999 -9999 -9999 -9999 -9999 -9999 -9999 -9999 -9999 -9999 -9999 -9999 -9999 -9999 -9999 -9999 -9999 -9999 -9999 -9999 -9999 -9999 -9999 -9999 -9999 -9999 -9999 -9999 -9999 -9999 -9999 -9999 -9999 -9999 -9999 -9999 -9999 -9999 -9999 -9999 -9999 -9999 -9999 -9999 -9999 -9999 -9999 -9999 -9999 -9999
-9999 -9999 -9999 -9999 -9999 -9999 -9999 -9999 -9999 -9999 -9999 -9999 -9999 -9999 -9999 -9999 -9999 -9999 -9999 -9999 -9999 -9999 -9999 -9999 -9999 -9999 -9999 -9999 -9999 -9999 -9999 -9999 -9999 -9999 -9999 -9999 -9999 -9999 -9999 -9999 -9999 -9999 -9999 -9999 -9999 -9999 -9999 -9999 -9999 -9999 -9999 -9999 -9999 -9999 -9999 -9999 -9999 -9999 -9999 -9999 -9999 -9999 -9999 -9999 -9999 -9999 -9999 -9999 -9999
-9999 -9999 -9999 -9999 -9999 -9999 -9999 -9999 -9999 -9999 -9999 -9999 -9999 -9999 -9999 -9999 -9999 -9999 -9999 -9999 -9999 -9999 -9999 -9999 -9999 -9999 -9999 -9999 -9999 -9999 -9999 -9999 -9999 -9999 -9999 -9999 -9999 -9999 -9999 -9999 -9999 -9999 -9999 -9999 -9999 -9999 -9999 -9999 -9999 -9999 -9999 -9999 -9999 -9999 -9999 -9999 -9999 -9999 -9999 -9999 -9999 -9999 -9999 -9999 -9999 -9999 -9999 -9999 -9999
-9999 -9999 -9999 -9999 -9999 -9999 -9999 -9999 -9999 -9999 -9999 -9999 -9999 -9999 -9999 -9999 -9999 -9999 -9999 -9999 -9999 -9999 -9999 -9999 -9999 -9999 -9999 -9999 -9999 -9999 -9999 -9999 -9999 -9999 -9999 -9999 -9999 -9999 -9999 -9999 -9999 -9999 -9999 -9999 -9999 -9999 -9999 -9999 -9999 -9999 -9999 -9999 -9999 -9999 -9999 -9999 -9999 -9999 -9999 -9999 -9999 -9999 -9999 -9999 -9999 -9999 -9999 -9999 -9999
-9999 -9999 -9999 -9999 -9999 -9999 -9999 -9999 -9999 -9999 -9999 -9999 71.60168 71.60168 71.60168 -9999 -9999 -9999 -9999 -9999 -9999 -9999 -9999 -9999 -9999 -9999 -9999 -9999 -9999 -9999 -9999 -9999 -9999 -9999 -9999 -9999 -9999 -9999 -9999 -9999 -9999 -9999 -9999 -9999 -9999 -9999 -9999 -9999 -9999 -9999 -9999 -9999 -9999 -9999 -9999 -9999 -9999 -9999 -9999 -9999 -9999 -9999 -9999 -9999 -9999 -9999 -9999 -9999 -9999
-9999 -9999 -9999 -9999 -9999 -9999 -9999 -9999 -9999 -9999 -9999 71.60168 71.60168 71.60168 71.60168 71.79817 -9999 -9999 -9999 -9999 -9999 -9999 -9999 -9999 -9999 -9999 -9999 -9999 -9999 -9999 -9999 -9999 -9999 -9999 -9999 -9999 -9999 -9999 -9999 -9999 -9999 -9999 -9999 -9999 -9999 -9999 -9999 -9999 -9999 -9999 -9999 -9999 -9999 -9999 -9999 -9999 -9999 -9999 -9999 -9999 -9999 -9999 -9999 -9999 -9999 -9999 -9999 -9999 -9999
142.3133 142.3133 142.3133 -9999 -9999 -9999 -9999 -9999 72.39838 72.39838 102.178 222.1443 182.2714 105.4495 119.9946 138.1338 140.134 -9999 -9999 -9999 -9999 -9999 -9999 -9999 -9999 -9999 -9999 -9999 -9999 -9999 -9999 -9999 -9999 -9999 -9999 -9999 -9999 -9999 -9999 -9999 -9999 -9999 -9999 -9999 -9999 -9999 -9999 -9999 -9999 -9999 -9999 -9999 -9999 -9999 -9999 -9999 -9999 -9999 -9999 -9999 -9999 -9999 -9999 -9999 -9999 -9999 -9999 -9999 -9999
133.7292 123.1357 115.7785 -9999 -9999 -9999 -9999 -9999 100.2521 74.87284 73.35778 103.404 126.0508 261.326 278.5222 215.2051 117.3127 82.67892 -9999 -9999 -9999 -9999 -9999 -9999 -9999 -9999 -9999 -9999 -9999 -9999 -9999 -9999 -9999 -9999 -9999 -9999 -9999 -9999 -9999 -9999 -9999 -9999 -9999 -9999 -9999 -9999 -9999 -9999 -9999 -9999 -9999 -9999 -9999 -9999 -9999 -9999 -9999 13.39018 -9999 -9999 -9999 -9999 -9999 -9999 -9999 -9999 -9999 -9999 -9999
89.98869 87.42524 82.14867 -9999 21.44447 -9999 -9999 151.4204 138.9712 134.9378 100.904 130.6517 114.6208 241.3446 276.2231 203.3086 98.52806 84.35935 82.67892 -9999 -9999 -9999 -9999 -9999 -9999 -9999 -9999 -9999 -9999 -9999 -9999 -9999 -9999 -9999 -9999 -9999 -9999 32.11784 -9999 -9999 -9999 32.35578 -9999 35.72564 35.72564 -9999 -9999 -9999 -9999 -9999 -9999 -9999 28.7791 30.86159 24.19207 -9999 22.10595 8.042783 12.72779 16.44526 22.99475 42.81982 32.94226 7.025551 7.678446 5.883064 7.062378 17.33436 -9999
118.5311 60.9933 41.99265 21.44447 21.44447 23.78267 108.8372 154.8424 168.8304 184.983 140.4319 107.6793 126.9199 148.5552 277.424 218.9418 93.81445 82.67892 81.6374 72.6729 51.54022 49.97437 52.50448 -9999 -9999 -9999 -9999 -9999 -9999 -9999 -9999 -9999 -9999 -9999 129.7408 125.7631 57.62626 38.97461 33.69906 31.08838 28.99592 33.98408 32.65944 32.52729 32.90599 24.81483 -9999 -9999 -9999 -9999 -9999 -9999 26.89565 35.23394 30.93425 20.42193 17.23729 29.59699 55.89429 35.6742 24.32152 49.98178 44.96282 21.53736 19.30929 15.57538 24.13323 34.02271 17.21637
63.72445 65.87494 39.36311 21.44447 21.44447 24.64702 54.60347 81.32318 81.08585 73.89434 85.48299 132.6098 147.1077 149.0303 166.4429 121.868 182.6478 101.9845 74.67241 77.56033 34.29655 47.64865 52.50448 -9999 -9999 -9999 -9999 -9999 -9999 -9999 -9999 9.298922 9.298923 22.76938 50.23478 61.13903 40.79803 33.74451 36.41351 27.58826 36.79728 41.81804 34.45239 145.6656 81.36185 23.57743 26.41827 16.44944 16.56547 -9999 -9999 50.62525 48.02707 57.94022 46.68709 46.68714 105.4837 220.1232 159.2622 40.11256 23.10771 30.07019 41.53184 34.66331 60.52841 59.81011 59.29251 41.0033 9.185732
66.70631 65.98809 60.81412 46.8826 37.62779 40.86208 33.17721 52.65935 62.63994 157.3197 119.8398 112.3713 108.8924 62.51495 89.22014 146.8144 208.8206 93.65164 50.83363 59.82095 30.26394 26.59769 42.26504 -9999 -9999 -9999 -9999 -9999 -9999 -9999 2.146311 5.819284 9.298922 14.00933 27.5138 34.00488 20.19172 23.75528 45.68071 79.57041 58.25964 49.1018 143.5368 473.1871 219.3332 24.84382 23.11078 21.76486 34.19964 30.37609 29.38274 59.29274 54.41372 69.91045 64.6843 71.95946 262.6708 416.8621 367.2092 95.69772 51.50187 50.30655 45.92307 104.2524 674.1323 371.496 38.41887 19.93819 18.56188
75.96619 86.40625 122.41 101.3959 83.60894 60.07405 36.42094 33.63879 43.1589 307.5627 170.8979 33.46674 32.10275 44.25226 42.26517 47.90304 28.98559 31.83474 33.77856 36.98754 19.52002 16.95927 16.95927 -9999 -9999 -9999 -9999 -9999 -9999 2.146311 2.146311 19.14569 35.35993 28.55541 68.10162 119.4292 59.25676 59.71627 67.66883 82.67729 89.46828 90.53211 106.1274 208.522 109.8797 65.75834 65.24612 78.30276 81.35724 47.59466 36.92985 36.64019 27.32373 17.65476 22.987 42.27912 239.5711 349.8333 232.2782 47.9253 49.22928 40.43088 38.69569 45.90681 126.858 107.5201 19.46942 33.97194 42.62443
209.2156 150.2664 143.9203 93.2831 79.42497 45.92819 15.09392 51.78321 52.2863 252.5391 261.7825 68.96221 50.05976 43.48503 53.53791 47.06884 38.78258 25.88583 34.79092 35.06366 21.98 19.90627 -9999 -9999 12.31386 12.31386 12.31386 12.31386 -9999 2.146311 2.146311 5.52802 13.10102 12.31386 27.80153 143.3221 107.3185 89.18901 91.07055 84.26352 33.01489 17.98065 8.221982 64.12016 61.53406 39.17691 53.46989 78.53136 66.40127 52.37603 81.16787 31.73162 5.994959 6.329892 12.89413 41.10829 46.11164 57.84965 49.83429 37.94199 42.41667 51.04109 47.65309 32.58613 43.43341 94.48117 148.8051 93.78005 24.79551
227.1108 146.6214 133.4666 86.12167 40.72493 16.73568 23.41292 34.64101 56.31465 61.93747 134.6152 96.07002 56.00197 37.43649 34.68105 26.35502 44.76966 45.98172 79.95285 32.42191 257.6166 20.66464 29.99811 30.44533 14.75006 12.31386 12.31386 12.31386 12.31386 3.411946 5.150845 9.899659 12.31386 12.31386 12.79128 95.54815 165.7861 200.2715 189.3078 137.0821 33.69403 0 0 0 0 8.646399 140.8648 179.0017 100.5055 253.0868 287.5425 75.88676 35.33598 33.09882 12.88756 45.30114 59.80439 60.47639 54.21781 40.35843 42.89225 61.62822 46.99726 46.87025 57.11444 68.03664 253.2484 268.1053 48.39129
177.0025 58.14333 101.9433 79.85957 62.11555 45.19093 46.75788 69.20181 82.62552 60.02651 51.86301 60.40928 56.39165 40.23231 43.25352 45.02979 53.17305 86.43048 60.57962 112.3542 205.1109 17.38306 30.72896 31.22544 26.31945 14.80398 12.31386 12.31386 12.31386 12.27744 12.30351 12.31386 12.94958 68.94441 80.34177 176.8031 396.8044 583.2372 287.9812 29.005 0 0 0 0 0 15.70706 126.098 161.3007 155.1467 247.5195 414.9075 162.3323 189.999 410.0545 94.01096 45.44081 32.95294 40.76853 117.3438 76.21029 54.74997 65.41485 78.58755 128.9662 71.55714 38.25163 47.19978 36.71389 16.83471
619.3654 528.8711 110.7752 73.7105 49.8273 36.89281 13.9975 54.17384 171.6541 167.724 134.2105 99.70497 62.17005 73.32343 66.78289 45.97234 448.6159 461.8625 392.3736 309.7497 63.07291 37.39547 56.94566 70.75218 56.94142 27.75464 47.9009 46.65644 34.69922 18.82863 55.1562 61.29275 282.0974 170.5964 245.6803 309.7438 121.329 101.5338 64.95965 0 0 0 4.419002 27.64041 16.4103 27.45723 73.14077 62.09345 69.37685 102.3937 104.7164 137.2054 350.006 802.1636 217.4715 94.93334 51.40305 88.51472 84.68256 71.7383 75.25356 104.1905 175.259 274.9376 35.95041 25.2725 37.27119 22.63692 20.44617
590.4843 623.5796 89.58794 32.79327 24.92141 18.25675 7.744463 14.12886 173.3857 194.2838 182.9477 92.16819 140.6113 38.24713 101.9886 107.075 686.6503 745.7726 350.9499 128.9707 242.6098 453.3894 312.6794 51.1287 25.85012 39.48279 69.14187 73.75479 80.58781 64.36279 59.55335 424.8211 500.3362 624.8517 795.9461 616.5611 47.61884 51.84072 61.0709 57.95288 90.57378 131.4182 79.8764 22.61107 28.47082 27.17982 29.5471 22.86425 22.10043 23.09296 62.12976 195.1338 307.3111 396.2558 334.138 137.2738 130.7974 165.636 115.5106 122.0589 76.64557 65.69138 52.06366 45.83971 25.28641 13.36304 11.58125 25.20224 30.64719
117.3637 143.0168 24.0195 21.78888 17.50541 7.840956 7.744463 11.75962 170.9679 194.2838 169.093 33.43758 72.01482 28.834 89.13317 77.59692 97.70761 341.5267 81.97556 65.60359 176.6092 159.198 53.79465 44.80102 24.60448 30.92672 50.73186 55.0428 62.9962 63.37477 44.90142 45.34289 66.13029 479.7145 215.8465 137.6307 117.8632 105.9099 89.58569 121.7592 212.1266 199.0371 80.09809 62.32343 87.50704 74.14566 51.26542 18.80722 62.59372 69.05615 77.28893 61.20729 92.75281 87.09099 104.1175 201.0196 894.1253 848.3902 371.165 79.09264 48.54941 49.7388 149.4565 164.0759 87.16118 36.63229 14.18173 17.17996 34.85036
61.56538 30.56264 16.58401 18.10674 19.44832 13.8607 7.744463 24.85816 114.7677 176.796 124.3965 27.26481 23.868 25.2653 74.39158 44.02057 11.50589 30.48268 54.36437 22.82786 46.12152 29.71733 30.37592 20.92317 21.97763 21.97763 21.90724 21.21117 21.83559 31.35358 31.02364 33.63563 55.54897 64.54161 75.5392 84.71863 77.95104 85.32908 144.6719 146.7233 211.0953 162.5148 69.596 80.81565 128.8298 163.2754 113.3809 44.48254 71.52096 81.06201 110.7161 58.1903 38.45534 52.74422 209.1802 1035.448 1166.684 1126.108 385.6711 54.65508 24.79288 28.69453 26.23197 45.03511 91.57674 88.43165 29.76655 60.33472 60.14152
28.15463 9.430581 8.383449 10.47912 15.6417 18.75233 15.16294 18.19386 21.43588 29.87976 43.51052 44.21774 23.06448 20.27408 25.54951 24.60259 9.519041 10.29458 53.10414 33.79537 18.55038 11.86074 12.58747 12.80523 21.37843 21.97763 21.97763 21.75436 21.10263 22.02355 29.26924 33.05215 38.03243 36.31533 40.45943 49.05442 63.4442 114.1354 153.2901 309.7525 581.7028 231.7262 111.2024 99.32748 109.8497 124.1683 85.15366 124.9194 146.7886 95.38794 45.27886 32.98094 26.20043 54.78032 66.70468 44.50747 234.3279 107.6751 66.8838 48.59158 27.03345 13.77777 36.9095 48.04884 68.22326 120.7522 82.2513 81.45181 76.5503
45.91277 35.94513 12.63986 12.1398 8.777601 17.60539 17.06367 15.82183 16.57861 32.34483 40.5924 30.63673 10.53066 10.73797 10.81484 11.29626 10.97885 16.55465 135.794 63.81748 14.55509 19.03775 26.65988 24.80128 28.23462 47.57133 53.00069 38.05559 33.80125 18.85406 20.35253 20.32531 15.42606 11.95164 9.364355 5.103856 95.23592 329.535 511.8637 548.1674 403.2973 122.0308 122.6085 140.5813 69.67427 66.71069 72.59764 265.4635 292.8965 58.19044 81.341 84.14526 48.73748 36.26839 25.98861 34.05882 93.50975 90.78706 80.87532 53.79272 27.6089 37.95084 44.49726 59.62606 57.29643 147.9729 271.9057 559.4249 154.9655
83.45689 37.85702 37.25155 14.59016 6.594051 9.737552 9.191939 8.017414 15.37768 17.47379 33.78032 33.93805 13.83133 15.6338 17.81794 11.11065 11.32664 28.39788 87.93897 84.54472 23.04136 21.64744 25.16251 28.84648 37.78375 54.26319 56.7623 46.54132 24.77918 15.039 16.62762 22.92539 29.51192 52.76806 54.73162 40.26783 47.07929 44.91377 166.1464 83.56516 28.45775 33.11109 54.31012 95.1965 47.29936 41.13152 42.02553 72.44082 93.88559 94.64196 84.58916 54.30727 22.23491 13.50418 13.41895 69.44004 60.96046 125.9107 73.20133 84.07555 66.69894 16.90203 13.66112 31.62451 42.75721 92.48604 217.354 474.7823 235.1188
91.89765 72.84094 23.55292 4.16298 18.54539 112.8625 31.55603 40.97237 34.78686 23.67963 36.0137 51.64232 37.62653 57.28759 67.55753 151.8573 54.4058 108.347 154.8301 131.9111 85.06294 62.16448 27.70847 27.86532 32.74667 49.54457 53.33419 24.53633 14.54111 14.93118 15.08191 20.70813 14.73197 22.31069 45.7724 53.09422 47.82285 34.61914 23.5015 25.16771 38.31313 38.09668 32.58607 29.47009 19.8263 34.27071 37.59055 80.89767 93.63901 95.33019 30.1962 22.63794 15.32378 13.35688 161.5143 88.29745 110.2939 210.9062 132.1223 99.65824 116.5663 74.53498 33.48971 32.74804 44.45108 41.62223 53.6489 92.09202 107.8522
28.77194 23.15032 23.15054 25.09542 127.5357 612.7095 549.0722 189.9498 96.46883 76.51637 58.20807 39.14795 35.27258 41.09015 55.33623 47.37579 30.63389 73.0674 95.14548 112.1707 146.2756 128.4019 59.0834 38.57485 27.56135 19.56697 16.67374 10.3556 10.35353 14.76991 12.57519 11.62326 15.21133 17.71148 16.58188 25.41255 26.15999 25.79098 31.31854 33.27886 18.55601 16.51799 19.2827 18.52164 17.9271 14.01027 15.85853 32.68115 58.31266 80.98925 45.49064 15.89245 14.63559 23.06039 247.2779 215.573 189.9324 1198.171 655.7812 90.28329 48.43535 75.21245 30.69997 28.30972 25.00794 25.09146 53.20119 93.8921 92.29517
39.57987 47.59703 88.69026 418.9377 364.1916 602.3213 684.7524 470.6083 331.4121 80.97234 37.92763 20.26673 25.96392 14.54945 13.70067 19.65 45.33246 38.20255 28.57892 28.57892 28.57892 40.66425 40.00573 38.37371 38.03434 38.02788 16.84915 14.43088 21.12725 102.9903 154.642 60.15454 18.99068 78.42046 35.08057 30.19471 52.03833 44.4824 32.67236 38.02675 107.4022 308.142 40.11126 16.34046 16.3984 17.36594 20.02801 101.7312 27.22215 64.99171 101.6703 32.01008 22.79433 22.66529 91.78236 432.0164 3007.183 1957.996 613.6835 133.6475 79.56994 105.873 36.29388 23.28921 25.90842 51.0103 158.3663 126.8624 102.7407
