GISdata/Popn density Austria 2015.asc
ncols         216
nrows         96
xllcorner     9
yllcorner     46
cellsize      0.0416666666667
NODATA_value  -9999
[rows 62 to 92 of 96, columns 70 to 139 of 216]
104.527 104.527 104.527 95.47266 53.93789 53.91322 53.91322 53.91322 53.91322 53.91322 53.91322 53.91322 53.91322 52.79731 45.61738 44.23204 36.93525 34.25886 34.25886 34.25886 34.25886 34.25886 34.25886 34.25886 34.25886 34.25886 34.25886 43.84883 46.33547 46.33547 46.33547 46.33547 46.33547 46.33547 46.33547 46.33547 46.33547 46.33547 46.33547 41.15 23.88572 23.88572 23.88572 23.88572 23.88572 23.88572 23.88572 23.88572 23.88572 23.88572 23.88572 23.88572 23.88572 23.88572 23.88572 24.04933 26.33213 32.68897 37.69133 38.93081 38.93081 38.93081 38.93081 38.93081 44.56409 51.51287 51.57207 51.57207 51.57207 51.57207
95.97287 104.527 104.527 93.17265 54.3803 53.91322 53.91322 53.91322 53.91322 53.91322 53.91322 53.91322 53.91322 47.80897 34.25886 34.25886 34.25886 34.25886 34.25886 34.25886 34.25886 34.25886 34.25886 34.25886 34.25886 34.25886 34.74743 43.91193 46.33547 46.33547 46.33547 46.33547 46.33547 46.33547 46.33547 46.33547 46.33547 46.33547 46.33547 46.31355 28.09169 23.88572 23.88572 23.88572 23.88572 23.88572 23.88572 23.88572 23.88572 23.88572 23.88572 23.88572 23.88572 23.88572 23.88572 31.66671 38.93081 38.93081 38.93081 38.93081 38.93081 38.93081 39.12027 45.75539 48.26115 48.39049 49.42226 50.76435 49.54713 49.66894
45.00562 47.76175 62.86983 56.90325 51.03617 52.37799 49.62548 46.79887 45.19239 36.66797 41.48843 43.18532 37.74867 36.32048 34.25886 34.25886 34.25886 34.25886 34.25886 34.25886 34.25886 34.25886 34.25886 34.25886 34.25886 34.25886 36.62203 45.20971 46.33547 46.33547 46.33547 46.33547 46.33547 46.33547 46.33547 46.33547 46.33547 46.33547 46.33547 46.33547 32.27451 23.88572 23.88572 23.88572 23.88572 23.77593 23.88572 23.88572 23.88572 23.88572 23.88572 23.88572 23.88572 23.51764 22.59724 22.29572 31.24097 38.89339 38.93081 38.93081 38.93081 38.93081 38.93081 46.86348 48.30404 48.30404 48.30404 48.30404 48.30404 48.30404
42.84875 42.84875 47.35351 46.5877 36.33985 34.50126 34.25886 34.25886 34.25886 34.25886 34.25886 34.25886 34.25886 34.25886 34.25886 34.25886 34.25886 34.25886 34.25886 34.25886 34.25886 34.25886 34.25886 34.25886 34.25886 34.25886 34.25886 42.69547 46.33547 46.33547 46.33547 46.33547 46.33547 46.33547 46.33547 46.33547 46.33547 46.33547 46.33547 44.49915 26.9521 21.81958 22.43608 21.76381 21.97253 20.99057 23.27704 23.35278 23.62663 22.42114 22.14144 21.62279 22.32377 20.67019 20.5554 20.5554 20.5554 24.7879 29.9054 38.43367 38.93081 38.93081 38.93081 42.02578 45.49636 47.04181 48.29951 48.30404 48.30404 48.30404
42.84875 42.84875 42.84875 42.84875 37.47055 34.25886 34.25886 34.25886 34.25886 34.25886 34.25886 34.25886 34.25886 34.25886 34.25886 34.25886 34.25886 34.25886 34.25886 34.25886 34.25886 34.25886 34.25886 34.25886 34.25886 34.25886 34.28188 44.51654 46.33547 46.33547 46.33547 46.33547 46.33547 46.33547 45.19306 44.97328 39.9417 35.76865 30.48101 22.83886 20.39609 20.39609 20.39609 20.39609 20.39609 20.39609 20.44108 20.55516 20.5709 20.5554 20.5554 20.5554 20.5554 20.5554 20.5554 20.5554 20.5554 20.5554 20.5554 35.09079 38.93081 38.93081 38.93081 38.93081 38.93081 38.95747 40.11267 43.25426 48.30404 48.30404
42.84875 42.84875 42.84875 42.83163 34.9226 34.25886 34.25886 34.25886 34.25886 34.25886 34.25886 34.25886 34.25886 34.25886 34.25886 34.25886 34.25886 34.25886 34.25886 34.25886 34.25886 34.25886 34.25886 34.25886 34.25886 34.25886 35.21473 45.86115 46.33547 46.33547 46.33547 46.33547 46.33547 46.25377 25.49984 20.70002 20.39609 20.39609 20.39609 20.39609 20.39609 20.39609 20.39609 20.39609 20.39609 20.39609 20.39609 20.45131 20.54623 20.5554 20.5554 20.5554 20.5554 20.5554 20.5554 20.5554 20.5554 20.5554 20.5554 29.78803 38.02399 38.5944 38.93081 38.93081 38.93081 38.93081 38.93081 39.31081 43.39015 48.06898
42.84875 42.84875 42.84875 42.84875 37.99174 34.25886 34.25886 34.25886 34.25886 34.25886 34.25886 29.78088 29.96747 28.88248 30.13408 32.90294 33.99471 34.25886 34.25886 33.91242 34.25886 34.25886 34.25886 34.25886 34.25886 34.25886 38.76204 46.33547 46.33547 46.33547 46.33547 46.33547 46.33547 43.34456 21.00417 20.39609 20.39609 20.39609 20.39609 20.39609 20.39609 20.39609 20.39609 20.39609 20.39609 20.39609 20.39609 20.39635 20.42176 20.48238 20.5554 20.5554 20.5554 20.5554 20.5554 20.5554 20.5554 20.5554 20.5554 20.5554 21.14553 21.13942 31.21681 38.93011 38.93081 38.93081 38.93081 38.93081 38.93081 43.52118
42.84875 42.84875 42.84875 42.84875 42.67034 34.76377 34.25886 34.25886 34.25886 25.74237 25.74237 25.74237 25.74237 25.74237 25.74237 25.74237 26.08422 29.72146 28.44745 29.47753 32.1834 32.53313 34.14079 34.21694 34.25886 34.25886 37.73606 46.33547 46.33547 46.33547 46.33547 46.26143 42.43232 43.49738 27.94548 20.65149 20.39609 20.39609 20.39609 20.39609 20.39609 20.39609 20.39609 20.39609 20.39609 20.39609 20.39609 20.50118 20.55518 20.55502 20.5554 20.5554 20.5554 20.5554 20.5554 20.5554 20.5554 20.5554 20.5554 20.5554 20.5554 20.5554 20.57845 36.76325 38.93081 38.93081 38.93081 38.93081 38.93081 38.93081
42.84875 42.84875 42.84875 42.84875 42.84875 38.49896 -9999 25.86347 25.74237 25.74237 25.74237 25.74237 25.74237 25.74237 25.74237 25.74237 25.74237 25.74237 26.11585 27.99229 28.0134 28.09163 28.1949 28.30774 30.3526 34.25776 42.00823 46.33547 46.33547 46.33547 45.73867 42.45311 28.09163 28.09163 28.09163 26.50791 27.32945 26.70534 25.17418 23.0948 23.04001 21.41428 20.39609 20.39609 20.39609 20.39609 20.39609 20.47414 20.5554 20.5554 20.5554 20.5554 20.67035 26.71189 30.45328 23.00584 20.5554 20.5554 20.5554 20.5554 20.5554 20.5554 20.5554 28.85892 38.93081 38.93081 38.93081 38.93081 38.93081 39.68904
42.84875 42.84875 -9999 -9999 25.74237 25.74237 25.74237 25.74237 25.74237 25.74237 25.74237 25.74237 25.74237 25.74237 25.74237 25.74237 25.74237 25.74237 25.74237 26.08796 27.86924 28.09163 28.09163 28.09163 28.09163 28.57173 31.43997 37.88622 34.98762 31.11944 28.14299 28.09163 28.09163 28.09163 28.09163 28.09163 28.09163 28.09163 28.09163 28.09163 28.09163 27.89465 24.94843 20.39609 20.39609 20.39609 20.42344 20.55084 20.5554 20.5554 21.95678 24.7361 34.67242 36.68314 36.68314 33.98629 31.42351 31.63924 29.96447 21.33701 20.58676 27.34649 25.67949 25.72293 38.73557 44.74411 45.89412 48.25469 52.90286 54.18506
-9999 -9999 -9999 -9999 -9999 25.74237 25.74237 25.74237 25.74237 25.74237 25.74237 25.74237 25.74237 25.74237 25.74237 25.74237 25.74237 25.74237 25.74237 26.48302 28.09163 28.09163 28.09163 28.09163 28.09163 28.09163 28.09163 28.09163 28.09163 28.09163 28.09163 28.09163 28.09163 28.09163 28.09163 28.09163 28.09163 28.09163 28.09163 28.09163 28.09163 28.09163 28.02363 26.64471 23.11217 20.40098 20.51828 20.5554 20.5554 23.62598 34.03519 36.68314 36.68314 36.68314 36.68314 36.68314 36.68314 36.68314 36.68314 31.4918 35.00528 36.67449 36.68314 36.68314 37.35203 47.81961 54.01632 54.74065 54.74065 54.74065
-9999 -9999 -9999 -9999 -9999 25.74237 25.74237 25.74237 25.74237 25.74237 25.74237 25.74237 25.74237 25.74237 25.74237 25.74237 25.74237 25.74237 25.74237 25.74545 26.48182 27.83381 28.09163 28.09163 28.09163 28.09163 28.09163 28.09163 28.09163 28.09163 28.09163 28.09163 28.09163 28.09163 28.09163 28.09163 28.09163 28.09163 28.09163 28.09163 28.09163 28.09163 28.09163 28.09163 26.89656 22.25061 21.13384 29.70401 39.12797 36.93507 36.68314 36.68314 36.68314 36.68314 36.68314 36.68314 36.68314 36.68314 36.68314 36.68314 36.68314 36.68314 36.68314 36.68314 36.68314 36.68314 50.20537 54.74065 54.74065 54.74065
-9999 -9999 -9999 -9999 -9999 25.74237 25.74237 25.74237 25.74237 25.74237 25.74237 25.74237 25.74237 25.74237 25.74237 25.74237 25.74237 25.74237 25.74237 25.74237 25.74237 25.76786 27.82989 28.09163 28.09163 28.09163 28.09163 28.09163 28.09163 28.09163 28.09163 28.09163 28.09163 28.09163 28.09163 28.09163 28.09163 28.09163 28.09163 28.09163 28.09163 28.09163 28.09163 28.09163 28.35914 52.42003 53.2314 54.92432 54.92432 52.95468 36.69817 36.68314 36.68314 36.68314 36.68314 36.68314 36.68314 36.68314 36.68314 36.68314 36.68314 36.68314 36.68314 36.68314 36.68314 41.33784 54.28679 54.74065 54.74065 54.74065
-9999 -9999 -9999 -9999 -9999 -9999 -9999 25.74237 25.74237 25.74237 25.74237 25.74237 25.74237 25.74237 25.74237 25.74237 25.74237 25.74237 25.74237 25.74237 25.74237 25.74237 26.67085 27.8914 28.09163 28.09163 28.09163 28.09163 28.09163 28.09163 28.09163 28.09163 28.09163 28.09163 28.09163 28.09163 28.09163 28.09163 28.09163 28.09163 28.09163 28.09163 28.09163 28.09163 28.09163 35.06962 53.3713 54.92432 54.92432 54.86081 45.92389 42.95175 39.33952 37.37399 36.68314 36.68314 36.68314 36.68314 36.68314 36.68314 36.68314 36.68314 36.68314 36.68314 36.68314 45.28788 54.74065 54.74065 54.74065 54.74065
-9999 -9999 -9999 -9999 -9999 -9999 -9999 -9999 25.74237 25.74237 25.74237 25.74237 25.74237 25.74237 25.74237 25.74237 25.74237 25.74237 25.74237 25.74237 25.74237 25.74237 25.74237 26.05939 27.10703 28.02402 28.09163 28.09163 28.09163 28.09163 28.09163 28.09163 28.09163 28.09163 28.09163 28.09163 28.09163 28.09163 28.09163 28.09163 28.09163 28.09163 28.69886 28.09163 28.35923 28.09163 49.11328 54.92432 54.92432 54.92432 54.92432 54.92432 53.60043 43.05243 36.73448 36.68314 36.68314 36.68314 36.68314 36.68314 36.68314 36.68314 36.68314 36.68314 36.68314 41.0081 51.11892 54.72787 54.74065 54.74065
-9999 -9999 -9999 -9999 -9999 -9999 -9999 -9999 25.74237 25.74237 25.74237 25.74237 25.74237 25.74237 25.74237 25.74237 25.74237 25.74237 25.74237 25.74237 25.63624 25.47311 26.11746 26.90721 26.88738 28.02321 28.09163 28.09163 28.09163 28.09163 28.09163 28.09163 28.09163 28.09163 28.09163 28.09163 35.05592 32.80364 29.56799 29.90777 36.19138 46.84528 61.80044 60.00787 61.06696 58.9636 59.83062 57.68261 55.95092 54.92432 54.92432 54.92432 54.92432 54.0816 47.40438 36.74884 36.68314 36.68314 36.68314 36.68314 36.68314 36.68314 36.68314 36.68314 37.67132 43.31411 45.06977 49.11374 54.40715 54.74065
-9999 -9999 -9999 -9999 -9999 -9999 -9999 -9999 -9999 -9999 25.74237 25.74237 25.74237 25.74237 25.74237 25.74237 25.74237 25.74237 25.74237 23.07379 22.18498 22.17283 23.39722 26.0302 25.86056 26.57248 28.05108 28.09163 28.09163 28.09163 28.09163 27.64961 28.06177 28.09163 28.09163 28.09163 49.73537 62.90741 61.7852 62.51819 62.4074 62.9075 62.9075 62.9075 62.9075 62.9075 62.9075 62.9075 62.04138 54.95874 54.92432 54.92432 54.92432 54.92432 54.00762 49.17493 37.87873 36.97467 41.62233 49.81649 52.29344 36.98332 38.88355 40.95564 43.9856 45.06977 45.06977 45.06977 52.27724 54.74065
-9999 -9999 -9999 -9999 -9999 -9999 -9999 -9999 -9999 -9999 -9999 25.74237 25.74237 25.74237 25.74237 25.74237 25.74237 25.74237 24.32843 22.25157 22.15465 22.15465 22.15465 22.15465 22.15465 22.15465 22.47113 23.19505 24.84858 25.38309 24.24775 22.42341 23.29897 24.48898 26.75796 29.27462 53.34253 62.60891 62.9075 62.9075 62.9075 62.9075 62.9075 62.9075 62.9075 64.18264 62.9075 62.9075 59.20993 54.92756 54.92432 55.99604 59.08679 61.65244 69.26863 410.5466 611.0501 178.1097 144.7167 75.43983 75.17356 61.37994 48.70532 45.06977 45.06977 45.06977 45.06977 45.06977 45.5069 51.62156
-9999 -9999 -9999 -9999 -9999 -9999 -9999 -9999 -9999 -9999 -9999 -9999 -9999 -9999 25.74237 25.74237 25.74237 25.74237 23.88959 22.15465 22.15465 22.15465 22.15465 22.15465 22.15465 22.15465 22.15465 22.15465 22.15465 22.15465 22.15465 22.15465 22.15465 22.15465 22.15465 22.79011 29.15813 25.76581 34.02769 47.10469 62.9075 62.9075 62.9075 62.9075 127.9296 371.0276 299.7528 305.989 183.567 60.90055 62.48616 70.97751 75.43984 75.43984 75.43984 383.5891 708.1001 703.2811 631.4572 312.9738 75.43984 75.43984 61.86166 45.09518 45.06977 45.06977 45.06977 45.06977 45.06977 45.06977
-9999 -9999 -9999 -9999 -9999 -9999 -9999 -9999 -9999 -9999 -9999 -9999 -9999 -9999 -9999 -9999 -9999 -9999 -9999 -9999 -9999 -9999 22.15465 22.15465 22.15465 22.15465 22.15465 22.15465 22.15465 22.15465 22.15465 22.15465 22.15465 22.15465 22.15465 22.15465 22.15465 22.15465 22.15465 49.57243 62.9075 62.9075 83.4232 293.9803 427.2057 427.2062 423.797 422.8056 276.9198 80.81214 62.9075 67.83979 75.43984 75.43984 75.43984 207.916 707.5825 643.1252 299.3922 105.8299 75.43984 75.37237 57.77442 45.06977 45.06977 45.06977 45.06977 45.06977 45.06977 45.06977
-9999 -9999 -9999 -9999 -9999 -9999 -9999 -9999 -9999 -9999 -9999 -9999 -9999 -9999 -9999 -9999 -9999 -9999 -9999 -9999 -9999 -9999 -9999 -9999 -9999 -9999 -9999 -9999 -9999 -9999 22.15465 22.15465 22.15465 22.15465 22.15465 22.15465 22.15465 22.15465 44.81339 61.6243 62.9075 62.9075 62.9075 87.37318 253.9316 188.9885 97.28511 83.29533 90.35771 63.04128 62.9075 64.49989 74.56408 75.43984 75.43984 87.15804 140.5726 146.6776 75.43984 75.43984 75.29027 58.01453 45.06977 45.06977 45.06977 45.06977 45.06977 45.06977 45.06977 45.06977
-9999 -9999 -9999 -9999 -9999 -9999 -9999 -9999 -9999 -9999 -9999 -9999 -9999 -9999 -9999 -9999 -9999 -9999 -9999 -9999 -9999 -9999 -9999 -9999 -9999 -9999 -9999 -9999 -9999 -9999 -9999 -9999 -9999 -9999 -9999 -9999 -9999 -9999 -9999 62.9075 62.90751 62.9075 62.9075 62.9075 62.9075 62.9075 62.9075 62.9075 62.9075 62.9075 62.9075 62.9075 65.31368 75.43983 75.43983 75.43983 75.43983 75.43983 75.43983 75.43983 74.09518 51.93266 45.06977 45.06977 45.06977 45.06977 45.06977 45.06977 45.06977 45.06977
-9999 -9999 -9999 -9999 -9999 -9999 -9999 -9999 -9999 -9999 -9999 -9999 -9999 -9999 -9999 -9999 -9999 -9999 -9999 -9999 -9999 -9999 -9999 -9999 -9999 -9999 -9999 -9999 -9999 -9999 -9999 -9999 -9999 -9999 -9999 -9999 -9999 -9999 -9999 -9999 -9999 -9999 -9999 -9999 -9999 -9999 -9999 -9999 -9999 62.9075 62.9075 62.9075 66.81022 75.43984 75.43984 75.43984 75.43984 75.43984 75.43984 75.43984 75.43984 50.75011 45.06977 45.06977 45.06977 45.06977 45.06977 45.06977 45.06977 -9999
-9999 -9999 -9999 -9999 -9999 -9999 -9999 -9999 -9999 -9999 -9999 -9999 -9999 -9999 -9999 -9999 -9999 -9999 -9999 -9999 -9999 -9999 -9999 -9999 -9999 -9999 -9999 -9999 -9999 -9999 -9999 -9999 -9999 -9999 -9999 -9999 -9999 -9999 -9999 -9999 -9999 -9999 -9999 -9999 -9999 -9999 -9999 -9999 -9999 -9999 -9999 -9999 -9999 75.43983 75.43983 75.43984 75.43984 75.43984 75.43984 75.43983 55.48165 45.06983 45.06977 45.06977 45.06977 45.06977 45.06977 -9999 -9999 -9999
-9999 -9999 -9999 -9999 -9999 -9999 -9999 -9999 -9999 -9999 -9999 -9999 -9999 -9999 -9999 -9999 -9999 -9999 -9999 -9999 -9999 -9999 -9999 -9999 -9999 -9999 -9999 -9999 -9999 -9999 -9999 -9999 -9999 -9999 -9999 -9999 -9999 -9999 -9999 -9999 -9999 -9999 -9999 -9999 -9999 -9999 -9999 -9999 -9999 -9999 -9999 -9999 -9999 -9999 -9999 -9999 -9999 -9999 -9999 -9999 -9999 45.06977 45.06977 45.06977 45.06977 -9999 -9999 -9999 -9999 -9999
-9999 -9999 -9999 -9999 -9999 -9999 -9999 -9999 -9999 -9999 -9999 -9999 -9999 -9999 -9999 -9999 -9999 -9999 -9999 -9999 -9999 -9999 -9999 -9999 -9999 -9999 -9999 -9999 -9999 -9999 -9999 -9999 -9999 -9999 -9999 -9999 -9999 -9999 -9999 -9999 -9999 -9999 -9999 -9999 -9999 -9999 -9999 -9999 -9999 -9999 -9999 -9999 -9999 -9999 -9999 -9999 -9999 -9999 -9999 -9999 -9999 -9999 -9999 45.06977 -9999 -9999 -9999 -9999 -9999 -9999
-9999 -9999 -9999 -9999 -9999 -9999 -9999 -9999 -9999 -9999 -9999 -9999 -9999 -9999 -9999 -9999 -9999 -9999 -9999 -9999 -9999 -9999 -9999 -9999 -9999 -9999 -9999 -9999 -9999 -9999 -9999 -9999 -9999 -9999 -9999 -9999 -9999 -9999 -9999 -9999 -9999 -9999 -9999 -9999 -9999 -9999 -9999 -9999 -9999 -9999 -9999 -9999 -9999 -9999 -9999 -9999 -9999 -9999 -9999 -9999 -9999 -9999 -9999 -9999 -9999 -9999 -9999 -9999 -9999 -9999
-9999 -9999 -9999 -9999 -9999 -9999 -9999 -9999 -9999 -9999 -9999 -9999 -9999 -9999 -9999 -9999 -9999 -9999 -9999 -9999 -9999 -9999 -9999 -9999 -9999 -9999 -9999 -9999 -9999 -9999 -9999 -9999 -9999 -9999 -9999 -9999 -9999 -9999 -9999 -9999 -9999 -9999 -9999 -9999 -9999 -9999 -9999 -9999 -9999 -9999 -9999 -9999 -9999 -9999 -9999 -9999 -9999 -9999 -9999 -9999 -9999 -9999 -9999 -9999 -9999 -9999 -9999 -9999 -9999 -9999
-9999 -9999 -9999 -9999 -9999 -9999 -9999 -9999 -9999 -9999 -9999 -9999 -9999 -9999 -9999 -9999 -9999 -9999 -9999 -9999 -9999 -9999 -9999 -9999 -9999 -9999 -9999 -9999 -9999 -9999 -9999 -9999 -9999 -9999 -9999 -9999 -9999 -9999 -9999 -9999 -9999 -9999 -9999 -9999 -9999 -9999 -9999 -9999 -9999 -9999 -9999 -9999 -9999 -9999 -9999 -9999 -9999 -9999 -9999 -9999 -9999 -9999 -9999 -9999 -9999 -9999 -9999 -9999 -9999 -9999
-9999 -9999 -9999 -9999 -9999 -9999 -9999 -9999 -9999 -9999 -9999 -9999 -9999 -9999 -9999 -9999 -9999 -9999 -9999 -9999 -9999 -9999 -9999 -9999 -9999 -9999 -9999 -9999 -9999 -9999 -9999 -9999 -9999 -9999 -9999 -9999 -9999 -9999 -9999 -9999 -9999 -9999 -9999 -9999 -9999 -9999 -9999 -9999 -9999 -9999 -9999 -9999 -9999 -9999 -9999 -9999 -9999 -9999 -9999 -9999 -9999 -9999 -9999 -9999 -9999 -9999 -9999 -9999 -9999 -9999
-9999 -9999 -9999 -9999 -9999 -9999 -9999 -9999 -9999 -9999 -9999 -9999 -9999 -9999 -9999 -9999 -9999 -9999 -9999 -9999 -9999 -9999 -9999 -9999 -9999 -9999 -9999 -9999 -9999 -9999 -9999 -9999 -9999 -9999 -9999 -9999 -9999 -9999 -9999 -9999 -9999 -9999 -9999 -9999 -9999 -9999 -9999 -9999 -9999 -9999 -9999 -9999 -9999 -9999 -9999 -9999 -9999 -9999 -9999 -9999 -9999 -9999 -9999 -9999 -9999 -9999 -9999 -9999 -9999 -9999
