GISdata/Popn density Poland 2015.asc
ncols         288
nrows         192
xllcorner     13
yllcorner     48
cellsize      0.0416666666667
NODATA_value  -9999
[rows 58 to 86 of 192, columns 66 to 131 of 288]
50.05826 50.05826 49.26931 45.98007 66.66093 46.07839 70.33337 59.9333 40.35616 34.34599 34.34599 34.34599 34.34599 32.97904 28.86259 27.6269 23.59623 23.59428 23.59428 23.59428 23.59428 23.59428 22.86366 24.52203 28.80291 28.80291 28.80291 28.80291 31.66689 35.71029 42.02286 44.29884 44.23 44.29884 44.29884 44.29884 44.29884 43.44069 39.94506 37.84465 43.72499 44.40479 44.22635 43.25826 43.69419 41.16594 39.84613 40.18343 54.39437 78.82285 68.70023 53.93143 25.04512 25.04512 25.04512 25.04512 25.04512 25.04512 27.11297 39.80206 48.49084 45.21476 35.48359 34.53759 42.8833 53.56688
50.05826 50.05826 50.05826 50.05826 70.7684 80.38843 80.0761 78.65848 77.40237 42.47842 34.34599 34.34599 34.34599 34.34599 34.34599 33.90091 28.57881 23.59428 23.59428 23.59428 23.59428 23.59428 24.92269 27.95318 28.80291 28.80291 28.80291 28.80291 28.83958 29.38965 38.06202 36.22311 31.73266 34.30891 33.81907 33.88498 33.49883 39.08369 44.17849 48.93606 46.63927 44.40479 44.40479 44.40479 50.95348 54.61672 42.78685 41.38269 40.90597 41.27361 41.27361 30.31456 31.92409 32.75996 33.81712 25.80905 27.36023 40.29556 47.22835 50.23229 47.6911 47.17679 46.82125 45.09901 52.62936 53.56688
50.05826 50.78439 58.69835 58.21415 69.81292 73.1702 21.0116 33.72034 49.80774 27.16129 22.30306 24.44969 27.73005 28.55054 34.25925 34.34599 33.86118 28.42465 28.07094 28.82277 29.9965 29.55349 28.79631 28.80291 28.80291 29.22578 29.17122 28.9638 31.18157 31.70042 31.80189 30.61869 30.40961 30.75924 31.12098 31.12098 31.12098 31.12098 33.75047 61.89153 66.12864 58.24334 61.00737 65.64479 71.58986 72.01917 71.93222 51.89055 41.27361 41.27361 41.27361 37.22361 35.36171 35.36171 35.36171 35.56755 39.88587 50.65987 49.77275 49.2427 47.86761 47.13933 47.17679 66.25806 66.96944 83.2955
50.05826 50.05826 50.05826 55.38955 60.83901 69.70555 38.19591 19.19987 19.19987 19.19987 19.19987 19.19987 19.19987 19.19987 25.94386 29.75616 25.3786 33.82396 34.07693 34.07693 34.07693 33.929 33.15979 31.45555 31.70145 33.54214 33.2342 31.60972 31.86419 31.86419 31.56735 30.03818 29.45245 29.63916 29.66511 30.28246 30.79023 38.41907 66.96378 72.01917 71.90701 72.01917 72.01917 71.65636 68.73808 50.19372 50.38577 41.88538 42.42112 46.42088 42.63647 46.73876 39.40123 35.36171 35.36171 41.3605 55.43868 54.70087 48.16383 46.82191 46.82191 54.40601 128.5958 172.7594 196.7999 196.7999
24.25228 26.34861 36.19673 33.64309 23.56974 18.89953 29.00928 21.09612 20.53621 20.28614 23.74829 22.72921 21.39722 22.09655 22.71898 22.73482 22.73482 28.56029 33.56724 34.07693 34.07693 34.07693 34.07693 34.07693 34.02083 32.72044 29.23545 27.8394 31.11068 31.86419 37.16595 43.64771 30.94294 29.42359 29.42359 29.59599 37.21573 52.6732 58.8715 60.109 55.59969 56.23641 68.11353 45.89108 31.08441 30.9429 30.9429 38.92055 53.48542 57.85026 57.81855 57.85026 55.50191 43.26105 44.47314 53.40512 57.95365 56.21101 49.84703 47.16837 47.54914 115.8794 196.7999 196.7999 188.1794 84.64643
15.6918 15.6918 15.6918 15.6918 15.6918 23.38 35.46432 34.6311 35.46432 35.46432 35.46432 34.29552 26.70072 23.88176 22.73482 22.73482 22.73482 22.73482 23.40609 27.76257 30.74493 33.61465 34.07693 34.07693 32.29092 23.25106 23.25106 23.25311 28.57032 31.48582 757.9202 723.8008 31.59168 30.14604 29.45729 29.61252 47.77677 53.75914 53.30764 53.20723 53.20723 53.20723 53.20723 53.2351 42.82173 30.9429 37.37493 57.03017 57.85026 57.85026 57.85026 57.85026 57.85026 57.85026 57.91235 67.66128 71.99062 70.82648 72.1183 69.27667 71.60033 187.019 175.4119 519.5456 1191.74 159.6002
16.03026 15.6918 15.6918 15.6918 15.6918 17.33371 24.9306 29.32975 35.40474 34.99698 34.15266 34.48035 34.54678 31.56792 23.8683 31.69239 212.8762 91.63195 22.89951 22.73482 22.73482 24.8019 29.28619 33.53753 25.83775 23.25106 23.25106 23.47983 34.02944 37.41545 36.53427 32.63217 31.86419 31.70657 32.80117 40.99475 53.2307 54.53709 54.27898 53.39548 53.20723 53.20723 53.20723 53.05529 32.57345 30.9429 31.08713 48.04038 57.85026 57.85026 57.85026 57.85026 57.85026 57.85026 57.85026 66.25407 71.39922 71.72067 72.07819 72.1183 72.1183 146.5857 51.26749 48.9053 62.60307 54.63319
16.60785 15.78638 15.6918 15.6918 15.6918 15.6918 16.49874 18.59377 19.41307 22.81582 19.28756 19.15214 20.65208 22.73482 22.73482 165.4805 568.976 563.9352 245.381 22.73482 22.73482 23.11401 23.69632 24.44031 23.71617 23.29263 31.52899 38.12507 38.8666 38.8666 38.8666 38.59561 32.56168 36.00248 48.0785 54.53709 54.53709 54.53709 54.53709 54.43498 58.61139 62.50651 61.75422 63.79669 53.39813 58.02695 59.19838 64.01803 61.76202 59.18754 57.85026 57.85026 58.05038 57.85026 72.15623 71.47118 71.30917 71.3781 71.53866 71.71494 72.65221 82.7789 65.39167 65.87157 64.47366 60.86875
16.77066 16.45817 15.99614 16.00412 15.91968 15.97709 18.01261 19.00827 19.00827 19.00827 19.00827 19.00827 21.92189 22.73482 23.69915 69.46251 136.6916 22.73482 22.80197 23.18124 22.97311 23.65042 23.72294 23.72294 23.9496 32.999 38.84681 38.8666 40.71257 46.29162 48.98974 48.00739 50.14057 52.6756 61.95006 65.23036 65.63121 56.67706 51.9874 51.04531 55.97678 60.80101 64.81948 64.94868 64.94868 64.94868 70.51019 65.39094 65.04204 64.12759 62.64007 59.21803 69.08136 90.98358 89.4673 88.10297 76.98484 71.58962 70.67177 65.32906 61.76192 74.92221 95.93613 91.18687 82.06187 64.20948
16.77066 16.77066 16.77066 16.68801 16.76834 16.74744 18.26286 19.00827 19.00827 19.00827 19.00827 19.00827 20.2713 22.73482 22.73482 22.73482 22.73482 22.75782 23.30463 23.72294 23.7167 23.72294 134.4885 430.6069 526.1547 379.2693 156.2463 42.64554 50.19102 53.80069 56.77512 56.77512 56.77512 56.77512 80.82698 91.46275 91.46275 91.46275 54.17599 46.90816 46.90816 46.94655 79.45851 129.131 147.101 164.8364 172.0796 130.1622 71.65903 65.04204 65.04204 64.88113 674.0363 916.5801 576.5226 324.5943 175.0425 615.7433 983.7747 59.75712 59.75712 59.75712 80.70539 89.51675 85.04527 64.39584
16.77477 17.29712 16.77066 16.77066 16.77066 15.39976 14.85493 15.22895 15.89372 15.96531 16.31355 16.8665 15.72371 17.56901 21.08164 28.23893 24.28573 23.69395 25.55233 23.72294 23.72294 29.3325 576.3576 743.074 743.074 741.8641 194.1796 50.21879 50.01213 49.68736 50.31164 52.43929 60.34248 60.88906 77.78574 90.87499 91.46277 91.46277 75.44102 50.04568 46.90816 46.90816 129.0151 178.1492 178.1492 178.1492 178.1492 170.3314 106.5393 87.80028 90.58435 1118.921 1204.711 2078.519 2080.612 2043.271 2059.542 1711.677 719.1716 60.23267 61.30673 67.40807 73.2513 73.58926 69.87693 69.37545
20.29757 20.77196 19.61119 19.53523 19.17637 17.54282 14.85356 14.85356 14.85356 14.85356 14.85356 14.85356 14.85356 14.85356 36.10118 65.41058 63.8872 56.84648 64.70625 59.57392 51.59073 57.06178 64.55539 539.9491 468.4135 370.9878 50.21879 50.21879 50.12476 46.4214 45.41471 47.546 61.2616 61.76254 61.79049 79.35016 91.18127 91.42941 74.53816 46.70234 46.64172 46.46725 113.4773 165.1262 176.3718 153.3974 114.6392 131.8092 117.3989 107.756 124.2911 126.9587 429.523 1428.613 1632.635 2080.612 2080.612 847.7455 73.74208 74.75007 73.93528 73.67258 73.69216 73.69216 71.50832 69.48943
20.85665 20.23959 19.8309 19.8309 19.8309 17.83305 14.85356 14.85356 14.85356 14.85356 14.85356 15.12758 16.76483 22.24629 53.20603 65.41057 65.41057 65.41057 65.41057 65.41057 65.26042 64.49603 63.53798 143.6579 61.4034 46.69172 43.673 44.15343 42.48991 38.70152 52.59827 56.24334 62.08427 62.12244 62.16035 63.25986 62.5579 47.79596 47.31538 46.03158 46.03158 46.03158 46.03158 58.13868 74.10867 71.01817 71.01817 71.01817 71.01817 71.01817 97.90564 126.6553 126.9587 125.7899 100.317 1339.368 1213.752 528.2497 96.53156 96.53156 95.91274 91.41083 82.59309 75.43544 73.69216 73.04273
20.44422 19.8309 19.8309 19.8309 22.03429 47.98187 43.53265 32.07307 25.63167 21.24769 26.37273 28.842 43.58189 62.6202 65.41058 65.41058 65.41058 65.41058 65.41058 60.75404 38.04048 48.49253 63.53798 61.32372 48.49308 29.93875 26.44637 241.5447 106.151 26.44637 36.28002 61.4577 60.10073 59.66361 56.12984 52.6355 49.80935 44.11599 45.96539 46.03158 46.03158 46.03158 46.03158 46.29412 64.10199 71.01817 71.01817 71.01817 71.01817 71.01817 64.85078 68.02601 68.15862 73.9464 66.60925 65.1602 68.7367 85.26342 92.72318 96.53156 96.53156 96.53156 96.53156 49.26173 42.57047 450.7791
19.87282 19.8309 19.8309 19.8309 22.76062 49.3688 49.93619 49.93619 39.81145 29.61264 29.61264 31.62383 51.1381 65.41057 64.13334 64.56904 64.63956 49.59018 45.60313 36.62042 32.26233 51.02394 62.33351 44.97641 26.48919 26.44637 26.44637 672.0038 649.2259 28.34487 42.3498 55.127 54.93039 54.93039 51.39259 43.49008 43.49008 44.25711 45.07816 44.89364 45.78543 46.03158 46.03158 49.39454 70.72718 71.01817 71.01817 71.01817 71.01817 70.87587 63.32809 60.0877 60.0877 61.23947 64.67429 65.06635 65.16019 65.16019 68.79772 75.82955 65.10655 65.16407 56.86711 24.40154 20.92273 20.92273
19.8309 19.8309 19.8309 19.92907 31.61358 47.27982 49.93619 49.9172 42.99971 30.08658 29.61264 29.61264 44.32781 44.20726 32.76793 34.92435 36.51658 32.73275 32.26233 51.55307 32.26233 32.73959 34.75344 32.26233 32.80135 34.78605 27.69161 26.98457 32.13312 37.23177 49.14429 52.71966 54.73223 53.78028 42.76379 43.2081 43.49008 43.49008 43.49008 46.06955 68.01315 67.38252 49.38664 48.35956 64.38157 72.12923 73.99966 72.87049 73.06732 63.90166 60.0877 60.0877 60.18254 61.96047 64.0023 64.51843 64.72389 64.67124 64.70586 48.32558 37.6931 37.63928 53.6423 73.61582 73.26495 66.60824
36.06095 38.02876 39.21624 42.88447 44.06997 47.48767 49.93619 49.93619 37.86698 29.61264 29.61264 29.61264 29.61264 29.61264 30.63674 31.76163 32.26233 32.26233 201.1629 555.7217 179.6098 32.26233 32.26233 32.26632 36.12321 39.53485 38.98532 39.05053 39.53485 39.53485 39.53485 38.85779 40.95148 40.68393 35.49565 36.03809 39.40817 37.74907 40.27539 48.32854 63.9525 73.78475 75.00105 76.48502 88.1554 97.14883 97.2117 97.21043 91.64397 73.85244 77.95205 93.09061 111.6525 117.3185 107.7392 73.02811 64.49799 64.51865 64.42977 39.65681 37.63928 38.06605 82.77424 86.17227 86.17227 86.17227
46.29696 44.06997 44.06997 43.82632 42.83707 42.06107 42.2807 40.6018 33.97202 29.61264 29.61264 29.61264 29.61264 29.61264 29.61264 35.4798 38.83816 40.40644 41.67363 42.21518 39.38339 34.45334 36.29755 45.88447 48.91402 46.66635 44.50494 40.31443 39.53485 39.53485 39.52391 37.09209 35.23098 35.23098 44.10401 52.85381 35.23098 35.23098 39.62177 55.84187 55.84187 55.84187 68.48133 91.40221 97.21171 97.21171 97.21171 97.21171 97.21171 97.65055 104.4133 110.9237 114.6226 121.6638 121.6638 113.0833 80.81248 64.88754 65.42321 59.61372 51.99092 72.85355 84.59088 86.17227 86.17227 80.46809
44.24725 44.06997 44.06997 42.16816 38.26055 37.48018 37.48018 37.48018 35.73939 30.72738 30.83335 30.4125 29.61264 29.61264 29.61264 38.42899 42.68925 42.68925 42.68925 42.63603 42.27904 42.18854 42.21135 42.92457 47.02987 50.52288 50.69714 53.70006 70.70593 80.8804 40.76025 35.64415 35.23098 89.74398 917.5869 858.3774 35.23098 35.23098 36.89267 53.03162 56.09238 55.84432 65.72797 69.75645 90.92381 91.58456 72.68845 84.89069 84.27356 72.50233 58.43596 52.54806 46.07625 92.14544 121.0027 120.2949 119.8026 113.9515 81.26977 678.2635 1276.505 65.79572 66.78742 51.30838 54.4217 38.89401
44.06997 44.06997 44.06997 44.06997 40.87804 37.61341 37.48018 38.90239 47.70527 59.317 63.05554 62.98021 52.22151 48.35501 37.10635 47.0327 46.96047 42.58268 42.39441 42.34318 42.2253 42.69405 42.63032 43.54096 46.46379 50.41476 50.69714 62.03033 85.72315 85.72315 71.36105 64.3091 61.3982 35.23098 95.27741 36.72429 38.57936 36.26402 41.1265 46.64631 67.66734 68.0994 69.5379 61.69053 56.90577 39.76256 38.94438 39.91305 38.55382 38.04466 38.04466 39.36369 45.08668 45.28614 79.8019 133.6893 138.0231 125.5926 97.11413 1854.857 1972.28 71.75976 64.72705 43.71928 34.89437 34.89437
44.13897 44.35825 44.43346 46.57444 45.53108 43.32531 44.77026 52.28265 63.05803 63.05803 63.05803 63.05803 63.05803 63.05803 63.05803 63.05803 58.36231 40.45089 52.2028 44.74546 91.27303 95.75432 92.16077 69.12153 68.90038 62.33485 58.64631 83.19556 85.72314 85.72314 85.72314 85.72314 79.00092 40.71182 40.88276 43.95918 44.05116 44.05116 44.05116 44.05116 46.20585 60.14824 69.74727 60.24196 39.48186 39.48186 39.48186 38.68325 38.04597 39.22783 49.18407 44.02462 47.73955 53.66401 110.9148 152.5754 152.5754 149.142 105.5921 139.2811 188.8745 68.27517 70.79507 64.70861 45.61745 41.64545
47.72782 56.05645 59.31974 59.47503 53.58208 43.62713 43.62713 43.9268 48.27354 52.8667 56.3804 62.12973 63.05803 63.05803 63.05803 61.88426 55.05544 40.42929 175.7447 60.47675 52.24084 88.20538 96.36581 96.36581 96.36581 96.36581 94.40647 90.47536 86.57883 85.90472 84.60007 71.06483 63.5006 45.15556 45.10318 45.00649 44.75925 44.43093 49.12566 48.98999 51.21875 54.83883 62.77615 47.45534 45.60632 41.34243 39.48186 39.42207 39.40987 72.70582 95.72733 92.98053 97.65553 98.68565 121.8347 134.1411 114.8601 85.35502 63.79847 65.1701 74.36134 75.34148 75.34148 75.34148 75.34148 65.25702
43.54935 58.72888 59.47503 59.47503 59.37795 52.60971 43.65422 43.62713 43.62713 42.9794 39.45206 37.67807 47.59476 54.84318 62.54484 57.60556 55.58088 52.25207 54.03571 121.1826 150.1744 101.4124 96.36581 96.36581 96.36581 96.36581 96.36581 96.22329 95.46751 94.39328 94.8392 72.7438 47.37952 45.19604 45.10746 45.10746 45.4786 47.71816 57.75687 59.26548 59.26548 49.50845 46.40495 46.16534 45.90593 43.30363 40.48998 49.52122 61.04131 88.03129 96.47965 98.35757 98.68565 98.68565 98.68565 98.68565 82.12638 63.79847 63.79847 64.89555 74.771 75.34148 75.34148 75.34148 75.26905 49.70663
29.76923 49.2436 59.40684 59.47503 59.47503 54.25137 45.86034 44.11913 43.98647 43.45958 37.07443 36.15482 53.90706 67.01621 73.15586 73.57778 62.47372 66.47452 145.1661 163.2235 163.2235 141.1417 99.46927 96.36581 96.36581 96.36581 96.36581 99.61623 106.6809 94.83921 94.83921 94.83921 90.59454 46.64903 45.10746 46.07802 47.58815 47.64513 50.9632 57.77569 59.26548 58.88982 54.43029 45.65766 45.49064 45.47973 43.60571 54.36028 80.70105 80.70105 80.70105 86.39182 98.41416 98.68565 98.68565 98.68565 73.20668 63.79847 63.79847 64.67868 70.55447 70.53088 70.08323 75.34148 75.34148 63.72078
26.19733 29.23907 54.26011 59.47503 59.47503 57.26906 47.15171 45.67522 45.67214 45.67143 43.99597 42.15343 61.25064 76.21149 84.69897 137.811 158.7294 152.9057 129.5642 139.0744 149.3316 163.0337 144.6301 127.2446 106.5554 127.6752 132.8999 141.1692 144.637 220.2316 157.3452 94.83922 94.69669 77.5191 64.08566 49.89754 51.16438 49.34722 47.63778 53.91784 55.39244 54.16989 48.44153 435.258 893.6147 382.7358 45.47973 56.02596 80.19881 80.70106 80.70106 80.82674 84.31547 85.7771 83.03501 81.05438 60.03956 62.61122 57.26069 46.5596 39.11863 37.78978 56.98232 74.99682 72.53606 70.245
22.34354 22.34354 41.62612 59.31368 59.47503 59.47503 54.13692 45.9205 46.74893 45.94804 49.77198 64.53336 76.26726 76.26726 75.28071 71.30744 88.37758 59.7462 58.10154 58.10154 58.97509 108.0609 127.433 124.3368 117.5629 128.3766 141.4847 142.1157 248.4969 387.7238 325.6918 234.8288 189.3522 100.6043 93.34351 93.3037 92.36385 90.71994 56.70276 48.0008 48.00444 48.00102 46.4673 840.9569 1704.397 534.2798 46.80366 51.85847 74.96479 78.1417 78.28041 76.98446 58.36199 43.62038 41.69146 41.69146 39.97215 46.18598 43.46917 37.72931 37.72931 43.69399 69.95741 70.99364 69.9702 69.45142
22.34354 22.34354 22.59134 40.05233 43.03739 59.47503 54.15252 48.75885 49.31748 48.49305 51.50723 59.83376 67.09216 69.28274 54.4167 50.53641 50.5367 56.45939 58.05108 58.10154 78.61567 175.7896 156.6227 261.5511 899.1421 900.2306 715.4178 1311.087 2011.527 982.0369 326.4061 375.1494 422.292 162.2764 93.34351 93.34351 93.34351 93.34351 67.52797 48.00444 48.74046 53.59239 57.23521 199.517 625.7513 95.91437 56.30863 60.00053 75.24442 75.64832 75.64832 71.6477 31.99644 32.92468 35.58027 51.89046 70.07351 80.26781 77.51379 64.45773 64.91092 74.43864 74.57024 66.38005 60.47174 53.76653
25.96397 21.68126 21.30283 20.35307 19.95063 26.62875 29.62328 41.01247 46.62532 48.93499 49.31748 49.31748 49.31748 51.1609 50.39241 50.58944 50.53641 50.53701 51.18126 66.04145 151.9637 182.519 182.519 191.6579 252.1742 1800.788 2041.854 2041.854 2041.854 1582.967 1110.888 624.4291 431.0943 352.0931 184.0525 93.26211 93.29752 93.27465 92.68549 66.09904 58.79747 59.75716 59.75716 59.75716 57.0914 56.30863 56.30972 72.96446 75.64832 75.64832 70.95625 46.62587 26.09358 33.66036 45.94876 80.80444 90.56194 86.89218 80.53825 81.15341 80.77141 79.5128 71.70126 51.41492 50.19049 50.19049
42.56382 35.67001 31.13663 24.37668 19.93608 19.93608 19.93608 20.38613 24.30729 36.39068 84.50128 50.54049 51.03071 50.87531 51.30114 52.53597 63.06548 57.54562 86.08171 79.78349 137.6592 146.0519 150.1623 136.821 146.6434 1547.558 2041.854 2041.854 2041.854 2041.854 2034.018 762.546 424.9736 281.2358 147.4504 93.19221 93.19221 93.19221 86.00478 70.76027 66.61821 125.3478 164.6849 143.8178 114.9748 102.2767 84.92701 75.58842 75.62683 75.29993 53.50441 25.09561 36.16876 48.47613 48.47613 53.54998 88.70786 91.06486 89.93165 91.70866 92.92279 92.92279 86.56429 75.28441 61.41607 62.68203
