GISdata/Popn density Greece 2015.asc
ncols         312
nrows         216
xllcorner     18
yllcorner     34
cellsize      0.0416666666667
NODATA_value  -9999
[rows 64 to 95 of 216, columns 72 to 143 of 312]
4.718782 20.51108 11.94889 10.73748 10.73748 11.45118 13.21572 16.8361 18.4834 18.5991 18.66113 21.34351 21.47372 21.47372 39.00904 127.9582 127.9582 127.9582 127.9582 125.2802 111.4164 117.6859 74.37907 22.13594 21.87959 21.96244 24.01262 17.76232 12.88018 20.15309 20.96233 25.28169 28.81237 29.08332 151.1881 249.6266 309.2206 113.6041 99.97984 86.81509 -9999 -9999 -9999 -9999 -9999 -9999 -9999 -9999 74.97733 74.97734 74.97734 64.29211 41.43355 48.99492 104.7569 93.22655 20.7966 20.78892 20.78892 20.78892 32.79461 34.90995 24.69701 23.75575 23.4851 15.79767 -9999 -9999 -9999 30.89945 30.89945 30.89945
4.19622 6.330512 10.65702 10.73748 10.73748 10.73748 10.73748 10.73748 13.55393 18.5991 18.65863 25.5614 36.16873 37.14677 49.37359 126.5069 127.9582 127.9582 127.9582 86.87037 97.95752 60.09095 22.3583 22.3583 23.35129 25.57059 26.05697 26.05697 22.94831 21.15812 22.09685 22.46665 23.59525 71.20356 371.313 560.4751 545.5297 295.4414 234.8517 -9999 -9999 -9999 -9999 -9999 -9999 -9999 -9999 -9999 -9999 -9999 74.97734 66.35783 41.43355 86.25301 107.407 104.7888 50.88286 20.78892 20.78892 28.04214 47.40079 47.80795 46.38616 27.44384 23.48538 23.48538 -9999 -9999 -9999 -9999 -9999 -9999
4.057123 4.618565 8.99654 9.775241 10.48655 10.73748 10.73748 11.55996 12.62069 16.29416 17.04252 21.46336 33.60184 38.71613 38.71613 64.33185 120.5164 117.3836 79.24294 75.11417 60.19697 59.89551 28.43687 22.3583 23.67081 25.834 26.03481 25.8099 23.59842 25.01745 25.39696 25.39696 30.97687 46.16055 55.29233 92.13017 196.6814 426.8722 517.6399 -9999 -9999 -9999 -9999 -9999 -9999 -9999 -9999 -9999 -9999 -9999 -9999 -9999 -9999 107.407 107.407 107.407 107.407 -9999 -9999 -9999 47.80795 47.80795 39.42358 23.48538 23.48538 23.48538 23.48538 23.48538 -9999 -9999 -9999 -9999
4.057123 3.857393 8.453654 8.676775 9.156123 10.72134 10.49948 16.69629 23.09096 20.57891 16.71477 16.5479 18.39627 37.33305 36.44501 24.20136 58.86338 47.60134 22.31133 25.51965 55.72215 54.0032 22.66559 22.3583 22.3583 22.48524 22.1069 18.42809 17.61049 24.53018 24.74931 21.552 37.38673 59.0531 59.0531 58.94577 47.57744 39.06291 522.6469 -9999 -9999 -9999 -9999 -9999 -9999 -9999 -9999 -9999 -9999 -9999 -9999 -9999 -9999 -9999 -9999 107.407 107.407 -9999 -9999 -9999 -9999 -9999 -9999 -9999 23.48538 23.48538 23.48538 23.48538 23.48538 23.48538 -9999 -9999
2.212059 1.052424 2.114455 4.152104 9.540021 10.17787 10.07282 23.72656 33.19929 33.19929 32.21875 30.99418 20.92791 15.11163 11.45522 6.818161 8.407312 22.31133 22.31133 22.31133 29.13246 27.23865 22.3583 22.3583 22.3583 22.32307 15.31367 13.40421 15.46551 25.29655 13.65956 8.136312 32.29293 59.0531 57.7787 42.33984 37.40724 37.40724 -9999 -9999 -9999 -9999 -9999 -9999 -9999 -9999 -9999 -9999 -9999 -9999 -9999 -9999 -9999 -9999 -9999 102.3491 75.45058 42.57048 42.57048 -9999 -9999 -9999 -9999 -9999 -9999 23.48538 23.48538 23.48538 23.48538 20.86896 17.602 17.602
0.6173334 0.6177174 0.6742899 3.573832 6.19151 9.198525 10.07282 18.81663 31.10863 33.19929 33.19929 33.19895 16.30018 7.730754 6.81816 6.81816 7.951363 16.09473 18.65535 16.83047 14.86218 17.15559 22.3583 22.3583 22.19522 17.89494 13.40421 13.40421 13.40783 14.16702 8.136312 8.136312 18.70336 45.03984 40.45097 37.40724 37.40724 37.40724 -9999 -9999 -9999 -9999 -9999 -9999 -9999 -9999 -9999 -9999 -9999 -9999 -9999 -9999 -9999 -9999 -9999 44.09622 42.57048 42.57048 42.57048 -9999 -9999 -9999 -9999 -9999 -9999 -9999 23.48538 23.48538 22.32979 18.05903 17.602 17.602
2.332904 2.98579 2.060048 1.629451 4.627829 7.281316 7.704942 14.13016 20.07667 30.5654 33.19929 33.19929 32.23358 26.01373 6.81816 6.81816 6.81816 6.81816 15.10951 12.9957 12.94504 17.18339 25.55035 22.49684 17.83103 15.94056 14.00091 12.86629 10.98512 8.137936 8.136312 8.136312 18.30272 36.75566 41.37021 44.96122 47.63465 47.04217 50.12138 -9999 -9999 -9999 -9999 -9999 -9999 -9999 -9999 -9999 -9999 -9999 -9999 -9999 -9999 -9999 -9999 42.57048 42.57048 42.57048 42.57048 42.57048 -9999 -9999 -9999 -9999 -9999 23.48538 23.48538 23.48538 23.48358 19.83753 17.602 17.602
4.784813 4.347436 0.5055094 1.033539 5.835954 6.695411 6.695411 6.695411 6.695411 17.27359 33.15093 33.19929 33.19929 19.13161 6.83664 6.81816 6.81816 9.68775 16.88828 14.4946 12.94504 21.68139 28.51368 19.20445 16.04271 15.96416 15.90796 11.88764 8.136312 8.136312 8.136312 7.88766 4.213124 5.868341 14.23009 36.51351 50.12138 50.12138 50.12138 -9999 -9999 -9999 -9999 -9999 -9999 -9999 -9999 -9999 -9999 -9999 -9999 -9999 -9999 -9999 -9999 -9999 42.57048 42.57048 42.57048 42.34167 40.16904 40.16904 -9999 -9999 -9999 -9999 -9999 23.48538 23.28657 19.08194 17.602 17.602
1.580001 0.7635555 0.2125988 0.2182417 1.3203 5.413649 6.695412 6.668944 5.86149 5.256361 25.45032 33.19929 32.39998 14.9823 10.22724 7.753534 9.341187 15.96224 16.52623 13.54316 13.29746 19.942 20.9968 17.8812 16.70366 18.523 16.54452 13.20941 8.147411 8.136312 7.554652 4.570093 3.953327 3.953327 5.949942 19.03713 49.39782 50.12138 47.02902 41.50679 31.98884 -9999 -9999 -9999 -9999 -9999 -9999 -9999 -9999 -9999 -9999 -9999 -9999 -9999 -9999 -9999 42.57048 42.57048 42.57048 42.5561 41.01131 40.16904 40.16904 40.16904 40.16904 -9999 -9999 -9999 17.602 17.602 17.602 17.602
1.7342 1.653327 0.2199036 0.2104713 1.766135 5.307737 5.64847 4.941705 5.193622 12.69521 30.98763 33.19929 33.19929 17.84244 12.06484 12.06413 13.07422 16.75791 17.08439 17.08435 17.04938 17.43095 17.90759 18.25172 24.50011 29.26831 24.95 28.47328 23.70937 27.23977 22.84809 11.0671 6.058821 12.92862 16.24359 18.80635 24.71575 25.29587 22.59966 22.94399 22.20362 20.5754 -9999 -9999 -9999 -9999 -9999 -9999 -9999 -9999 -9999 -9999 -9999 -9999 -9999 -9999 42.57048 -9999 -9999 -9999 40.31709 40.16904 40.16904 40.16904 40.16904 40.16904 40.16904 -9999 -9999 17.602 17.602 17.602
3.590087 2.913873 0.7483829 0.2592636 4.895789 6.046723 4.921023 4.80924 4.80924 24.99867 22.48683 20.63236 21.1804 11.60253 11.66688 12.05136 12.08879 16.4511 17.08439 17.08439 17.08439 17.24123 17.90759 18.87771 28.28592 29.26831 29.26831 29.26831 29.26831 29.26831 29.26831 32.48345 33.34337 38.37213 21.47501 18.54658 20.80145 21.09388 18.08496 17.69852 16.81192 16.81544 -9999 -9999 -9999 -9999 -9999 -9999 -9999 -9999 -9999 -9999 -9999 -9999 -9999 -9999 -9999 -9999 -9999 -9999 -9999 -9999 -9999 40.16904 40.16904 40.16904 40.16904 -9999 -9999 -9999 -9999 -9999
4.246731 6.042012 10.82601 10.56339 8.613579 7.17978 6.237521 4.855816 4.811678 5.5292 8.514235 8.667361 8.667361 8.667361 8.813238 9.052751 10.1271 10.0739 11.19621 10.3842 9.052822 11.31573 12.03143 13.42374 20.52314 26.53299 29.26831 29.26831 29.26831 29.51256 31.92275 33.4561 34.43118 39.02078 26.32902 18.32222 16.18338 6.242356 6.075037 11.53777 17.67797 16.81544 16.81544 16.81544 -9999 -9999 -9999 -9999 -9999 -9999 -9999 -9999 -9999 -9999 -9999 -9999 -9999 -9999 -9999 -9999 -9999 -9999 -9999 -9999 -9999 -9999 -9999 -9999 -9999 -9999 -9999 -9999
4.246731 9.219854 13.46871 14.27511 13.8646 9.169268 5.029809 4.852653 4.851867 5.900018 7.602273 8.729596 8.667361 8.667361 8.667361 9.754815 15.8686 4.306159 4.216098 4.216098 4.216098 4.216098 6.406366 14.01197 14.94326 17.30096 20.99585 22.29137 29.27745 33.10381 33.74981 35.57762 39.11668 36.4609 23.2317 19.718 19.76719 19.54204 17.32864 21.51623 20.52555 13.95262 12.40119 10.50584 10.44486 -9999 -9999 -9999 -9999 -9999 -9999 -9999 -9999 -9999 -9999 -9999 -9999 -9999 -9999 -9999 -9999 -9999 -9999 -9999 -9999 -9999 -9999 -9999 -9999 -9999 -9999 -9999
5.154231 11.6826 12.74526 14.27511 14.27511 9.456021 4.852653 5.011973 5.170271 5.108055 15.23842 25.87379 20.60174 15.37905 19.26263 23.20967 23.49907 4.218678 4.529902 10.71057 4.765251 4.370502 12.24154 15.19503 15.36717 16.52836 16.95016 17.39381 31.10851 33.74981 34.04244 34.78167 38.76835 39.10362 29.55556 19.76673 21.34023 22.29287 22.31938 19.94659 10.75062 10.82092 13.89977 10.44486 10.44486 -9999 -9999 -9999 -9999 -9999 -9999 -9999 -9999 -9999 -9999 -9999 -9999 -9999 -9999 -9999 -9999 -9999 -9999 -9999 -9999 -9999 -9999 -9999 -9999 -9999 -9999 -9999
5.830876 11.67228 12.30319 13.94067 12.01886 11.59704 4.737761 5.001795 5.36225 5.36225 5.40592 10.94111 21.08392 29.52103 29.52103 29.52103 25.80395 15.49363 27.05288 26.56025 5.03832 10.35129 11.9221 15.47989 18.62499 17.08841 17.04748 23.26561 33.74962 33.74981 33.74981 34.65628 39.4269 99.46333 185.2803 536.5941 114.5803 21.99908 12.21431 6.826522 6.852236 14.98388 21.42814 11.0496 10.44486 -9999 -9999 -9999 -9999 -9999 -9999 -9999 -9999 -9999 -9999 -9999 -9999 -9999 -9999 -9999 -9999 -9999 -9999 -9999 -9999 -9999 -9999 -9999 -9999 -9999 -9999 -9999
11.80265 12.16349 8.377959 4.490848 0.2486194 2.297398 0.5066366 0.4002872 3.775386 5.469613 6.459394 6.795685 16.44128 29.52103 29.52103 30.94373 35.87925 22.88389 23.23128 21.56518 11.43015 11.19764 11.19764 21.7364 22.12397 18.75873 18.67494 26.09701 32.54882 33.74981 33.74981 33.75946 63.48579 140.1414 436.7001 145.1616 23.6484 22.40376 11.70792 9.13237 21.31643 22.88942 23.72906 18.14246 10.44486 10.44486 -9999 -9999 -9999 -9999 -9999 -9999 -9999 -9999 -9999 -9999 -9999 -9999 -9999 -9999 -9999 -9999 -9999 -9999 -9999 -9999 -9999 -9999 -9999 -9999 -9999 -9999
43.1767 26.41402 1.089638 0.8574103 0.2486194 0.2486194 0.2486194 0.2486194 0.2955282 4.380375 7.261563 7.261563 7.817812 29.19652 32.15781 33.99294 39.98972 26.62034 17.33304 12.17489 11.19764 11.49696 32.9248 31.86668 22.63163 21.85188 21.0152 28.52588 33.06749 19.36916 18.88557 380.8291 541.5078 599.567 759.8785 108.4649 24.01248 24.01135 19.82685 11.19501 14.2422 20.77586 23.26685 14.87091 10.44486 10.44486 -9999 -9999 -9999 -9999 -9999 -9999 -9999 -9999 -9999 -9999 -9999 -9999 -9999 -9999 -9999 -9999 -9999 -9999 -9999 -9999 -9999 -9999 -9999 -9999 -9999 -9999
26.06932 7.133966 1.235149 1.524003 0.9432082 0.2486194 0.2486194 0.2486194 0.5928506 3.473607 7.261563 7.261563 7.261563 25.76882 33.70279 37.24756 104.9755 157.0836 153.1579 11.19764 27.78325 27.17184 39.39328 45.77461 37.60896 22.12397 22.12397 23.99888 23.42471 16.01331 16.62001 301.4081 568.4433 752.0982 519.2997 85.1358 24.02135 24.02135 24.02135 22.34605 10.0853 6.935388 19.30256 19.57373 11.13719 8.651627 3.70465 -9999 -9999 -9999 -9999 -9999 -9999 -9999 -9999 -9999 -9999 -9999 -9999 -9999 -9999 -9999 -9999 -9999 -9999 -9999 -9999 -9999 -9999 -9999 -9999 -9999
5.680959 5.889906 6.490262 4.355166 2.184311 0.9913317 1.962655 2.393542 3.447123 3.68865 4.182397 4.295959 5.61804 26.37298 30.84122 59.51183 63.65518 503.3834 587.704 252.9793 49.05739 33.70851 35.65131 43.7516 36.71404 22.73017 28.71118 23.81026 17.61866 14.1913 14.16912 14.1913 12.0149 53.31329 17.30714 17.34251 22.74013 24.02135 24.0131 15.48782 13.63522 12.7828 19.47134 23.55459 8.666217 3.723764 3.70465 3.70465 3.70465 -9999 -9999 -9999 -9999 -9999 -9999 -9999 -9999 -9999 -9999 -9999 -9999 -9999 -9999 -9999 -9999 -9999 -9999 -9999 -9999 -9999 -9999 -9999
11.25195 12.39725 11.85325 5.662314 3.961923 3.480217 3.480217 3.507395 3.480217 3.480217 3.480217 3.480217 3.726146 33.67176 45.44518 50.40561 57.31551 223.4452 450.9915 251.9475 52.93495 36.94844 36.56953 39.84349 42.43475 42.87603 44.9148 31.22199 16.73359 14.51137 10.46855 11.15096 10.53399 12.66278 17.30714 17.30714 20.57234 18.39669 16.83366 13.22836 15.75759 15.74825 15.63537 9.51539 10.37067 12.73978 8.297932 4.737274 13.7336 28.04056 28.04056 -9999 -9999 -9999 -9999 -9999 -9999 -9999 -9999 -9999 -9999 -9999 -9999 -9999 -9999 -9999 -9999 -9999 -9999 -9999 -9999 -9999
12.22409 13.86914 13.5591 4.962831 2.779027 3.77132 4.030869 4.376039 4.423516 4.690336 4.672431 4.560226 10.37406 22.81581 37.0067 40.81094 59.94301 53.5041 47.81958 54.06235 54.20439 40.17185 42.47538 46.0781 44.82202 44.9148 44.73399 22.66085 20.08293 17.59167 10.39879 10.39879 10.39879 13.57502 17.30714 17.30714 17.32489 16.38618 12.76746 13.63803 15.83602 16.0536 16.27721 14.73636 16.29355 17.57364 16.12173 15.80981 24.20885 28.04056 28.04056 -9999 -9999 -9999 -9999 -9999 -9999 -9999 -9999 -9999 -9999 -9999 -9999 -9999 -9999 -9999 -9999 -9999 -9999 -9999 -9999 -9999
13.07068 14.03885 14.03885 11.31993 3.792045 3.865455 4.230023 5.130918 5.130932 5.130932 7.404228 12.12579 22.19193 26.49813 33.78276 37.57223 43.69937 34.92013 33.98332 43.31141 70.83684 154.9574 209.8817 43.39801 44.36152 41.73437 31.60886 22.04129 20.08293 15.10432 10.91767 10.76062 11.01368 15.35384 17.30714 17.12155 17.30714 17.28099 13.21147 15.28606 15.03483 15.96227 16.29355 16.33321 273.2708 352.1797 81.12581 9.625783 12.12261 25.80643 28.13792 32.70909 -9999 -9999 -9999 -9999 -9999 -9999 -9999 -9999 -9999 -9999 -9999 -9999 -9999 -9999 -9999 -9999 -9999 -9999 -9999 -9999
16.19649 14.31079 12.34298 10.18272 8.422713 8.382959 8.328261 10.87974 6.099295 5.128251 7.588205 16.98572 24.20739 32.38992 37.06034 37.06034 36.63659 26.36855 24.41693 24.42378 152.9882 267.8908 235.3329 42.38587 42.22403 26.22027 25.51039 24.61606 22.10786 20.06428 19.35107 18.71972 18.98197 16.65112 15.94878 15.7061 16.03726 15.7259 15.74154 20.38231 16.92113 20.3202 19.78865 33.27341 201.8731 307.7523 583.2422 212.573 61.21436 113.5717 44.02013 35.75424 35.76317 -9999 -9999 -9999 -9999 -9999 -9999 -9999 -9999 -9999 -9999 -9999 -9999 -9999 -9999 -9999 -9999 -9999 -9999 -9999
17.08076 10.81105 9.510258 9.510258 9.510258 9.510258 9.622042 10.72835 10.29783 6.324456 5.12488 5.12488 5.12488 17.98732 37.06034 35.91162 22.19255 20.29516 18.64309 27.41414 83.19589 240.1226 225.7652 44.29029 39.64301 32.77805 34.62041 31.01073 35.28323 26.95588 19.69068 19.68916 18.78946 15.74432 15.66861 15.66861 15.66861 15.66861 15.88379 18.26599 20.31767 20.7368 20.7368 24.21095 29.14821 277.0271 1984.328 718.9196 135.1288 109.6899 39.34934 35.38578 27.32594 15.45669 15.45669 -9999 -9999 -9999 -9999 -9999 -9999 -9999 -9999 -9999 -9999 -9999 -9999 -9999 -9999 -9999 -9999 -9999
14.84192 9.510259 9.510259 9.318653 8.83955 9.186541 9.575043 10.11738 9.915038 9.57935 5.096807 4.698462 4.197652 5.409619 11.7152 16.86119 11.57815 13.23828 18.45739 38.23397 51.39921 200.4051 125.6611 32.62275 36.81934 36.81934 36.81934 36.81934 36.81934 23.11543 19.68916 28.54435 48.01032 51.45714 17.90544 15.21452 13.98474 15.66861 15.66861 17.30931 20.7368 20.7368 24.43371 31.52257 39.70225 348.2801 2252.865 -9999 112.7417 91.28644 35.06727 34.20947 22.06843 15.45669 15.45669 -9999 -9999 -9999 -9999 -9999 -9999 -9999 -9999 -9999 -9999 -9999 -9999 -9999 -9999 -9999 13.43665 -9999
13.05119 10.87497 18.42507 8.200755 7.94536 7.94536 8.743839 10.18075 10.18075 9.930154 7.331644 2.717968 2.375406 2.375406 2.493891 10.38082 11.5424 11.57815 16.57115 27.50268 18.39651 12.06944 12.39675 15.65567 36.81934 36.81934 35.603 31.25721 28.81961 18.59976 34.91227 64.33837 66.29891 66.29891 41.33768 8.04245 9.098357 17.10068 18.41047 20.16972 33.0795 53.85137 60.55408 61.02259 49.70813 61.02259 -9999 -9999 -9999 -9999 -9999 17.32071 17.07327 16.5014 17.10577 19.17911 -9999 -9999 -9999 -9999 -9999 -9999 -9999 -9999 -9999 -9999 -9999 -9999 -9999 13.43665 13.43665 13.43665
24.92805 28.24456 24.90404 9.296702 8.286354 8.266766 8.442463 10.18075 9.623009 8.089047 7.920479 6.652302 6.853553 3.459134 4.42278 5.09392 7.172165 10.8844 10.19609 10.14461 10.14461 10.60071 13.03535 13.10743 13.51151 20.74399 20.93333 14.65486 16.1458 24.70449 33.00359 44.53846 44.7387 48.45024 30.57827 7.348569 7.654875 18.46871 19.95273 19.95273 21.82447 37.19868 33.27086 27.33894 -9999 -9999 -9999 -9999 -9999 -9999 -9999 -9999 19.17911 19.17911 18.01225 15.70837 12.68724 -9999 -9999 84.0741 -9999 -9999 35.22528 -9999 -9999 -9999 -9999 -9999 -9999 13.43665 13.43665 13.43665
27.46873 28.35897 17.15083 10.22935 10.16629 9.952003 9.474124 10.16725 9.511775 8.161061 10.62632 13.18115 12.71933 5.867206 4.78577 4.78577 5.794247 8.626647 10.14461 10.14461 10.47293 12.25525 13.10742 11.94866 8.628741 11.98765 16.01821 16.48914 22.89688 31.26653 28.01165 26.15522 21.7769 16.64989 11.49732 7.348569 7.348569 16.72008 19.95273 19.95273 19.95273 19.95273 19.95273 19.95273 18.58402 13.71468 -9999 -9999 -9999 45.83977 45.83977 -9999 20.23917 15.88134 12.74239 12.68724 12.68724 84.0741 84.0741 84.0741 84.0741 -9999 35.22528 35.22528 -9999 -9999 -9999 -9999 13.43665 13.43665 13.43665 13.43665
170.7311 27.13386 32.2085 12.588 11.4031 11.36892 10.23159 10.54627 10.96305 11.9738 13.25548 13.07933 11.37667 6.073475 4.785771 4.785771 4.785771 7.497441 10.14461 9.495646 9.28496 13.03626 11.16138 9.05761 8.453946 8.852799 13.98065 20.03237 31.2946 31.12137 28.85085 17.49809 17.32524 17.32524 15.45055 10.26956 6.30161 10.7078 19.90811 19.95273 19.95273 19.95273 19.95273 19.45926 15.82639 13.71468 13.71468 -9999 -9999 45.83977 45.83977 12.68724 14.45771 12.7394 12.68724 12.68724 12.68724 84.0741 84.0741 84.0741 84.0741 -9999 35.22528 35.22528 35.22528 35.22528 35.22528 22.03055 13.43665 13.43665 13.43665 13.43665
168.4161 90.20771 41.91199 23.06324 23.23872 16.03822 10.91699 10.97574 10.97574 11.06045 12.44566 12.54631 10.53487 6.911572 4.785771 4.785771 5.563084 7.327891 8.429227 7.113773 6.764258 7.696038 8.114087 8.219821 7.521829 11.34521 17.82531 18.3169 20.8105 22.86001 18.70434 17.85365 17.32524 17.32524 17.32524 16.1762 3.620775 3.494726 6.642437 12.40963 19.95273 19.95273 19.4912 14.28122 13.71468 13.71468 13.74262 14.62856 -9999 45.83977 30.98572 12.68724 12.68724 12.68724 -9999 -9999 -9999 -9999 -9999 84.0741 84.0741 -9999 -9999 35.22528 35.22528 35.22528 35.22528 35.22528 -9999 -9999 -9999 13.43665
42.99335 48.82074 32.25855 23.29861 23.38946 16.06898 10.97574 10.97574 10.97574 10.90087 10.57114 10.65618 10.53487 7.561304 4.785771 5.770013 7.786584 7.788907 7.157619 6.943511 6.810596 7.50616 8.888022 6.181376 6.888555 21.60287 22.73783 19.33123 18.8088 18.8088 18.8088 18.76539 26.32207 17.32524 17.32524 16.96605 5.407724 3.494726 5.39779 19.71458 21.77931 19.95273 18.40338 13.71468 13.71468 13.77994 14.95271 16.14037 -9999 -9999 -9999 -9999 -9999 -9999 -9999 36.12843 36.12843 -9999 -9999 -9999 -9999 -9999 -9999 -9999 35.22528 35.22528 -9999 -9999 -9999 -9999 13.43665 -9999
38.53221 33.99554 23.29861 29.51399 31.91415 24.42968 10.97574 10.97574 10.97539 10.67495 10.54094 10.53487 10.55104 10.71537 7.859571 7.650847 7.789093 22.16082 10.74848 8.110795 8.717167 13.3708 13.84401 18.55833 22.75518 24.183 24.183 22.91802 21.07234 20.75681 27.32237 20.94621 115.9292 42.37613 28.70951 39.60569 22.02567 19.75668 31.66635 37.1195 33.63041 26.44189 14.28381 14.44459 16.08659 15.61095 16.14037 16.14037 16.48988 16.14037 45.04859 38.73026 36.12843 36.12843 36.12843 36.12843 36.12843 36.12843 -9999 -9999 -9999 -9999 -9999 -9999 -9999 -9999 -9999 -9999 -9999 -9999 -9999 -9999
