GISdata/Popn density Spain 2015.asc
ncols        374
nrows        216
xllcorner    -9.958333333325
yllcorner    35.541666666674
cellsize     0.041666666667
NODATA_value  -9999
[rows 144 to 167 of 216, columns 54 to 107 of 374]
-9999 -9999 -9999 -9999 -9999 -9999 -9999 -9999 -9999 13.456459999084473 26.631969451904297 14.776240348815918 6.1628990173339844 6.1628990173339844 6.1628990173339844 6.1655240058898926 15.878129959106445 21.839599609375 24.257919311523438 24.26746940612793 24.373889923095703 25.600200653076172 26.997650146484375 23.373880386352539 19.908840179443359 16.66748046875 16.153949737548828 16.830120086669922 18.749940872192383 34.223609924316406 34.224868774414063 34.579498291015625 91.159927368164062 53.262168884277344 16.389680862426758 16.341220855712891 15.8685302734375 11.936209678649902 11.543939590454102 11.464019775390625 11.464019775390625 8.1363229751586914 5.0741910934448242 6.2255330085754395 6.5534920692443848 6.5534920692443848 6.5534920692443848 6.4437170028686523 7.6212019920349121 5.4358401298522949 3.8929769992828369 4.802711009979248 6.8338489532470703 8.4452724456787109
-9999 -9999 -9999 -9999 -9999 -9999 -9999 -9999 -9999 6.1992158889770508 6.6579041481018066 6.6641502380371094 6.6624259948730469 6.9275908470153809 6.4530172348022461 6.1628990173339844 8.4978971481323242 23.13524055480957 21.595169067382812 18.547000885009766 22.99176025390625 23.629230499267578 25.599409103393555 25.5289306640625 22.674350738525391 21.807159423828125 18.893960952758789 16.979820251464844 80.010292053222656 109.17440032958984 77.190078735351563 57.412139892578125 65.46649169921875 61.991241455078125 45.029850006103516 29.765279769897461 11.613699913024902 11.504199981689453 11.685290336608887 11.853710174560547 8.2749300003051758 3.5353999137878418 3.3651618957519531 3.6041979789733887 6.4780678749084473 6.5534930229187012 6.5534930229187012 8.2758989334106445 7.9416060447692871 3.443835973739624 3.4006350040435791 3.4006350040435791 3.5224499702453613 5.3127012252807617
-9999 -9999 -9999 -9999 -9999 -9999 -9999 -9999 -9999 8.9897613525390625 8.9897613525390625 8.9897613525390625 8.9897613525390625 8.9897613525390625 8.6555070877075195 12.701620101928711 20.460559844970703 27.262580871582031 17.425010681152344 11.490989685058594 11.507659912109375 11.904109954833984 11.490989685058594 12.236989974975586 13.216250419616699 16.599750518798828 15.761619567871094 16.076690673828125 24.433340072631836 137.91949462890625 215.27189636230469 114.15010070800781 60.589481353759766 52.488739013671875 23.44696044921875 11.614179611206055 9.1747798919677734 7.6305170059204102 9.8831949234008789 11.855660438537598 6.2161030769348145 3.3651618957519531 3.3651618957519531 3.3651618957519531 5.7225131988525391 7.4144530296325684 8.4619064331054687 14.488300323486328 15.239060401916504 12.179499626159668 7.0172710418701172 5.9337091445922852 7.4573860168457031 6.2651271820068359
-9999 -9999 -9999 -9999 -9999 -9999 -9999 -9999 -9999 -9999 8.9897603988647461 8.9897603988647461 8.9897603988647461 8.9897603988647461 8.9897603988647461 9.4382600784301758 24.452199935913086 25.191070556640625 11.634499549865723 11.490989685058594 11.490989685058594 27.545759201049805 21.166120529174805 11.490989685058594 11.632949829101563 15.148249626159668 15.387700080871582 15.387700080871582 15.38860034942627 19.78179931640625 168.99360656738281 69.126808166503906 45.638309478759766 20.697620391845703 7.6097040176391602 7.6097040176391602 7.6097040176391602 7.6097040176391602 7.6097478866577148 4.7101588249206543 3.3667020797729492 3.370527982711792 3.4495298862457275 7.9997892379760742 9.9053840637207031 10.320110321044922 14.019920349121094 15.239060401916504 15.239060401916504 14.890290260314941 14.652959823608398 9.1901721954345703 8.44384765625 6.8967700004577637
-9999 -9999 -9999 -9999 -9999 -9999 -9999 -9999 -9999 -9999 8.9897613525390625 8.9897603988647461 8.9897603988647461 8.9897613525390625 8.9897613525390625 8.9897613525390625 18.601629257202148 40.375850677490234 12.621760368347168 11.490989685058594 11.490989685058594 31.202110290527344 52.305789947509766 11.490989685058594 11.490989685058594 14.196550369262695 15.387700080871582 15.538459777832031 15.557889938354492 15.565739631652832 16.029369354248047 19.591829299926758 23.10807991027832 18.027420043945313 19.824420928955078 15.009590148925781 8.5971689224243164 7.6097049713134766 7.9472651481628418 9.9185857772827148 5.5070738792419434 3.3891301155090332 3.4079959392547607 9.520258903503418 10.63755989074707 11.807689666748047 14.08434009552002 15.239060401916504 15.239060401916504 14.8095703125 14.728599548339844 10.930310249328613 8.6972312927246094 8.6972312927246094
-9999 -9999 -9999 -9999 -9999 -9999 -9999 -9999 -9999 -9999 -9999 -9999 8.9897613525390625 8.998652458190918 9.0623064041137695 11.472100257873535 50.231479644775391 49.364170074462891 32.219329833984375 18.812820434570313 11.490989685058594 11.490989685058594 11.490989685058594 11.490989685058594 11.490989685058594 12.628270149230957 15.156530380249023 18.173999786376953 18.996240615844727 16.646099090576172 15.688480377197266 14.94474983215332 15.207980155944824 14.678239822387695 17.478679656982422 22.716850280761719 21.937299728393555 16.786630630493164 12.935930252075195 13.521940231323242 5.3703827857971191 10.47700023651123 4.4019680023193359 16.2806396484375 18.292570114135742 18.657810211181641 16.683460235595703 15.239060401916504 15.239060401916504 14.950440406799316 14.728599548339844 12.482439994812012 8.6972312927246094 8.6972312927246094
-9999 -9999 -9999 -9999 -9999 -9999 -9999 -9999 -9999 -9999 -9999 -9999 8.9897613525390625 9.355717658996582 9.4501543045043945 29.278530120849609 35.160030364990234 35.089698791503906 35.002861022949219 17.852909088134766 11.490989685058594 11.490989685058594 11.490989685058594 11.490989685058594 11.490989685058594 11.963230133056641 19.111230850219727 20.158130645751953 20.508420944213867 20.752250671386719 20.516059875488281 17.503330230712891 18.007400512695312 17.321830749511719 17.746620178222656 19.33568000793457 20.591310501098633 24.280269622802734 21.746589660644531 19.033960342407227 23.042600631713867 30.425790786743164 12.944379806518555 22.488580703735352 28.285449981689453 18.657829284667969 17.058490753173828 15.239060401916504 15.239060401916504 15.200369834899902 14.887260437011719 14.678759574890137 9.7838039398193359 8.6972312927246094
-9999 -9999 -9999 -9999 -9999 -9999 -9999 -9999 -9999 -9999 -9999 -9999 -9999 9.4501543045043945 9.4501543045043945 25.353969573974609 35.018409729003906 35.018409729003906 33.053020477294922 11.493410110473633 11.490989685058594 11.490989685058594 11.490989685058594 11.525710105895996 13.589699745178223 18.221269607543945 20.098379135131836 20.098379135131836 20.098379135131836 20.337779998779297 20.745800018310547 18.48859977722168 18.007400512695312 18.007400512695312 18.007400512695312 17.650800704956055 16.195459365844727 16.615949630737305 28.327329635620117 30.425790786743164 30.367809295654297 22.065679550170898 9.584630012512207 24.114360809326172 25.359699249267578 17.435829162597656 15.359499931335449 15.239060401916504 15.239060401916504 15.239060401916504 15.239060401916504 15.20164966583252 11.453269958496094 8.6972312927246094
-9999 -9999 -9999 -9999 -9999 -9999 -9999 -9999 -9999 -9999 -9999 -9999 -9999 -9999 9.4501543045043945 14.400279998779297 35.018409729003906 23.772739410400391 9.9091758728027344 9.8991460800170898 10.794440269470215 11.09391975402832 14.757430076599121 16.844169616699219 19.570650100708008 20.098379135131836 19.855810165405273 18.036720275878906 16.87091064453125 17.908979415893555 19.924829483032227 19.276420593261719 18.051040649414063 18.007400512695312 15.396570205688477 8.6114740371704102 7.2797541618347168 10.387410163879395 27.130609512329102 27.910299301147461 15.587920188903809 7.8153080940246582 3.088947057723999 4.6406550407409668 5.223179817199707 15.780739784240723 14.131420135498047 12.247130393981934 14.39680004119873 15.239060401916504 15.239060401916504 15.217000007629395 9.396087646484375 8.6972312927246094
-9999 -9999 -9999 -9999 -9999 -9999 -9999 -9999 -9999 -9999 -9999 -9999 -9999 -9999 -9999 -9999 -9999 9.3111295700073242 9.3111286163330078 9.3111286163330078 9.3111286163330078 11.437290191650391 17.807350158691406 17.807350158691406 18.030979156494141 19.699689865112305 18.242729187011719 16.330759048461914 17.345119476318359 18.465749740600586 19.553199768066406 20.887479782104492 16.96619987487793 13.803600311279297 9.3668889999389648 7.2797532081604004 7.2797532081604004 7.5456981658935547 11.167969703674316 11.303310394287109 9.2049808502197266 5.665198802947998 5.2610740661621094 6.6722030639648437 10.042269706726074 10.348679542541504 10.348679542541504 12.035840034484863 16.043670654296875 14.241419792175293 13.310600280761719 8.3531513214111328 5.4351158142089844 6.2692852020263672
-9999 -9999 -9999 -9999 -9999 -9999 -9999 -9999 -9999 -9999 -9999 -9999 -9999 -9999 -9999 -9999 -9999 8.9409618377685547 9.3111286163330078 9.3111286163330078 6.9071669578552246 6.1051301956176758 10.684060096740723 13.798040390014648 14.579839706420898 17.815969467163086 20.880950927734375 21.770029067993164 20.03887939453125 19.645750045776367 20.60814094543457 22.316970825195313 16.370399475097656 12.953749656677246 12.026350021362305 11.192760467529297 8.8598842620849609 7.8550968170166016 9.9593839645385742 9.9376468658447266 4.4289870262145996 7.7625517845153809 6.7409729957580566 10.265399932861328 10.348679542541504 10.348679542541504 10.348679542541504 15.282509803771973 14.672590255737305 7.7384028434753418 6.9570960998535156 6.0309038162231445 4.6831789016723633 4.6390848159790039
-9999 -9999 -9999 -9999 -9999 -9999 -9999 -9999 -9999 -9999 -9999 -9999 -9999 -9999 8.1700353622436523 -9999 6.4708499908447266 6.5008440017700195 7.4578437805175781 8.8617658615112305 4.0845670700073242 3.5782530307769775 3.5782530307769775 4.1384830474853516 10.096650123596191 15.982529640197754 17.22776985168457 22.114740371704102 22.173490524291992 22.157470703125 19.233430862426758 19.96190071105957 16.399229049682617 13.183219909667969 12.143980026245117 12.143980026245117 12.119480133056641 10.317859649658203 10.599390029907227 10.170080184936523 8.9535255432128906 4.9818692207336426 6.4578380584716797 10.018790245056152 10.348679542541504 10.348679542541504 10.348679542541504 8.1082000732421875 7.0154538154602051 6.9570960998535156 6.9570960998535156 6.9570960998535156 5.9517979621887207 4.6525712013244629
-9999 -9999 -9999 -9999 -9999 -9999 -9999 -9999 -9999 -9999 -9999 -9999 8.1700363159179687 8.1700363159179687 7.2370090484619141 6.4708499908447266 6.4708499908447266 6.4708499908447266 6.4708499908447266 6.901914119720459 4.7685098648071289 3.6295750141143799 4.332827091217041 11.479809761047363 15.982529640197754 15.982529640197754 15.445030212402344 17.163240432739258 17.329729080200195 17.866910934448242 12.128049850463867 12.097379684448242 13.877449989318848 13.166589736938477 12.143980026245117 12.143980026245117 12.143980026245117 11.655759811401367 10.779850006103516 9.6110296249389648 11.820210456848145 8.924351692199707 9.9815778732299805 13.234780311584473 13.343950271606445 12.160240173339844 10.20950984954834 7.1786541938781738 6.957097053527832 8.8429489135742187 8.7782049179077148 6.957097053527832 6.957097053527832 5.1216259002685547
-9999 -9999 -9999 -9999 -9999 -9999 -9999 -9999 -9999 -9999 8.1700363159179687 8.1700363159179687 8.1700363159179687 8.1522302627563477 6.678347110748291 6.4708499908447266 6.4708499908447266 6.4708499908447266 6.4708499908447266 6.4708499908447266 6.8702011108398437 7.2936701774597168 4.8839411735534668 6.1476640701293945 15.151470184326172 9.821075439453125 12.710049629211426 27.541799545288086 18.879850387573242 12.857000350952148 12.210009574890137 12.663310050964355 15.577899932861328 14.708749771118164 13.389430046081543 12.215950012207031 12.12401008605957 10.206520080566406 9.5171785354614258 9.40234375 10.214559555053711 10.098620414733887 13.525589942932129 13.982439994812012 13.982439994812012 13.982439994812012 13.536350250244141 10.51869010925293 7.8966069221496582 14.42516040802002 13.53363037109375 10.713820457458496 14.587510108947754 18.957920074462891
-9999 -9999 -9999 -9999 -9999 -9999 -9999 -9999 -9999 -9999 8.1700353622436523 8.1700363159179687 8.1700363159179687 8.1600856781005859 6.5833749771118164 6.4708499908447266 6.4708499908447266 6.4708499908447266 6.4708499908447266 6.8511872291564941 20.435840606689453 29.104829788208008 45.514499664306641 41.314350128173828 48.524330139160156 26.880880355834961 20.387889862060547 34.928108215332031 20.310319900512695 12.715889930725098 6.2712178230285645 9.4552516937255859 14.759699821472168 13.948349952697754 12.86338996887207 10.307559967041016 10.498629570007324 10.026300430297852 9.9233713150024414 9.7589292526245117 9.7538385391235352 9.9712686538696289 12.260890007019043 13.982439994812012 13.982439994812012 13.982439994812012 13.982439994812012 13.973660469055176 13.694080352783203 14.060879707336426 13.850520133972168 13.792889595031738 15.812270164489746 27.164039611816406
-9999 -9999 -9999 -9999 -9999 -9999 -9999 -9999 -9999 -9999 8.1700353622436523 8.1700353622436523 8.1700353622436523 8.1239938735961914 6.5288820266723633 6.4708499908447266 6.4708499908447266 6.4708499908447266 6.4708499908447266 18.38231086730957 23.656309127807617 14.676520347595215 32.653160095214844 62.733509063720703 33.359531402587891 32.806221008300781 24.568500518798828 34.928108215332031 25.363630294799805 13.093859672546387 5.7961239814758301 2.9252359867095947 3.4293301105499268 8.0128040313720703 10.186519622802734 10.186579704284668 10.18179988861084 9.2171688079833984 6.6118178367614746 6.2874078750610352 6.2889389991760254 6.7739171981811523 13.514459609985352 13.982439994812012 13.978940010070801 13.257869720458984 13.57526969909668 13.893170356750488 13.792889595031738 13.792889595031738 13.792889595031738 13.792889595031738 13.792889595031738 15.037739753723145
-9999 -9999 -9999 -9999 -9999 -9999 -9999 -9999 -9999 7.170985221862793 8.2018308639526367 8.2742071151733398 8.2617177963256836 8.1619300842285156 6.4775481224060059 11.217769622802734 16.11693000793457 12.857069969177246 10.657230377197266 8.9810056686401367 5.7416567802429199 5.7141609191894531 5.7179617881774902 15.877739906311035 17.213640213012695 17.270549774169922 11.942930221557617 33.959190368652344 34.928108215332031 35.967369079589844 28.699590682983398 2.9252359867095947 2.9252359867095947 2.9252359867095947 6.0051980018615723 10.186579704284668 10.186579704284668 7.9193601608276367 6.286135196685791 6.286135196685791 6.286135196685791 6.286135196685791 9.7637510299682617 13.478690147399902 8.3828248977661133 7.4230389595031738 7.7822179794311523 9.5871858596801758 13.377070426940918 13.792889595031738 13.792889595031738 13.792889595031738 13.792889595031738 16.584859848022461
-9999 -9999 -9999 -9999 -9999 -9999 -9999 -9999 5.8640108108520508 5.8640108108520508 6.8817391395568848 8.3848237991333008 8.3848237991333008 8.3213682174682617 7.8821811676025391 12.488849639892578 27.28400993347168 27.28400993347168 23.084409713745117 21.73213005065918 5.714296817779541 5.7141609191894531 5.7141609191894531 6.678800106048584 7.582949161529541 21.672689437866211 23.337730407714844 30.362920761108398 23.071170806884766 22.34160041809082 26.167839050292969 5.3759808540344238 2.9252359867095947 2.9252359867095947 2.9330439567565918 7.0524401664733887 12.179010391235352 10.082329750061035 6.3144888877868652 6.286135196685791 6.9661970138549805 7.0072121620178223 6.7947769165039063 7.8717222213745117 7.2595739364624023 7.2595739364624023 7.2595739364624023 7.2595739364624023 9.4974355697631836 13.792889595031738 13.792889595031738 13.792889595031738 14.852069854736328 20.624519348144531
-9999 -9999 -9999 -9999 -9999 -9999 5.8640108108520508 5.8640108108520508 5.8640108108520508 5.8640108108520508 6.0900812149047852 7.9633631706237793 8.3848228454589844 8.1647329330444336 8.0171594619750977 8.6674823760986328 14.722249984741211 12.789520263671875 9.3613681793212891 18.311040878295898 8.7582006454467773 5.7141609191894531 5.7141609191894531 5.7141609191894531 7.4549179077148437 24.911880493164063 17.838579177856445 16.560260772705078 6.3728327751159668 3.7194139957427979 2.9252359867095947 2.9259629249572754 3.3584530353546143 3.8499429225921631 3.7012538909912109 4.3542270660400391 17.054859161376953 15.313260078430176 10.56173038482666 12.400750160217285 12.877690315246582 13.64054012298584 13.088569641113281 10.676799774169922 7.2595739364624023 7.2595739364624023 7.2595739364624023 7.2595739364624023 9.7443447113037109 13.792889595031738 13.792889595031738 13.792889595031738 16.591890335083008 25.1427001953125
-9999 -9999 -9999 -9999 -9999 -9999 5.8640108108520508 5.8640108108520508 5.8640108108520508 5.8640108108520508 5.8640108108520508 6.000244140625 8.1570701599121094 8.0394582748413086 8.3012781143188477 8.7780294418334961 8.9869403839111328 8.9869403839111328 8.9869403839111328 9.2269620895385742 8.7849540710449219 5.7721061706542969 8.9735031127929687 11.08607006072998 18.733440399169922 24.799980163574219 82.850929260253906 91.680519104003906 77.548080444335938 27.208089828491211 4.265388011932373 5.6920690536499023 6.0792508125305176 6.0792508125305176 6.0386738777160645 8.9341402053833008 17.386920928955078 20.474340438842773 18.596599578857422 14.252420425415039 13.64054012298584 13.64054012298584 13.64054012298584 12.937450408935547 7.285365104675293 7.2595729827880859 13.63461971282959 22.727560043334961 15.853460311889648 17.926179885864258 33.181690216064453 48.704208374023438 59.680740356445313 60.397758483886719
-9999 -9999 -9999 -9999 -9999 -9999 8.4668159484863281 8.3615503311157227 7.4755630493164062 7.4119548797607422 8.0091390609741211 8.0899543762207031 8.6358833312988281 8.6770496368408203 8.9846200942993164 8.9869403839111328 9.0071277618408203 10.193349838256836 14.645380020141602 15.312749862670898 15.519009590148926 12.285829544067383 15.710009574890137 16.917139053344727 17.69805908203125 21.132339477539063 75.579147338867188 138.87089538574219 102.28610229492187 19.277080535888672 4.6086530685424805 5.8206291198730469 6.0792508125305176 6.0792508125305176 6.0792508125305176 6.0969548225402832 20.974969863891602 36.091091156005859 36.091091156005859 31.760810852050781 14.115329742431641 13.64054012298584 13.64054012298584 13.64054012298584 20.409269332885742 43.189029693603516 37.696449279785156 33.582008361816406 32.478778839111328 40.951221466064453 59.407421112060547 60.397758483886719 60.397758483886719 60.397758483886719
-9999 -9999 -9999 -9999 -9999 8.964447021484375 8.964447021484375 8.964447021484375 8.964447021484375 8.964447021484375 8.964447021484375 8.964447021484375 9.4701108932495117 12.907730102539063 8.9869413375854492 9.037348747253418 10.5277099609375 15.331100463867188 15.519009590148926 15.519009590148926 15.519009590148926 17.134140014648438 14.208290100097656 14.206009864807129 14.206009864807129 14.53069019317627 14.206009864807129 26.370580673217773 19.158449172973633 3.5693790912628174 3.5693790912628174 3.5893769264221191 5.5144758224487305 6.0792508125305176 7.0023398399353027 12.65077018737793 15.585929870605469 29.767169952392578 36.091091156005859 32.656768798828125 14.460330009460449 21.582990646362305 38.247470855712891 70.237342834472656 80.671852111816406 80.49053955078125 44.231781005859375 69.745018005371094 42.483898162841797 64.682746887207031 61.871368408203125 60.397758483886719 60.397758483886719 60.397758483886719
-9999 -9999 -9999 -9999 8.7301349639892578 7.5626950263977051 6.775825023651123 6.1719322204589844 7.3784170150756836 8.824213981628418 8.964447021484375 8.964447021484375 12.444140434265137 22.494470596313477 17.245920181274414 15.653329849243164 14.560870170593262 13.843879699707031 15.519009590148926 15.519009590148926 20.9251708984375 50.968978881835938 51.332801818847656 44.09967041015625 22.643049240112305 14.206009864807129 14.206009864807129 11.928739547729492 2.8366110324859619 2.8678789138793945 8.8933143615722656 17.4398193359375 24.074859619140625 24.088850021362305 35.957340240478516 50.805469512939453 30.364459991455078 27.882049560546875 36.091091156005859 36.091091156005859 66.045913696289063 85.064910888671875 101.56459808349609 150.51960754394531 105.23179626464844 80.49053955078125 99.475639343261719 431.58529663085937 56.629940032958984 46.756820678710938 37.363628387451172 46.523250579833984 55.6968994140625 59.181190490722656
-9999 -9999 -9999 -9999 6.1794419288635254 5.8469700813293457 5.4050459861755371 4.7972488403320313 4.7201700210571289 6.0421571731567383 7.8045339584350586 10.790519714355469 20.911430358886719 22.522289276123047 22.522289276123047 22.522289276123047 22.522100448608398 17.409870147705078 15.519009590148926 15.698360443115234 36.954929351806641 53.630661010742187 53.630661010742187 53.630661010742187 53.172019958496094 46.277549743652344 21.873489379882813 4.4256258010864258 2.7733709812164307 2.9220790863037109 15.521030426025391 21.07859992980957 28.269390106201172 28.325410842895508 36.544120788574219 54.748329162597656 41.913768768310547 41.695888519287109 36.887409210205078 36.091091156005859 57.722209930419922 100.55069732666016 116.29419708251953 305.89569091796875 307.0548095703125 50.566421508789063 37.057010650634766 28.604930877685547 27.800210952758789 27.104499816894531 27.088260650634766 27.088260650634766 27.247629165649414 34.468559265136719
