GISdata/Popn density Sweden 2015.asc
ncols         360
nrows         384
xllcorner     10
yllcorner     54
cellsize      0.0416666666667
NODATA_value  -9999
[rows 124 to 154 of 384, columns 140 to 209 of 360]
0.7629074 0.7629074 0.7629074 0.7629074 0.7629074 0.7629074 0.7629073 0.7629074 0.7629074 0.7629074 0.7629074 0.7629074 0.7629074 0.7629074 0.7629074 0.7629074 0.7629074 0.7629074 0.7629074 0.7629074 0.7629074 0.7629074 0.7629074 0.7629074 0.7629074 0.7629074 0.7629074 0.7629074 0.7629074 0.7629074 0.7629074 0.7629074 0.7593374 0.7391466 0.7206351 0.6975936 0.6958707 0.6958707 0.6958707 0.6958707 0.6958707 0.6958707 0.6958707 0.6958707 0.7365399 1.120736 1.685111 1.733092 1.733092 1.733092 1.733092 1.733092 1.733092 1.733092 1.733092 1.733092 1.733092 1.733092 1.733092 1.733092 1.733092 1.733092 1.733092 1.733092 1.733092 1.733092 1.733092 1.733092 1.733092 1.733092
0.7629074 0.7629074 0.7629074 0.7629074 0.7629074 0.7629074 0.7629074 0.7629074 0.7629073 0.7629074 0.7629074 0.7629074 0.7629074 0.7629074 0.7629074 0.7629074 0.7629074 0.7629074 0.7629074 0.7629074 0.7629074 0.7629074 0.7629074 0.7629074 0.7629074 0.7629074 0.7629074 0.7629074 0.7629074 0.7629074 0.7629074 0.7629074 0.7629074 0.7629074 0.7629074 0.7583866 0.7118562 0.7042999 0.7024441 0.7005881 0.6971011 0.6958707 0.8001231 1.236063 1.655733 1.733092 1.733092 1.733092 1.733092 1.733092 1.733092 1.733092 1.733092 1.733092 1.733092 1.733092 1.733092 1.733092 1.733092 1.733092 1.733092 1.733092 1.733092 1.733092 1.733092 1.733092 1.733092 1.733092 1.733092 1.733092
0.8164194 0.7885042 0.765326 0.7629074 0.7629074 0.7629074 0.7629074 0.7629074 0.7629074 0.7629074 0.7629074 0.7629074 0.7629074 0.7629074 0.7629074 0.7629074 0.7629074 0.7629074 0.7629074 0.7629074 0.7629074 0.7629074 0.7629074 0.7629074 0.7629074 0.7629074 0.7629074 0.7629074 0.7629074 0.7629074 0.7629074 0.7629074 0.7629074 0.7629074 0.7629074 0.7629074 0.7629074 0.7629074 0.7629074 0.7629074 0.9404936 1.3566 1.708443 1.733092 1.733092 1.733092 1.733092 1.733092 1.733092 1.733092 1.733092 1.733092 1.733092 1.733092 1.733092 1.733092 1.733092 1.733092 1.733092 1.733092 1.733092 1.733092 1.733092 1.733092 1.733092 1.733092 1.733092 1.733092 1.733092 1.733092
0.8379924 0.8379924 0.8314186 0.7828986 0.7629074 0.7629074 0.7629074 0.7629074 0.7629074 0.7629074 0.7629074 0.7629074 0.7629073 0.7629073 0.7629074 0.7629073 0.7629073 0.7629074 0.7629074 0.7629074 0.7629074 0.7629074 0.7629074 0.7629074 0.7629074 0.7629074 0.7629074 0.7629074 0.7629074 0.7629074 0.7629074 0.7629074 0.7629074 0.7629074 0.7629074 0.7629074 0.7629074 0.7629074 0.7629074 0.7629074 1.091272 1.599337 1.508502 1.679254 1.733092 1.733092 1.733092 1.733092 1.733092 1.733092 1.733092 1.733092 1.733092 1.733092 1.733092 1.733092 1.733092 1.733092 1.733092 1.733092 1.733092 1.733092 1.733092 1.733092 1.733092 1.733092 1.733092 1.733092 1.733092 1.733092
0.8379924 0.8379924 0.8379924 0.8371284 0.7988105 0.763296 0.7629074 0.7629074 0.7629074 0.7629074 0.7629074 0.7629074 0.7629074 0.7629074 0.7629074 0.7629074 0.7629074 0.7629073 0.7629074 0.7629074 0.7629074 0.7629074 0.7629074 0.7629074 0.7629074 0.7629074 0.7629074 0.7629074 0.7629074 0.7629074 0.7629074 0.7629074 0.7629074 0.7629074 0.7629074 0.7629074 0.7629074 0.7629074 0.7629074 0.7629074 0.7629074 0.7629074 0.7629074 0.9851829 1.707269 1.733092 1.733092 1.733092 1.733092 1.733092 1.733092 1.733092 1.733092 1.733092 1.733092 1.733092 1.733092 1.733092 1.733092 1.733092 1.733092 1.733092 1.733092 1.733092 1.733092 1.733092 1.733092 1.733092 1.733092 1.733092
0.8379924 0.8379924 0.8379924 0.8379924 0.8379924 0.8151901 0.7676462 0.7629074 0.7629074 0.7629074 0.7629074 0.7629074 0.7629074 0.7629074 0.7629074 0.7629074 0.7629074 0.7629074 0.7629074 0.7629074 0.7629074 0.7629074 0.7629074 0.7629074 0.7629074 0.7629074 0.7629074 0.7629074 0.7629074 0.7629074 0.7629074 0.7629074 0.7629074 0.7629074 0.7629074 0.7629074 0.7629074 0.7629074 0.7629074 0.7629074 0.7629074 0.7629074 0.7700658 1.356945 1.709148 1.733092 1.733092 1.733092 1.733092 1.733092 1.733092 1.733092 1.733092 1.733092 1.733092 1.733092 1.733092 1.733092 1.733092 1.733092 1.733092 1.733092 1.733092 1.733092 1.733092 1.733092 1.733092 1.733092 1.733092 1.733092
0.8379924 0.8379924 0.8379924 0.8379924 0.8379924 0.8379924 0.8276077 0.781742 0.7633021 0.7629074 0.7629074 0.7629074 0.7629074 0.7629074 0.7629074 0.7629074 0.7629074 0.7629074 0.7629074 0.7629074 0.7629074 0.7629074 0.7629074 0.7629074 0.7629074 0.7629074 0.7629074 0.7629074 0.7629074 0.7629074 0.7629074 0.7629074 0.7629074 0.7629074 0.7629074 0.7629074 0.7629074 0.7629074 0.7629074 0.7629074 0.7629074 0.7629074 0.7629074 0.9430995 1.647781 1.733092 1.733092 1.733092 1.733092 1.733092 1.733092 1.733092 1.733092 1.733092 1.733092 1.733092 1.733092 1.733092 1.733092 1.733092 1.733092 1.733092 1.733092 1.733092 1.733092 1.733092 1.733092 1.733092 1.733092 1.733092
0.8379924 0.8379924 0.8379924 0.8379924 0.8379924 0.8379924 0.8379924 0.8379924 0.8293711 0.8043523 0.778926 0.7631214 0.7629074 0.7629074 0.7629074 0.7629074 0.7629074 0.7629074 0.7629074 0.7629074 0.7629074 0.7629074 0.7629073 0.7629074 0.7629074 0.7629074 0.7629074 0.7629074 0.7629074 0.7629074 0.7629074 0.7629074 0.7629074 0.7629074 0.7629074 0.7629074 0.7629074 0.7629074 0.7629074 0.7629074 0.7629074 0.7629074 0.7629074 0.7629074 0.8733007 1.611048 1.432947 1.24386 1.707429 1.733092 1.733092 1.733092 1.733092 1.733092 1.733092 1.733092 1.733092 1.733092 1.733092 1.733092 1.733092 1.733092 1.733092 1.733092 1.733092 1.733092 1.733092 1.733092 1.733092 1.733092
0.8379924 0.8379924 0.8379924 0.8379924 0.8379924 0.8379924 0.8379924 0.8379924 0.8379924 0.8379924 0.8379924 0.8283719 0.8033192 0.7855466 0.7719769 0.7630994 0.7629074 0.7629074 0.7629074 0.7629074 0.7629074 0.7629074 0.7629074 0.7629074 0.7629074 0.7629074 0.7629074 0.7629074 0.7629074 0.7629074 0.7629074 0.7629074 0.7629074 0.7629074 0.7629074 0.7629074 0.7629074 0.7629074 0.7553887 0.7305259 0.7049744 0.6794278 0.653886 0.6273112 0.5719634 0.559685 0.5588434 1.067029 1.68361 1.733092 1.733092 1.733092 1.733092 1.733092 1.733092 1.733092 1.733092 1.733092 1.733092 1.733092 1.733092 1.733092 1.733092 1.733092 1.733092 1.733092 1.733092 1.733092 1.733092 1.733092
0.8379924 0.8379924 0.8379924 0.8379924 0.8379924 0.8379924 0.8379924 0.8379924 0.8379924 0.8379924 0.8379924 0.8379924 0.8379924 0.8379924 0.8379924 0.8333034 0.8199387 0.8063784 0.7888937 0.7638041 0.7629073 0.7629073 0.7629073 0.7629074 0.7629073 0.7629073 0.7629073 0.7629073 0.7629073 0.7629073 0.754943 0.7293295 0.7030793 0.6768341 0.6505941 0.6187286 0.566772 0.5747022 0.5569294 0.5562369 0.5562369 0.5562369 0.5562369 0.5562369 0.5562369 0.5562369 0.5562369 0.5562369 0.6192657 1.017425 1.465068 1.730921 1.733092 1.733092 1.733092 1.733092 1.733092 1.733092 1.733092 1.733092 1.733092 1.733092 1.733092 1.733092 1.733092 1.733092 1.733092 1.733092 1.733092 1.733092
0.8467292 0.8379924 0.8379924 0.8379924 0.8379924 0.8379924 0.8379924 0.8379924 0.8379924 0.8379924 0.8379924 0.8379924 0.8379924 0.8379924 0.8379924 0.8379924 0.8379924 0.8379924 0.8379924 0.8253098 0.7855483 0.7629723 0.7629074 0.7629074 0.7629074 0.7629074 0.7117432 0.6276021 0.6013715 0.575146 0.556878 0.5562369 0.5562369 0.5562369 0.5562369 0.5562369 0.5562369 0.5562369 0.5562369 0.5562369 0.5562369 0.5562369 0.5562369 0.5562369 0.5562369 0.5562369 0.5562369 0.5562369 0.5562369 0.5562369 0.5562369 0.9575529 1.382461 1.439958 1.329508 1.206451 1.12495 1.280941 1.701788 1.733092 1.733092 1.733092 1.733092 1.733092 1.733092 1.733092 1.733092 1.733092 1.733092 1.733092
0.8815449 0.8721794 0.8608925 0.8496011 0.8395654 0.8379924 0.8379924 0.8379924 0.8379924 0.8379924 0.8379924 0.8379924 0.8379924 0.8379924 0.8379924 0.8379924 0.8379924 0.8379924 0.8379924 0.8379924 0.7805928 0.6832129 0.6610128 0.658361 0.6557092 0.6530575 0.5767394 0.5562369 0.5562369 0.5562369 0.5562369 0.5562369 0.5562369 0.5562369 0.5562369 0.5562369 0.5562369 0.5562369 0.5562369 0.5562369 0.5562369 0.5562369 0.5562369 0.5562369 0.5562369 0.5562369 0.5562369 0.5562369 0.5562369 0.5562369 0.5562369 0.5562369 0.5562369 0.5562369 0.5562369 0.5562369 0.678493 1.084198 1.587055 1.733092 1.733092 1.733092 1.733092 1.733092 1.733092 1.733092 1.733092 1.733092 1.733092 1.733092
0.8825259 0.8825259 0.8825259 0.8825259 0.863178 0.8379924 0.8379924 0.8379924 0.8379924 0.8379924 0.8379924 0.8379924 0.8379924 0.8379924 0.8379924 0.8379924 0.8379924 0.8379924 0.8379924 0.8022348 0.5564843 0.5562369 0.5562369 0.5562369 0.5562369 0.5562369 0.5562369 0.5562369 0.5562369 0.5562369 0.5562369 0.5562369 0.5562369 0.5562369 0.5562369 0.5562369 0.5562369 0.5562369 0.5562369 0.5562369 0.5562369 0.5562369 0.5562369 0.5562369 0.5562369 0.5562369 0.5562369 0.5562369 0.5562369 0.5562369 0.5562369 0.5562369 0.5562369 0.5562369 0.5562369 0.5562369 0.5562369 0.7780793 1.262355 1.69 1.733092 1.733092 1.733092 1.733092 1.733092 1.733092 1.733092 1.733092 1.733092 1.733092
0.8825259 0.8825259 0.8825259 0.8825259 0.8654422 0.841499 0.8496944 0.8529941 0.8507882 0.8465421 0.8379924 0.8379924 0.8379924 0.8379924 0.8379924 0.8379924 0.8379924 0.8379924 0.8379924 0.8341878 0.6414917 0.5562369 0.5562369 0.5562369 0.5562369 0.5562369 0.5562369 0.5562369 0.5562369 0.5562369 0.5562369 0.5562369 0.5562369 0.5562369 0.5562369 0.5562369 0.5562369 0.5562369 0.5562369 0.5562369 0.5562369 0.5562369 0.5562369 0.5562369 0.5562369 0.5562369 0.5562369 0.5562369 0.5562369 0.5562369 0.5562369 0.5562369 0.5562369 0.5562369 0.5562369 0.5562369 0.5562369 0.5562369 0.5562369 0.6698964 1.220406 1.693936 1.733092 1.733092 1.733092 1.733092 1.733092 1.733092 1.733092 1.733092
0.8825259 0.8825259 0.8825259 0.8825259 0.8824351 0.8824299 0.8825259 0.8825259 0.8825259 0.8824927 0.8708453 0.8498359 0.8380346 0.8379924 0.8379924 0.8379924 0.8379924 0.8379924 0.8379924 0.8379924 0.8309503 0.6744539 0.5568606 0.5562369 0.5562369 0.5562369 0.5562369 0.5562369 0.5562369 0.5562369 0.5562369 0.5562369 0.5562369 0.5562369 0.5562369 0.5562369 0.5562369 0.5562369 0.5562369 0.5562369 0.5562369 0.5562369 0.5562369 0.5562369 0.5562369 0.5562369 0.5562369 0.5562369 0.5562369 0.5562369 0.5562369 0.5562369 0.5562369 0.5562369 0.5562369 0.5562369 0.5562369 0.5562369 0.5562369 0.5562369 0.5562369 0.6700837 1.159969 1.636687 1.733092 1.733092 1.733092 1.733092 1.733092 1.733092
0.8825259 0.8825259 0.8825259 0.8825259 0.8825259 0.8825259 0.8825259 0.8825259 0.8825259 0.8825259 0.8825259 0.8825259 0.8733163 0.8523511 0.8383462 0.8379924 0.8379924 0.8379924 0.8379924 0.8379924 0.8379924 0.8043274 0.5918223 0.5562369 0.5562369 0.5562369 0.5562369 0.5562369 0.5562369 0.5562369 0.5562369 0.5562369 0.5562369 0.5562369 0.5562369 0.5562369 0.5562369 0.5562369 0.5562369 0.5562369 0.5562369 0.5562369 0.5562369 0.5562369 0.5562369 0.5562369 0.5562369 0.5562369 0.5562369 0.5562369 0.5562369 0.5562369 0.5562369 0.5562369 0.5562369 0.5562369 0.5562369 0.5562369 0.5562369 0.5562369 0.5562369 0.5562369 0.5562369 0.5939189 1.001293 1.502504 1.733092 1.733092 1.733092 1.733092
0.8825259 0.8825259 0.8825259 0.8825259 0.8825259 0.8825259 0.8825259 0.8825259 0.8825259 0.8825259 0.8825259 0.8825259 0.8825259 0.8825259 0.8755391 0.8549183 0.8389782 0.8379924 0.8379924 0.8379924 0.8379924 0.8379924 0.7634898 0.561516 0.5562369 0.5562369 0.5562369 0.5562369 0.5562369 0.5562369 0.5562369 0.5562369 0.5562369 0.5562369 0.5562369 0.5562369 0.5562369 0.5562369 0.5562369 0.5562369 0.5562369 0.5562369 0.5562369 0.5562369 0.5562369 0.5562369 0.5562369 0.5562369 0.5562369 0.5562369 0.5562369 0.5562369 0.5562369 0.5562369 0.5562369 0.5562369 0.5562369 0.5562369 0.5562369 0.5562369 0.5562369 0.5562369 0.5562369 0.5562369 0.5562369 0.5566668 0.8276284 1.339372 1.725829 1.733092
0.882526 0.8825259 0.8825259 0.8825259 0.8825259 0.8825259 0.8825259 0.8825259 0.8825259 0.8825259 0.8825259 0.8825259 0.8825259 0.8825259 0.8825259 0.8825259 0.8774837 0.857496 0.8399268 0.8379924 0.8379924 0.8379924 0.8379924 0.7258669 0.556352 0.5562369 0.5562369 0.5562369 0.5562369 0.5562369 0.5562369 0.5562369 0.5562369 0.5562369 0.5562369 0.5562369 0.5562369 0.5562369 0.5562369 0.5562369 0.5562369 0.5562369 0.5562369 0.5562369 0.5562369 0.5562369 0.5562369 0.5562369 0.5562369 0.5562369 0.5562369 0.5562369 0.5562369 0.5562369 0.5562369 0.5562369 0.5562369 0.5562369 0.5562369 0.5562369 0.5562369 0.5562369 0.5562369 0.5562369 0.5562369 0.5562369 0.5562369 0.5562369 0.7925155 1.437507
0.8825259 0.8825259 0.8825259 0.8825259 0.8825259 0.8825259 0.8825259 0.8825259 0.8825259 0.8825259 0.8825259 0.8825259 0.8825259 0.8825259 0.8825259 0.8825259 0.8825259 0.8825259 0.8791119 0.8600733 0.8411924 0.8379924 0.8379924 0.8379924 0.6831865 0.5562369 0.5562369 0.5562369 0.5562369 0.5562369 0.5562369 0.5562369 0.5562369 0.5562369 0.5562369 0.5562369 0.5562369 0.5562369 0.5562369 0.5562369 0.5562369 0.5562369 0.5562369 0.5562369 0.5562369 0.5562369 0.5562369 0.5562369 0.5562369 0.5562369 0.5562369 0.5562369 0.5562369 0.5562369 0.5562369 0.5562369 0.5562369 0.5562369 0.5562369 0.5562369 0.5562369 0.5562369 0.5562369 0.5562369 0.5562369 0.5562369 0.5562369 0.5562369 0.6171709 0.7940601
0.8825259 0.8825259 0.882526 0.882526 0.882526 0.882526 0.882526 0.882526 0.882526 0.882526 0.882526 0.882526 0.882526 0.882526 0.882526 0.882526 0.882526 0.882526 0.882526 0.882526 1.032967 1.869671 1.028654 0.8379924 0.8356344 0.7389674 0.6022726 0.5562369 0.5562369 0.5562369 0.5562369 0.5562369 0.5562369 0.5562369 0.5562369 0.5562369 0.5562369 0.5562369 0.5562369 0.5562369 0.5562369 0.5562369 0.5562369 0.5562369 0.5562369 0.5562369 0.5562369 0.5562369 0.5562369 0.5562369 0.5562369 0.5562369 0.5562369 0.5562369 0.5562369 0.5562369 0.5562369 0.5562369 0.5562369 0.5562369 0.5562369 0.5562369 0.594839 0.7631603 0.9419568 1.120707 1.299412 1.478072 1.59584 1.598562
0.8825259 0.8825259 0.8825259 0.8825259 0.8825259 0.8825259 0.8825259 0.8825259 0.8825259 0.8825259 0.8825259 0.8825259 0.8825259 0.8825259 0.8825259 0.8825259 0.8825259 0.8825259 0.8825259 0.9510544 2.44654 2.904946 2.828056 2.000019 1.054294 0.7873982 0.5941631 0.5562369 0.5562369 0.5562369 0.5562369 0.5562369 0.5562369 0.5562369 0.5562369 0.5562369 0.5562369 0.5562369 0.5562369 0.5562369 0.5562369 0.5562369 0.5562369 0.5562369 0.5562369 0.5562369 0.5562369 0.5562369 0.5562369 0.5562369 0.5562369 0.5562369 0.5562369 0.5562369 0.5562369 0.5562369 0.8526962 1.854054 2.885339 3.916373 4.947158 5.905649 5.140796 2.28413 1.598562 1.598562 1.598562 1.598562 1.598562 1.598562
0.8825259 0.8825259 0.8825259 0.8825259 0.8825259 0.8825259 0.8825259 0.8825259 0.8825259 0.8825259 0.8825259 0.8825259 0.8825259 0.8825259 0.8825259 0.8825259 0.8825259 0.8825259 0.8978267 2.2406 2.904946 2.904946 2.904946 2.904946 2.847164 2.343659 2.088611 1.847406 1.606165 1.364887 1.139594 0.9465334 0.7543634 0.5833199 0.5562369 0.5562369 0.5562369 0.5562369 0.5562369 0.5562369 0.5562369 0.5562369 0.5562369 0.5562369 0.5562369 0.5562369 0.5562369 0.5562369 0.5562369 0.5562369 0.739947 1.776286 2.919648 4.043361 5.083664 6.114166 6.848388 6.878532 6.878532 6.878532 6.878532 6.677232 4.872813 2.297601 1.598562 1.598562 1.598562 1.598562 1.598562 1.598562
0.8825259 0.8825259 0.8825259 0.8825259 0.8825259 0.8825259 0.8825259 0.8825259 0.8825259 0.8825259 0.8825259 0.8825259 0.8825259 0.8825259 0.8825259 0.8825259 0.8825259 0.8825259 1.99675 2.904946 2.904946 2.904946 2.904946 2.904946 2.904946 2.904946 2.904946 2.904946 2.904946 2.904946 2.904946 2.904946 3.390724 3.39813 4.160601 4.18655 5.139487 4.664347 4.175607 3.717998 3.318843 2.921 2.52312 2.125203 1.727249 1.480063 2.383848 3.527047 4.669937 5.812521 6.771344 6.878532 6.878532 6.878532 6.878532 6.878532 6.878532 6.878532 6.878532 6.878532 6.878532 6.878532 4.683321 1.717406 1.598562 1.598562 1.598562 1.598562 1.598562 1.598562
0.8825259 0.8825259 0.8825259 0.8825259 0.8825259 0.8825259 0.8825259 0.8825259 0.8825259 0.8825259 0.8825259 0.8825259 0.8825259 0.8825259 0.8825259 0.8825259 0.8825259 1.325704 2.904739 2.904946 2.904946 2.904946 2.904946 2.904946 2.904946 2.904946 2.904946 2.904946 2.904946 2.904946 2.904946 2.904946 5.096098 6.878532 6.833377 6.494027 6.878532 6.878532 6.878532 6.878532 6.878532 6.878532 6.878532 6.878532 6.878532 6.878532 6.878532 6.878532 6.878532 6.878532 6.878532 6.878532 6.878532 6.878532 6.878532 6.878532 6.878532 6.878532 6.878532 6.878532 6.878532 6.878532 6.878532 4.706985 1.952614 1.598562 1.598562 1.598562 1.598562 1.598562
0.8825259 0.8825259 0.8825259 0.8825259 0.8825259 0.8825259 0.8825259 0.8825259 0.8825259 0.8825259 0.8825259 0.8825259 0.8825259 0.8825259 0.8825259 0.8825259 0.8825259 1.674465 2.904946 2.904946 2.904946 2.904946 2.904946 2.904946 2.904946 2.904946 2.904946 2.904946 2.904946 2.904946 2.904946 2.904946 3.531197 4.975231 6.219943 6.878532 6.878532 6.878532 6.878532 6.878532 6.878532 6.878532 6.878532 6.878532 6.878532 6.878532 6.878532 6.878532 6.878532 6.878532 6.878532 6.878532 6.878532 6.878532 6.878532 6.878532 6.878532 6.878532 6.878532 6.878532 6.878532 6.878532 6.878532 6.878532 6.867887 6.247631 5.668889 5.791578 4.945777 3.635125
0.8825259 0.8825259 0.8825259 0.8825259 0.8825259 0.8825259 0.8825259 0.8825259 0.8825259 0.8825259 0.8825259 0.8825259 0.8825259 0.8825259 0.8825259 0.8825259 0.8825259 1.053201 2.721819 2.904946 2.904946 2.904946 2.904946 2.904946 2.904946 2.904946 2.904946 2.904946 2.904946 2.904946 2.904946 2.904946 2.904946 5.362414 6.803064 6.878531 6.878531 6.878531 6.878531 6.878531 6.878531 6.878531 6.878531 6.878531 6.878531 6.878531 6.878531 6.878531 6.878531 6.878531 6.878531 6.878531 6.878531 6.878531 6.878531 6.878531 6.878531 6.878531 6.878531 6.878531 6.878531 6.878531 6.878531 6.878531 6.878531 6.878531 6.878531 6.878531 6.878531 6.878531
0.8825259 0.8825259 0.8825259 0.8825259 0.8825259 0.8825259 0.8825259 0.8825259 0.8825259 0.8825259 0.8825259 0.8825259 0.8825259 0.8825259 0.8825259 0.8825259 0.8825259 0.9056563 1.893546 2.904946 2.904946 2.904946 2.904946 2.904946 2.904946 2.904946 2.904946 2.904946 2.904946 2.904946 2.904946 2.904946 2.904946 5.610605 5.267379 5.195662 6.878531 6.878531 6.878531 6.878531 6.878531 6.878531 6.878531 6.878531 6.878531 6.878531 6.878531 6.878531 6.878531 6.878531 6.878531 6.878531 6.878531 6.878531 6.878531 6.878531 6.878531 6.878531 6.878531 6.878531 6.878531 6.878531 6.878531 6.878531 6.878531 6.878531 6.878531 6.878531 6.878531 6.878531
1.175471 1.510595 0.8825259 0.8825259 1.181366 2.124488 2.430856 1.819604 1.201981 0.8826156 0.9531898 2.023151 2.308556 2.443297 2.5183 2.593298 2.694748 2.87457 2.904946 2.904946 2.904946 2.904946 2.904946 2.904946 2.904946 2.904946 2.904946 2.904946 2.904946 2.904946 2.904946 2.904946 2.904946 2.91473 2.904946 4.005907 6.852058 6.878532 6.878532 6.878532 6.878532 6.878532 6.878532 6.878532 6.878532 6.878532 6.878532 6.878532 6.878532 6.878532 6.878532 6.878532 6.878532 6.878532 6.878532 6.878532 6.878532 6.878532 6.878532 6.878532 6.878532 6.878532 6.878532 6.878532 6.878532 6.878532 6.878532 6.878532 6.878532 6.878532
2.722673 2.893608 2.497446 2.395927 2.883032 2.904946 2.904946 2.904946 2.904946 2.6731 2.707836 2.904946 2.904946 2.904946 2.904946 2.904946 2.904946 2.904946 2.904946 2.904946 2.904946 2.904946 2.904946 2.904946 2.904946 2.904946 2.904946 2.904946 2.904946 2.904946 2.904946 2.904946 2.904946 2.904946 4.24738 6.857263 6.878531 6.878531 6.878531 6.878531 6.878531 6.878531 6.878531 6.878531 6.878531 6.878531 6.878531 6.878531 6.878531 6.878531 6.878531 6.878531 6.878531 6.878531 6.878531 6.878531 6.878531 6.878531 6.878531 6.878531 6.878531 6.878531 6.878531 6.878531 6.878531 6.878531 6.878531 6.878531 6.878531 6.878531
0.9298518 1.695402 2.664942 2.904946 2.904946 2.904946 2.904946 2.904946 2.904946 2.904946 2.904946 2.904946 2.904946 2.904946 2.904946 2.904946 2.904946 2.904946 2.904946 2.904946 2.904946 2.904946 2.904946 2.904946 2.904946 2.904946 2.904946 2.904946 2.904946 2.904946 2.904946 2.904946 2.904946 2.904946 3.391697 5.087988 6.872447 6.878532 6.878532 6.878532 6.878532 6.878532 6.878532 6.878532 6.878532 6.878532 6.878532 6.878532 6.878532 6.878532 6.878532 6.878532 6.878532 6.878532 6.878532 6.878532 6.878532 6.878532 6.878532 6.878532 6.878532 6.878532 6.878532 6.878532 6.878532 6.878532 6.878532 6.878532 6.878532 6.878532
0.8825259 0.8825259 0.9560524 1.932001 2.904946 2.904946 2.904946 2.904946 2.904946 2.904946 2.904946 2.904946 2.904946 2.904946 2.904946 2.904946 2.904946 2.904946 2.904946 2.904946 2.904946 2.904946 2.904946 2.904946 2.904946 2.904946 2.904946 2.904946 2.904946 2.904946 2.904946 2.904946 2.904946 2.904946 4.576565 5.684989 6.742028 6.878532 6.878532 6.878532 6.878532 6.878532 6.878532 6.878532 6.878532 6.878532 6.878532 6.878532 6.878532 6.878532 6.878532 6.878532 6.878532 6.878532 6.878532 6.878532 6.878532 6.878532 6.878532 6.878532 6.878532 6.878532 6.878532 6.878532 6.878532 6.878532 6.878532 6.878532 6.878532 6.878532
