GISdata/Popn density Estonia 2015.asc
ncols         192
nrows         72
xllcorner     21
yllcorner     57
cellsize      0.0416666666667
NODATA_value  -9999
[rows 30 to 59 of 72, columns 69 to 137 of 192]
6.261127 6.261127 5.556707 4.151671 5.222155 6.286742 6.367894 6.585119 6.585217 6.585217 6.585217 6.585217 6.585217 6.585217 6.553288 7.365356 7.214264 5.816118 6.560952 3.560065 4.019883 5.441978 5.189831 2.987315 4.333121 10.04714 10.06945 9.778716 6.949305 4.032573 3.88777 4.424706 8.262778 9.06494 9.95694 10.0091 10.00941 10.06403 10.12646 10.12646 9.920001 7.481859 5.829632 6.447635 6.683136 6.683136 7.582378 10.05239 10.24374 6.806895 5.939342 5.939342 5.939342 6.528948 7.87337 7.050059 5.953874 6.411087 10.10252 70.07588 421.3061 18.9474 10.7213 10.69872 10.69611 10.68941 10.66041 8.207096 5.823963
6.261128 6.261128 5.425749 5.601263 5.282495 4.694685 4.245325 5.532866 5.250568 5.904953 6.714642 6.585217 6.658656 7.228674 8.533628 9.034188 8.942995 8.970469 7.427266 2.945342 2.912352 2.912352 3.044726 4.319086 4.712717 9.697616 6.300264 6.50966 5.280397 5.280397 5.280397 5.280397 5.280397 5.493683 9.055707 7.782174 6.259072 5.50757 5.26143 5.487921 4.582924 4.466616 4.518122 4.751547 6.310789 7.389483 10.22064 10.24374 10.24374 8.997482 14.00922 9.383556 9.220664 10.22557 10.24374 10.24108 9.18921 6.353342 5.981489 6.894461 9.851566 10.72962 10.72955 10.68363 10.6585 10.6585 10.6585 8.976398 7.893435
6.025209 6.259112 4.84848 2.842662 2.842662 2.842662 2.842662 2.842662 2.842662 5.006069 8.557587 8.812469 8.812499 9.034189 9.034189 9.034189 9.034189 9.034189 8.391839 3.733308 2.912352 2.912352 4.456517 5.280397 5.280397 5.514712 5.280397 158.9925 64.41582 5.280397 5.280397 5.280397 5.302608 4.793062 4.611022 4.466616 4.466616 4.466616 4.471828 5.896243 118.9566 5.720618 6.627786 7.416191 7.416191 7.730529 10.10302 10.24374 10.24374 19.47724 382.1856 10.24374 10.24374 10.24374 10.24374 10.24374 7.785003 5.961586 5.961586 5.961586 8.87667 10.67494 10.67239 10.66015 10.6585 10.6585 10.67156 10.84467 10.45354
3.39857 3.830304 2.842662 2.842662 2.842662 2.842662 2.842662 2.842662 2.842662 4.445794 7.981195 9.034188 9.034188 9.034188 9.034188 9.034188 9.000496 8.864166 8.616654 6.576024 2.912352 22.73361 5.326823 5.280396 5.280396 5.280396 5.280396 5.280396 5.280396 5.280396 5.280396 5.280396 6.040896 6.30953 6.021565 5.805101 5.851541 5.788454 6.094208 6.49603 17.29893 7.41619 7.477627 7.4949 7.419233 8.357165 9.165969 7.995423 8.039673 9.362015 10.24374 10.24374 10.24374 10.24374 10.21861 7.451452 5.973498 5.961586 5.961586 5.961586 6.623245 10.07954 10.82561 10.85233 10.70547 10.84045 10.96831 11.34042 11.36536
4.604147 2.85464 2.842662 2.842662 2.842662 2.842662 2.842662 2.842662 2.842662 2.842662 4.431668 9.034189 9.034189 9.034189 9.034189 8.950186 8.144835 7.918946 7.918946 7.889809 6.484117 28.8619 48.63003 6.883199 6.959345 5.365345 5.280397 5.307523 5.920564 5.464568 5.280397 5.8169 6.242029 6.519534 6.519534 6.519534 6.519534 6.519534 7.522512 7.118216 8.375955 9.222319 9.661584 9.91962 8.219753 7.008636 5.754732 5.182304 5.15605 5.171808 8.367323 9.56127 10.24374 10.18642 8.417127 6.071454 5.961586 5.961586 5.961586 5.961586 7.480971 11.00642 11.39514 11.78797 11.37342 11.36519 12.23587 12.99748 12.21809
3.125804 2.916112 2.986266 7.134773 7.654195 4.789572 3.780532 2.896441 2.842662 2.842662 3.679493 24.17338 25.92638 10.4376 10.7007 8.174111 7.918946 7.918946 7.918946 7.918946 7.938694 8.352292 8.482217 8.501752 8.501752 8.448524 8.047519 8.12586 7.660586 5.932461 5.396239 5.464141 6.097232 6.507017 6.302024 6.519534 6.513541 21.46313 92.15921 7.13623 8.649794 10.09594 10.09594 10.09594 10.09594 9.150051 5.939627 5.15605 5.15605 5.15605 5.15605 6.35713 8.599503 6.664374 5.961586 5.961586 5.961586 5.521292 4.675534 4.057777 4.74816 4.16849 6.153471 13.79137 14.66925 13.47062 14.82679 15.84601 15.84601
3.140215 3.236878 5.891311 9.819744 12.00595 12.00595 12.00595 11.32377 6.669244 8.427666 10.80518 13.92115 16.60265 13.90291 14.26487 12.0754 12.40112 12.22246 10.94125 11.95705 8.383485 8.501062 8.501752 8.501752 8.501752 8.501752 8.501752 5.694736 3.661483 3.661483 3.661483 3.661483 4.533779 4.080984 3.728772 4.823046 4.27788 4.38046 6.311138 7.931033 8.210643 10.72957 11.19769 10.461 10.44232 10.05086 6.808821 5.15605 5.15605 5.15605 5.15605 5.15605 5.162514 5.275619 5.035054 3.967976 3.942375 3.513532 3.512239 3.512239 3.512239 3.512239 3.512239 6.855197 15.50277 15.84623 15.84601 15.84601 15.84601
3.140215 3.196196 5.13687 5.961004 11.21171 12.00595 12.00595 12.00595 12.00595 12.00595 12.00595 12.00595 12.00595 12.97849 14.26487 14.26487 14.26487 14.26487 14.26491 19.57938 10.91371 8.856711 8.501752 8.501752 8.501752 8.501752 8.171244 4.509542 3.652359 3.661483 3.661483 3.653022 3.659427 3.661483 3.661483 3.661483 3.661483 3.692729 14.29124 16.67652 14.77281 12.1641 12.1641 12.1733 12.67186 13.81984 13.91329 14.87668 13.60432 7.822594 5.15605 5.15605 5.15605 5.15605 5.100706 5.523118 8.185097 5.598653 5.696486 3.661054 3.512239 3.512239 3.513838 11.47155 21.45385 23.49678 20.54934 16.41981 15.84601
5.023408 5.473363 5.736121 5.736121 9.262333 11.63985 12.00595 12.00595 12.00595 12.00595 12.00595 12.00595 12.00595 65.07063 865.8459 1131.382 660.5245 43.79154 273.8099 77.40427 14.95398 14.07956 13.16383 12.96978 13.87675 14.82148 10.83508 2.907337 2.907732 3.010895 3.117648 2.956323 2.961634 3.182403 6.073764 10.0889 8.107686 6.033404 15.77505 16.70199 22.99769 135.4903 13.39415 14.79066 16.04546 16.04546 16.04546 16.04546 16.04546 14.6245 7.532976 5.15605 5.15605 5.15605 7.162135 10.26869 11.66733 13.39579 13.39579 12.64369 10.50912 10.83387 13.10071 21.05532 24.12645 24.12645 24.12645 1313.04 1501.639
5.31459 5.736121 5.736121 5.736121 5.736121 8.029033 10.94111 11.41871 12.00595 12.00595 12.00595 -9999 -9999 -9999 1312.836 1312.836 881.0272 147.9355 15.95997 15.92462 15.59154 11.92361 11.17611 9.61873 11.26854 13.82998 8.553346 2.904549 2.904549 2.904549 2.904549 2.904549 2.904549 2.904549 2.905534 14.45023 16.70199 16.70199 16.70199 16.70199 618.4868 810.3126 94.99635 16.04546 16.04546 16.04546 13.58538 12.37275 11.2359 15.35216 16.04546 -9999 -9999 -9999 10.48273 10.48273 10.72891 12.65675 13.39579 13.39579 13.39579 13.40274 17.79256 23.24089 23.44477 31.08065 43.58004 1321.077 2048.32
5.736121 5.736121 5.736121 5.736121 5.736121 5.736121 5.736121 5.902331 7.005528 11.46999 -9999 -9999 -9999 -9999 -9999 -9999 18.21105 17.57786 15.87721 12.093 3.419187 2.736877 2.696434 2.696434 2.696434 2.696434 2.893833 4.121615 4.029934 3.803687 3.638297 2.912216 2.904549 2.904549 2.919439 7.976348 15.54608 16.70199 16.70199 16.70199 27.38964 14.16366 13.73185 12.95704 13.54915 12.79625 10.25111 9.606556 9.606556 9.608747 -9999 -9999 -9999 -9999 10.48273 10.48273 10.53968 12.40556 12.80777 12.45723 12.68411 14.54901 19.97767 20.3999 21.63663 43.42832 51.81753 51.81753 50.49501
-9999 -9999 -9999 5.736121 5.736121 5.736121 5.736121 5.736121 8.607162 12.00595 -9999 -9999 -9999 -9999 18.21105 18.21105 18.21105 17.92238 7.84877 2.707447 2.696434 2.696434 2.696434 2.696434 3.290931 3.852006 3.980787 4.318368 4.323895 4.323895 4.323895 4.120821 3.957933 4.590995 5.980613 5.975907 6.318038 11.75305 13.94116 9.539737 10.10161 11.4382 11.4382 11.4382 11.25053 10.38887 9.667647 9.606556 9.606556 9.606556 9.606556 -9999 -9999 -9999 10.48273 10.48273 10.48477 11.64955 12.08725 12.08725 12.08725 16.43106 20.38882 20.38882 20.38882 21.52177 33.47294 41.02251 38.83837
-9999 -9999 -9999 -9999 5.736121 5.736121 5.736121 -9999 -9999 -9999 -9999 -9999 -9999 -9999 18.21105 18.03109 13.24347 8.036858 2.696434 2.696434 2.696434 2.696434 2.696434 2.696434 3.775178 4.323895 4.323895 4.323895 4.323895 4.323895 4.323895 4.323895 4.447817 6.281707 6.343197 6.343197 6.343197 6.343197 6.343197 6.343197 8.656268 11.38355 11.43827 10.92162 9.685188 9.606556 9.606556 9.606556 9.606556 9.606556 9.606556 9.606556 -9999 10.48273 10.91948 10.6046 10.48273 11.2576 12.17816 13.89316 217.663 290.3436 20.66813 19.66138 17.882 15.53097 12.43824 12.23752 12.23752
27.39364 27.39364 27.39364 -9999 -9999 5.736121 5.736121 5.736121 -9999 -9999 -9999 -9999 -9999 18.21105 18.21105 18.21105 11.28045 5.024437 2.807349 2.696434 2.696434 2.696434 2.696434 2.822064 3.904772 4.323895 4.323895 4.323895 4.323895 4.440105 5.370324 7.417255 6.934717 6.39468 6.343197 6.343197 6.343197 6.343197 6.343197 6.441184 7.700912 11.27273 11.62494 10.32944 9.606556 9.606556 9.606556 9.606556 9.606556 9.606556 9.606556 9.606556 -9999 16.45838 16.20128 16.32897 15.74979 16.29453 16.62387 16.96011 16.99548 20.00333 20.38882 15.52399 12.23752 12.23752 12.06294 11.72125 11.38952
-9999 27.39364 27.39364 27.39364 -9999 -9999 -9999 -9999 -9999 -9999 -9999 -9999 -9999 -9999 12.68136 10.78556 8.584463 7.602125 4.536746 3.111843 3.16624 3.091037 3.823623 4.186887 8.216086 81.02159 103.0043 4.323895 4.323895 5.269567 8.120948 8.788439 8.788439 8.686589 8.116492 7.28209 7.05049 7.314645 8.794248 11.39129 11.6288 11.6288 11.6288 10.63887 9.691472 9.606557 9.606557 8.880776 8.661766 9.606557 9.606557 9.606556 9.606556 17.11551 17.11551 17.11551 17.11551 16.7021 14.99894 10.94169 8.963279 14.64748 11.50897 8.700971 9.312671 11.53705 11.95685 10.43258 9.262129
-9999 27.39364 27.39364 27.39364 -9999 -9999 -9999 -9999 -9999 -9999 -9999 -9999 -9999 -9999 7.602125 7.602125 7.602125 7.602125 6.44704 4.071404 3.556359 3.557407 3.719842 4.162326 4.323895 4.323895 4.323895 4.847643 7.348168 8.126947 9.026525 96.14056 8.788439 8.788439 8.788439 8.788439 8.788439 8.88768 11.13947 11.6288 11.6288 11.6288 11.6288 11.6288 11.02345 9.616342 9.421863 7.213882 6.547325 8.246943 7.995018 7.00351 7.287401 9.282629 9.442981 10.24069 10.58527 10.03394 8.303425 8.801665 10.58349 11.07353 10.9899 12.04625 11.20806 10.07007 10.42753 10.40434 9.986113
-9999 -9999 -9999 -9999 -9999 -9999 -9999 -9999 -9999 -9999 -9999 -9999 -9999 -9999 7.602125 7.602125 7.602125 7.602125 7.602125 7.238092 4.335434 3.556359 3.628583 4.154521 4.241343 4.199349 4.323895 5.751416 8.784266 8.78844 8.788439 8.788439 8.788439 8.788439 8.788439 8.78844 8.788439 9.572465 11.56894 11.6288 11.6288 11.6288 11.6288 11.6288 10.83458 7.938608 6.699569 6.557651 6.538814 6.539548 6.573343 6.536586 7.827274 8.379376 8.379376 8.379376 8.379376 8.379376 8.378509 10.65102 16.62739 16.64376 16.64376 16.64376 15.92563 10.54129 10.40434 10.40434 10.39743
-9999 -9999 -9999 -9999 -9999 -9999 -9999 -9999 -9999 -9999 -9999 -9999 -9999 7.602125 7.602125 7.602125 7.602125 7.602125 7.602125 7.600355 4.384578 3.556359 3.556359 3.556359 3.556359 3.771593 4.323895 4.323895 5.024703 -9999 -9999 -9999 8.788439 8.788439 8.788439 8.78844 8.788439 8.916596 10.99138 11.6288 11.6288 11.11512 8.194969 8.292174 7.240228 7.085429 7.080707 7.060003 32.48474 113.6891 7.028516 7.008789 7.991961 8.379377 8.31153 8.206522 8.668499 8.726404 10.79038 16.33805 16.64376 16.64376 16.64376 16.64376 16.19461 11.12656 10.50239 10.45686 10.44783
-9999 -9999 -9999 -9999 -9999 -9999 -9999 -9999 -9999 -9999 -9999 -9999 7.602125 7.602125 7.602125 7.602125 7.602125 7.602125 7.602125 6.849352 3.567178 3.556359 3.556359 3.556359 3.556359 3.556359 -9999 -9999 -9999 -9999 -9999 -9999 -9999 8.78844 8.788439 -9999 -9999 11.6288 11.6288 11.6288 11.6288 10.31632 7.146871 7.085429 7.085429 7.085429 7.085429 7.085429 41.94083 76.11066 7.069245 6.713344 7.612813 6.871711 4.958611 4.962875 7.112272 8.942386 8.987247 10.02224 14.57863 16.02054 16.64376 16.64376 15.90748 10.58985 10.53047 10.53047 10.53047
-9999 -9999 -9999 -9999 -9999 -9999 -9999 -9999 -9999 -9999 -9999 -9999 7.602125 7.602125 7.602125 7.602126 7.602125 7.602125 7.602126 3.785954 3.556359 -9999 -9999 -9999 -9999 -9999 -9999 -9999 -9999 -9999 -9999 -9999 -9999 -9999 -9999 -9999 -9999 -9999 -9999 -9999 7.085429 7.106824 7.085429 7.085429 7.085429 7.085429 7.085429 6.872826 6.002351 5.854808 5.682916 5.679838 5.486982 4.901576 4.933167 4.900465 5.976134 8.942385 8.942385 8.942385 9.009396 12.11615 11.76118 10.65653 9.992552 9.903116 10.10433 10.10419 10.14461
-9999 -9999 -9999 -9999 -9999 -9999 -9999 -9999 -9999 -9999 -9999 7.602125 7.602125 7.602125 7.602125 -9999 -9999 -9999 -9999 -9999 -9999 -9999 -9999 -9999 -9999 -9999 -9999 -9999 -9999 -9999 -9999 -9999 -9999 -9999 -9999 -9999 -9999 -9999 -9999 -9999 -9999 -9999 7.085429 7.085429 7.08543 6.975358 6.086236 5.749806 5.679838 5.679838 5.679838 5.679838 5.862598 7.935694 6.589101 5.89919 7.322247 8.843512 8.89239 8.928629 9.075549 9.384076 9.384913 9.384913 9.384913 9.384913 9.44025 9.513491 9.569899
-9999 -9999 -9999 -9999 -9999 -9999 -9999 -9999 -9999 -9999 -9999 7.602125 7.602125 7.602125 -9999 -9999 -9999 -9999 -9999 -9999 -9999 -9999 -9999 -9999 -9999 -9999 -9999 -9999 -9999 -9999 -9999 -9999 -9999 -9999 -9999 -9999 -9999 -9999 -9999 -9999 -9999 -9999 -9999 -9999 -9999 -9999 5.679838 5.679838 5.679838 5.679838 5.679838 5.679838 7.472525 8.686778 8.686778 8.686778 8.686778 8.686778 8.687132 8.687304 8.822481 13.19704 13.90954 13.83561 12.82254 10.42101 9.786718 9.5701 9.5701
-9999 -9999 -9999 -9999 -9999 -9999 -9999 -9999 -9999 -9999 -9999 -9999 -9999 -9999 -9999 -9999 -9999 -9999 -9999 -9999 -9999 -9999 -9999 -9999 -9999 -9999 -9999 -9999 -9999 -9999 -9999 -9999 -9999 -9999 -9999 -9999 -9999 -9999 -9999 -9999 -9999 -9999 -9999 -9999 -9999 -9999 -9999 -9999 -9999 -9999 -9999 190.2061 95.64432 41.30051 5.69432 6.621551 7.988121 6.221065 5.61903 7.021484 7.060073 12.99896 14.43185 14.43185 14.43185 14.43185 13.01044 9.583868 10.59349
-9999 -9999 -9999 -9999 -9999 -9999 -9999 -9999 -9999 -9999 -9999 -9999 -9999 -9999 -9999 -9999 -9999 -9999 -9999 -9999 -9999 -9999 -9999 -9999 -9999 -9999 -9999 -9999 -9999 -9999 -9999 -9999 -9999 -9999 -9999 -9999 -9999 -9999 -9999 -9999 -9999 -9999 -9999 -9999 -9999 -9999 -9999 -9999 -9999 -9999 -9999 739.6213 739.6213 408.8245 4.256316 4.256316 4.3117 4.297389 4.256316 4.256316 4.256316 5.188656 6.545526 14.43185 14.43185 14.43185 14.40788 13.88786 14.04197
-9999 -9999 -9999 -9999 -9999 -9999 -9999 -9999 -9999 -9999 -9999 -9999 -9999 -9999 -9999 -9999 -9999 -9999 -9999 -9999 -9999 -9999 -9999 -9999 -9999 -9999 -9999 -9999 -9999 -9999 -9999 -9999 -9999 -9999 -9999 -9999 -9999 -9999 -9999 -9999 -9999 -9999 -9999 -9999 -9999 -9999 -9999 -9999 -9999 -9999 -9999 -9999 -9999 -9999 4.256316 4.259847 4.265184 4.268798 4.269047 4.262205 4.256316 4.641825 11.77582 14.43185 14.43185 14.43185 14.43185 13.66578 7.695564
-9999 -9999 -9999 -9999 -9999 -9999 -9999 -9999 -9999 -9999 -9999 -9999 -9999 -9999 -9999 -9999 -9999 -9999 -9999 -9999 -9999 -9999 -9999 -9999 -9999 -9999 -9999 -9999 -9999 -9999 -9999 -9999 -9999 -9999 -9999 -9999 -9999 -9999 -9999 -9999 -9999 -9999 -9999 -9999 -9999 -9999 -9999 -9999 -9999 -9999 -9999 -9999 -9999 -9999 -9999 4.27026 4.27026 4.27026 4.27026 4.268996 4.257037 4.256316 5.164775 11.3224 10.4673 9.758451 7.696082 7.251983 6.826914
-9999 -9999 -9999 -9999 -9999 -9999 -9999 -9999 -9999 -9999 -9999 -9999 -9999 -9999 -9999 -9999 -9999 -9999 -9999 -9999 -9999 -9999 -9999 -9999 -9999 -9999 -9999 -9999 -9999 -9999 -9999 -9999 -9999 -9999 -9999 -9999 -9999 -9999 -9999 -9999 -9999 -9999 -9999 -9999 -9999 -9999 -9999 -9999 -9999 -9999 -9999 -9999 -9999 -9999 -9999 -9999 4.27026 4.27026 4.27026 4.27026 4.266379 4.366283 5.101383 5.414425 5.414425 5.933134 6.823902 6.824694 6.824694
-9999 -9999 -9999 -9999 -9999 -9999 -9999 -9999 -9999 -9999 -9999 -9999 -9999 -9999 -9999 -9999 -9999 -9999 -9999 -9999 -9999 -9999 -9999 -9999 -9999 -9999 -9999 -9999 -9999 -9999 -9999 -9999 -9999 -9999 -9999 -9999 -9999 -9999 -9999 -9999 -9999 -9999 -9999 -9999 -9999 -9999 -9999 -9999 -9999 -9999 -9999 -9999 -9999 -9999 -9999 -9999 4.27026 4.27026 4.27026 4.27026 4.27026 4.280453 4.798221 5.414425 5.414425 5.447759 5.827857 6.809082 6.824693
-9999 -9999 -9999 -9999 -9999 -9999 -9999 -9999 -9999 -9999 -9999 -9999 -9999 -9999 -9999 -9999 -9999 -9999 -9999 -9999 -9999 -9999 -9999 -9999 -9999 -9999 -9999 -9999 -9999 -9999 -9999 -9999 -9999 -9999 -9999 -9999 -9999 -9999 -9999 -9999 -9999 -9999 -9999 -9999 -9999 -9999 -9999 -9999 -9999 -9999 -9999 -9999 -9999 -9999 -9999 -9999 -9999 -9999 4.27026 4.27026 4.27026 4.27026 5.245224 5.414425 5.414425 5.414425 5.456163 5.733933 5.685761
-9999 -9999 -9999 -9999 -9999 -9999 -9999 -9999 -9999 -9999 -9999 -9999 -9999 -9999 -9999 -9999 -9999 -9999 -9999 -9999 -9999 -9999 -9999 -9999 -9999 -9999 -9999 -9999 -9999 -9999 -9999 -9999 -9999 -9999 -9999 -9999 -9999 -9999 -9999 -9999 -9999 -9999 -9999 -9999 -9999 -9999 -9999 -9999 -9999 -9999 -9999 -9999 -9999 -9999 -9999 -9999 -9999 -9999 -9999 -9999 -9999 -9999 5.414425 5.414425 5.414425 5.414425 5.414425 -9999 -9999
