GISdata/Popn density Latvia 2015.asc
ncols         216
nrows         96
xllcorner     20
yllcorner     55
cellsize      0.0416666666667
NODATA_value  -9999
[rows 58 to 86 of 96, columns 132 to 197 of 216]
9.389008 9.439289 9.583741 9.743999 9.743999 10.0475 11.47151 11.28326 11.28326 10.79266 9.553673 10.07159 15.2858 16.25411 14.56382 8.615166 7.629159 7.629159 7.629159 6.530783 4.710783 3.623796 3.623796 3.623796 3.623796 3.82682 8.488145 10.07644 9.94643 9.79736 9.153417 9.767929 11.98181 43.27661 269.0836 17.66368 18.42412 16.97159 14.7138 13.75887 15.89833 19.49034 21.76482 26.43713 26.51252 26.51252 19.54388 14.0504 13.47797 12.33637 8.020079 8.171547 181.1497 261.2175 8.502681 8.649559 11.16705 12.31111 8.526083 3.054004 2.772941 2.772941 2.772941 2.772941 -9999 -9999
8.44891 9.369732 9.740304 9.743998 12.24991 15.96671 16.27696 27.52818 656.5594 541.2382 102.6281 18.45758 18.51776 16.9143 15.84373 10.96225 7.89041 7.64462 7.81302 6.282811 3.869604 3.623796 3.623796 3.623796 3.623796 3.623796 5.114437 8.117285 8.075948 8.178765 9.646337 14.23826 17.86109 29.36965 72.14788 17.40568 17.87948 19.39676 19.3968 19.3968 19.38979 20.96318 21.50296 921.7444 1624.151 47.86706 22.09234 19.66579 8.847232 8.254056 7.838757 7.871512 153.3844 196.9843 8.8847 8.933558 10.19741 11.38453 12.11226 7.859526 4.218083 2.78824 2.772941 2.772941 -9999 -9999
5.45413 5.674342 8.62972 11.57086 17.14318 17.62355 17.62355 33.08649 667.1436 328.132 14.47517 15.86151 17.59407 14.55997 10.70088 10.69728 8.336073 8.05258 8.125992 7.903383 5.636678 3.942352 5.64259 7.616913 7.618737 6.604705 7.49763 11.69945 10.28021 11.40377 13.98944 14.17921 14.74196 15.68814 16.19226 17.44652 17.52883 18.66687 19.31553 19.34601 20.96012 21.80147 21.83312 331.324 546.6153 23.74486 23.74515 23.06313 9.605037 8.699817 7.832814 7.831393 8.165912 8.0034 8.085464 8.895515 9.026525 9.1781 10.73041 9.189816 6.572782 5.256835 5.511355 5.864287 5.910748 -9999
3.561408 3.270492 6.614704 17.25694 17.62355 17.62355 17.62355 14.54558 7.982393 7.729879 7.729879 7.729879 7.897771 9.274416 10.67088 10.06723 8.48487 8.125992 8.125992 8.125992 8.041373 8.068726 8.229146 8.229146 8.229146 8.194668 9.771667 10.80923 12.10357 14.25419 14.6336 14.37645 13.93047 14.17128 18.63023 19.18145 19.23519 19.22398 19.23954 19.29411 21.96774 22.02646 22.01866 18.03096 14.24154 12.87408 13.29076 13.15359 12.81346 12.2158 8.762953 7.814798 7.719106 7.231032 7.142187 8.473238 8.611733 6.90576 5.95294 5.897467 5.948323 5.91653 5.910748 5.910748 5.910748 -9999
2.807339 2.807339 2.807339 7.71328 17.03493 17.60173 17.62355 15.59707 6.061097 4.786013 6.21811 6.589247 7.56148 7.91328 8.23152 8.099162 8.125992 8.125992 8.125992 8.125992 8.126572 8.170836 8.166665 8.459649 8.936446 9.043882 10.2784 10.28612 10.79364 12.23647 14.60846 14.82187 12.35577 10.96539 16.23921 19.23954 19.23954 19.23954 19.23954 19.23954 20.05904 20.6787 21.17501 18.19028 11.96022 11.49537 11.49537 11.49537 11.53646 12.98662 12.82936 8.342332 7.556223 6.196754 5.964085 6.030755 5.900167 5.831164 5.831164 5.864574 7.15525 6.994969 107.9282 40.7697 6.519802 -9999
2.807339 184.0484 2.807339 2.807339 3.458929 6.23499 9.260002 5.288551 4.416368 4.434681 5.404063 6.223929 7.137468 8.054767 8.002645 179.0538 663.0608 8.580662 8.145661 8.125993 8.125993 8.13712 8.282168 8.752323 9.967041 10.27715 10.59062 12.07457 14.82012 14.99498 14.99498 14.99456 9.758643 8.740624 8.76713 15.60887 14.8441 13.13513 24.04353 31.35297 29.89506 28.26281 21.2228 18.75101 13.49011 10.9526 11.49537 10.95698 10.05183 10.42656 10.73076 10.44734 7.807544 5.964086 5.964086 5.891245 5.807061 5.831479 5.903304 5.959646 6.267292 6.84263 7.284384 7.310665 7.310666 -9999
3.598718 3.799318 3.588851 2.884717 2.964089 3.850997 4.416367 4.4551 5.095473 6.050869 6.990281 8.293221 9.728371 9.586228 8.423656 8.002645 9.016304 9.252235 8.989232 8.169663 8.410062 9.703765 9.832913 9.832913 9.832913 9.876085 12.47054 13.7247 90.3868 342.0244 14.9822 12.95229 10.89466 8.803587 8.820488 8.834144 8.866998 8.866998 29.65855 41.87512 42.09223 42.09223 37.50035 16.643 10.49968 5.737734 7.683 8.981022 9.391702 9.391702 9.391702 9.391702 8.99749 6.426105 5.88608 5.550466 5.551923 5.921052 5.922759 5.795022 5.750364 6.855783 7.215869 6.636924 6.448634 5.809156
6.218934 5.385186 5.385186 4.160315 4.312639 4.416367 4.805867 6.374619 6.839536 7.716012 8.817612 9.95453 9.958499 9.958499 9.801335 8.517896 8.44854 9.252235 9.252235 8.404519 8.337067 10.02469 10.26566 10.23741 10.19551 9.666039 9.695744 10.27529 14.25443 314.405 13.83273 10.2821 8.886943 8.886943 8.886943 8.882853 8.869054 8.866998 8.866998 28.01519 20.64724 13.92599 7.567884 5.596817 5.487634 5.487634 5.487634 5.601727 7.588434 9.350812 9.391702 9.377701 7.869452 5.399229 5.399229 5.399229 5.447873 5.674325 5.483813 5.329579 5.329579 5.55272 5.795106 5.809156 5.809156 5.809156
7.42551 5.929845 5.385186 5.385186 5.119226 4.943316 5.539414 5.805672 6.609622 8.293226 8.171579 8.9024 8.682914 9.43743 8.272727 8.027534 8.534502 9.010158 9.247015 8.627917 8.08768 8.373279 9.589278 10.38613 10.34685 9.80127 9.451741 9.383904 10.5275 11.0936 10.66826 9.908352 9.00826 8.886943 8.886943 8.886041 8.874051 8.866997 8.668933 8.217689 8.168589 8.173757 7.756664 6.742081 5.886222 5.534982 6.034914 6.934757 7.465115 8.10027 8.532153 8.385441 7.090399 5.442461 5.399228 5.391247 5.339469 5.329579 5.329579 5.329579 5.380774 5.393023 5.639526 5.809156 5.809156 5.809156
8.136983 7.802949 5.741426 5.35875 5.149012 18.35868 5.175592 5.115935 6.765908 7.838455 7.99878 8.000257 8.000257 8.000645 8.020415 8.027534 8.023946 7.835325 8.32212 9.673121 10.39296 9.825722 9.198376 9.098048 8.939114 9.482953 9.851519 9.462748 10.10815 10.16294 10.12928 10.04217 9.108883 8.886943 8.901217 10.02969 9.205537 9.168949 8.722743 8.78814 8.879732 8.894682 8.80505 10.60674 11.29202 10.83345 11.03391 8.444068 7.917091 7.918364 8.171217 8.327144 8.327144 7.90291 7.578428 6.498078 5.516017 5.565655 5.654632 5.680466 5.790649 5.775833 5.808523 5.809156 5.809156 -9999
8.136983 5.596657 5.385186 5.249158 5.115935 62.02 50.93593 5.861287 6.709208 7.575118 7.64868 7.979862 8.000256 8.000256 8.008209 7.715834 6.896996 6.574488 6.939836 7.560095 10.8274 10.90372 10.90372 10.90389 9.019497 12.76654 9.930529 11.45423 11.49948 10.6913 10.76742 12.20282 11.55415 10.83829 15.66399 19.24726 19.12017 19.07093 17.11739 9.160134 8.920434 8.925381 8.978883 9.688302 11.29373 11.29373 11.29182 9.86062 8.088986 9.174306 10.63616 8.396686 7.744588 6.670676 6.812345 5.984182 5.795561 5.874853 5.846399 5.795698 5.795809 5.80446 5.809156 5.809156 -9999 -9999
-9999 -9999 -9999 -9999 10.60587 14.87437 15.86018 15.371 8.997706 6.389268 7.568494 7.607952 7.755626 8.008208 10.30353 10.05622 10.37533 6.674791 6.574488 6.929169 10.39071 10.11488 13.54725 14.01278 14.64663 14.64663 14.65453 15.37483 15.21197 14.04171 19.61419 24.4239 24.16977 19.51507 19.22553 19.24726 19.24726 18.12087 16.53664 10.75807 9.77704 10.439 11.15613 11.24007 9.841342 9.424726 9.605058 11.84897 209.0435 33.22987 11.49153 8.456517 6.477786 5.900868 5.934356 6.185574 6.384461 6.525026 6.502822 6.198015 5.795698 5.795698 -9999 -9999 -9999 -9999
-9999 -9999 -9999 -9999 15.86018 15.86018 15.86018 15.04293 6.574239 3.752396 5.066432 4.275737 4.572033 11.63315 13.10642 13.10642 10.55343 8.183977 7.369566 6.89775 8.63874 9.549596 13.17981 13.55777 13.99511 14.64663 14.6825 15.43433 16.80387 23.10889 24.78263 24.46184 16.19186 12.17035 15.42139 15.45702 13.39103 11.70737 11.03097 10.34748 10.33038 10.33215 10.33389 10.33798 9.657611 8.45834 8.4731 8.705185 13.58384 11.21562 7.976955 7.132905 5.734816 6.261941 6.551482 6.525026 6.525026 6.525026 6.525026 -9999 -9999 -9999 -9999 -9999 -9999 -9999
-9999 -9999 -9999 -9999 -9999 -9999 -9999 3.71336 3.71336 47.45032 32.44352 8.617045 11.91468 13.1194 13.10642 12.87085 10.48169 10.22581 10.22581 10.06233 8.751646 9.431353 11.92825 13.21331 13.3457 13.87045 14.68429 15.8392 18.90238 19.96435 23.19883 20.25568 12.19228 12.13462 12.13678 11.79044 11.55511 11.59926 10.55764 10.28045 10.13399 10.14952 10.18402 9.585249 7.956067 7.423744 7.500206 8.176401 8.229411 8.068438 8.084264 8.129712 7.066081 6.671705 6.665775 6.64894 6.52995 -9999 -9999 -9999 -9999 -9999 -9999 -9999 -9999 -9999
-9999 -9999 -9999 -9999 -9999 -9999 -9999 -9999 -9999 80.22733 15.12773 14.83237 14.83237 14.47435 13.96233 11.17628 10.22581 10.22581 53.06421 164.5919 46.2961 9.786324 9.480367 11.42586 11.80974 12.50189 20.70582 21.31545 19.53419 26.78283 21.58976 12.78335 12.79213 12.78296 12.72263 12.61036 12.46094 12.63369 13.38559 11.2465 10.51721 9.987532 9.323509 8.232289 7.410545 7.410545 7.410545 7.995047 8.502616 8.449168 8.381928 8.495999 8.233392 7.393303 6.676898 6.676898 -9999 -9999 -9999 -9999 -9999 -9999 -9999 -9999 -9999 -9999
-9999 -9999 -9999 -9999 -9999 -9999 -9999 -9999 -9999 -9999 -9999 -9999 14.83237 14.83237 14.82458 14.21088 12.98759 12.89598 12.52942 10.96941 10.84341 10.79116 83.44158 173.4791 9.402349 479.3212 710.5297 47.84037 45.90925 46.7649 47.82991 35.82077 31.7486 31.40323 26.465 13.03776 13.29737 14.80572 14.93029 14.90298 12.1128 9.755211 9.551862 8.144695 7.949236 7.975551 8.221411 8.999014 8.670963 8.836175 8.519229 8.515594 8.502616 8.502616 -9999 -9999 -9999 -9999 -9999 -9999 -9999 -9999 -9999 -9999 -9999 -9999
-9999 -9999 -9999 -9999 -9999 -9999 -9999 -9999 -9999 -9999 -9999 -9999 -9999 14.73973 13.91886 13.84358 13.84358 13.84358 11.80329 10.84341 10.84341 12.63795 178.3315 1164.936 1269.653 1524.791 1054.815 34.44963 14.91445 31.15702 33.6833 17.50239 36.63979 11.77168 14.10871 14.93029 14.21532 11.20187 14.37719 333.727 552.4523 9.53252 9.023982 8.64163 8.63977 8.63977 9.018758 11.21932 11.44568 11.45659 11.39723 11.37306 -9999 -9999 -9999 -9999 -9999 -9999 -9999 -9999 -9999 -9999 -9999 -9999 -9999 -9999
-9999 -9999 -9999 -9999 -9999 -9999 -9999 -9999 -9999 -9999 -9999 -9999 -9999 -9999 -9999 13.84358 13.84358 13.84358 13.82736 12.23977 14.34725 16.21932 38.85945 466.9545 1062.207 721.3662 493.6089 60.51999 14.11592 14.11592 11.36906 10.08705 9.673224 8.221459 7.77053 7.847027 6.818635 6.258915 6.319415 6.258915 7.531776 7.772492 7.141319 7.678897 8.651169 9.037443 10.42471 11.45659 11.45659 11.45659 11.45659 11.45659 -9999 -9999 -9999 -9999 -9999 -9999 -9999 -9999 -9999 -9999 -9999 -9999 -9999 -9999
-9999 -9999 -9999 -9999 -9999 -9999 -9999 -9999 -9999 -9999 -9999 -9999 -9999 -9999 -9999 -9999 -9999 12.06821 11.00752 11.1389 12.37021 35.60262 38.66277 31.85112 25.0134 21.60331 24.70086 18.1411 16.63252 16.07198 10.39333 10.04557 7.520981 7.204281 7.204281 6.882119 6.258915 6.258915 6.258914 -9999 6.258915 6.258915 6.258915 6.258915 7.55884 11.05241 11.05288 11.12943 11.25946 11.24418 11.10043 11.16576 -9999 -9999 -9999 -9999 -9999 -9999 -9999 -9999 -9999 -9999 -9999 -9999 -9999 -9999
-9999 -9999 -9999 -9999 -9999 -9999 -9999 -9999 -9999 -9999 -9999 -9999 -9999 -9999 -9999 -9999 -9999 10.49537 10.49537 10.49537 10.49537 15.53478 16.79535 17.40636 11.38512 11.2428 11.2731 12.22615 14.86587 16.88983 16.61872 9.976615 7.20428 7.204281 7.204281 -9999 -9999 -9999 -9999 -9999 -9999 -9999 6.258915 6.258915 -9999 -9999 -9999 11.05241 11.05241 11.05241 11.05241 -9999 -9999 -9999 -9999 -9999 -9999 -9999 -9999 -9999 -9999 -9999 -9999 -9999 -9999 -9999
-9999 -9999 -9999 -9999 -9999 -9999 -9999 -9999 -9999 -9999 -9999 -9999 -9999 -9999 -9999 -9999 -9999 -9999 -9999 10.49537 10.49537 10.49537 10.50335 11.15267 11.2428 11.2428 11.2428 11.2428 11.2428 12.48425 16.96793 14.00866 9.941993 7.204281 -9999 -9999 -9999 -9999 -9999 -9999 -9999 -9999 -9999 -9999 -9999 -9999 -9999 -9999 -9999 -9999 -9999 -9999 -9999 -9999 -9999 -9999 -9999 -9999 -9999 -9999 -9999 -9999 -9999 -9999 -9999 -9999
-9999 -9999 -9999 -9999 -9999 -9999 -9999 -9999 -9999 -9999 -9999 -9999 -9999 -9999 -9999 -9999 -9999 -9999 -9999 -9999 -9999 10.49537 10.49537 11.15867 11.2428 11.2428 11.2428 11.2428 11.2428 11.44745 16.92528 17.16108 17.16108 -9999 -9999 -9999 -9999 -9999 -9999 -9999 -9999 -9999 -9999 -9999 -9999 -9999 -9999 -9999 -9999 -9999 -9999 -9999 -9999 -9999 -9999 -9999 -9999 -9999 -9999 -9999 -9999 -9999 -9999 -9999 -9999 -9999
-9999 -9999 -9999 -9999 -9999 -9999 -9999 -9999 -9999 -9999 -9999 -9999 -9999 -9999 -9999 -9999 -9999 -9999 -9999 -9999 -9999 -9999 -9999 -9999 -9999 -9999 -9999 -9999 -9999 -9999 -9999 -9999 -9999 -9999 -9999 -9999 -9999 -9999 -9999 -9999 -9999 -9999 -9999 -9999 -9999 -9999 -9999 -9999 -9999 -9999 -9999 -9999 -9999 -9999 -9999 -9999 -9999 -9999 -9999 -9999 -9999 -9999 -9999 -9999 -9999 -9999
-9999 -9999 -9999 -9999 -9999 -9999 -9999 -9999 -9999 -9999 -9999 -9999 -9999 -9999 -9999 -9999 -9999 -9999 -9999 -9999 -9999 -9999 -9999 -9999 -9999 -9999 -9999 -9999 -9999 -9999 -9999 -9999 -9999 -9999 -9999 -9999 -9999 -9999 -9999 -9999 -9999 -9999 -9999 -9999 -9999 -9999 -9999 -9999 -9999 -9999 -9999 -9999 -9999 -9999 -9999 -9999 -9999 -9999 -9999 -9999 -9999 -9999 -9999 -9999 -9999 -9999
-9999 -9999 -9999 -9999 -9999 -9999 -9999 -9999 -9999 -9999 -9999 -9999 -9999 -9999 -9999 -9999 -9999 -9999 -9999 -9999 -9999 -9999 -9999 -9999 -9999 -9999 -9999 -9999 -9999 -9999 -9999 -9999 -9999 -9999 -9999 -9999 -9999 -9999 -9999 -9999 -9999 -9999 -9999 -9999 -9999 -9999 -9999 -9999 -9999 -9999 -9999 -9999 -9999 -9999 -9999 -9999 -9999 -9999 -9999 -9999 -9999 -9999 -9999 -9999 -9999 -9999
-9999 -9999 -9999 -9999 -9999 -9999 -9999 -9999 -9999 -9999 -9999 -9999 -9999 -9999 -9999 -9999 -9999 -9999 -9999 -9999 -9999 -9999 -9999 -9999 -9999 -9999 -9999 -9999 -9999 -9999 -9999 -9999 -9999 -9999 -9999 -9999 -9999 -9999 -9999 -9999 -9999 -9999 -9999 -9999 -9999 -9999 -9999 -9999 -9999 -9999 -9999 -9999 -9999 -9999 -9999 -9999 -9999 -9999 -9999 -9999 -9999 -9999 -9999 -9999 -9999 -9999
-9999 -9999 -9999 -9999 -9999 -9999 -9999 -9999 -9999 -9999 -9999 -9999 -9999 -9999 -9999 -9999 -9999 -9999 -9999 -9999 -9999 -9999 -9999 -9999 -9999 -9999 -9999 -9999 -9999 -9999 -9999 -9999 -9999 -9999 -9999 -9999 -9999 -9999 -9999 -9999 -9999 -9999 -9999 -9999 -9999 -9999 -9999 -9999 -9999 -9999 -9999 -9999 -9999 -9999 -9999 -9999 -9999 -9999 -9999 -9999 -9999 -9999 -9999 -9999 -9999 -9999
-9999 -9999 -9999 -9999 -9999 -9999 -9999 -9999 -9999 -9999 -9999 -9999 -9999 -9999 -9999 -9999 -9999 -9999 -9999 -9999 -9999 -9999 -9999 -9999 -9999 -9999 -9999 -9999 -9999 -9999 -9999 -9999 -9999 -9999 -9999 -9999 -9999 -9999 -9999 -9999 -9999 -9999 -9999 -9999 -9999 -9999 -9999 -9999 -9999 -9999 -9999 -9999 -9999 -9999 -9999 -9999 -9999 -9999 -9999 -9999 -9999 -9999 -9999 -9999 -9999 -9999
-9999 -9999 -9999 -9999 -9999 -9999 -9999 -9999 -9999 -9999 -9999 -9999 -9999 -9999 -9999 -9999 -9999 -9999 -9999 -9999 -9999 -9999 -9999 -9999 -9999 -9999 -9999 -9999 -9999 -9999 -9999 -9999 -9999 -9999 -9999 -9999 -9999 -9999 -9999 -9999 -9999 -9999 -9999 -9999 -9999 -9999 -9999 -9999 -9999 -9999 -9999 -9999 -9999 -9999 -9999 -9999 -9999 -9999 -9999 -9999 -9999 -9999 -9999 -9999 -9999 -9999
