GISdata/Popn density Greece 2015.asc
ncols         312
nrows         216
xllcorner     18
yllcorner     34
cellsize      0.0416666666667
NODATA_value  -9999
[rows 32 to 63 of 216, columns 72 to 143 of 312]
-9999 -9999 -9999 -9999 -9999 -9999 -9999 -9999 -9999 -9999 -9999 -9999 -9999 -9999 -9999 -9999 -9999 -9999 -9999 -9999 -9999 -9999 -9999 -9999 -9999 -9999 -9999 -9999 -9999 -9999 -9999 -9999 -9999 -9999 -9999 -9999 -9999 -9999 -9999 -9999 -9999 -9999 -9999 -9999 -9999 -9999 -9999 -9999 -9999 -9999 -9999 -9999 -9999 -9999 -9999 -9999 -9999 -9999 -9999 -9999 -9999 -9999 -9999 -9999 -9999 -9999 -9999 -9999 -9999 -9999 -9999 -9999
-9999 -9999 -9999 -9999 -9999 -9999 -9999 -9999 -9999 -9999 -9999 -9999 -9999 -9999 -9999 -9999 -9999 -9999 -9999 -9999 -9999 -9999 -9999 -9999 -9999 -9999 -9999 -9999 -9999 -9999 -9999 -9999 -9999 -9999 -9999 -9999 -9999 -9999 -9999 -9999 -9999 -9999 -9999 -9999 -9999 -9999 -9999 -9999 -9999 -9999 -9999 -9999 -9999 -9999 -9999 -9999 -9999 -9999 -9999 -9999 -9999 -9999 -9999 -9999 -9999 -9999 -9999 -9999 -9999 -9999 -9999 -9999
-9999 -9999 -9999 -9999 -9999 -9999 -9999 -9999 -9999 -9999 -9999 -9999 -9999 -9999 -9999 -9999 -9999 -9999 -9999 -9999 -9999 -9999 -9999 -9999 -9999 -9999 -9999 -9999 -9999 -9999 -9999 -9999 -9999 -9999 -9999 -9999 -9999 -9999 -9999 -9999 -9999 -9999 -9999 -9999 -9999 -9999 -9999 -9999 -9999 -9999 -9999 -9999 -9999 -9999 -9999 -9999 -9999 -9999 -9999 -9999 -9999 -9999 -9999 -9999 -9999 -9999 -9999 -9999 -9999 -9999 -9999 -9999
-9999 -9999 -9999 -9999 -9999 -9999 -9999 -9999 -9999 -9999 -9999 -9999 -9999 -9999 -9999 -9999 -9999 -9999 -9999 -9999 -9999 -9999 -9999 -9999 -9999 -9999 -9999 -9999 -9999 -9999 -9999 -9999 -9999 -9999 -9999 -9999 -9999 -9999 -9999 -9999 -9999 -9999 -9999 -9999 -9999 -9999 -9999 -9999 -9999 -9999 -9999 -9999 -9999 -9999 -9999 -9999 -9999 -9999 -9999 -9999 -9999 -9999 -9999 -9999 -9999 -9999 -9999 -9999 -9999 -9999 -9999 -9999
-9999 -9999 -9999 -9999 -9999 -9999 -9999 -9999 -9999 -9999 -9999 -9999 -9999 -9999 -9999 -9999 -9999 -9999 -9999 -9999 -9999 -9999 -9999 -9999 -9999 -9999 -9999 -9999 -9999 -9999 -9999 -9999 -9999 -9999 -9999 -9999 -9999 -9999 -9999 -9999 -9999 -9999 -9999 -9999 -9999 -9999 -9999 -9999 -9999 -9999 -9999 -9999 -9999 -9999 -9999 -9999 -9999 -9999 -9999 -9999 -9999 -9999 -9999 -9999 -9999 -9999 -9999 -9999 -9999 7.813139 7.813139 -9999
-9999 -9999 -9999 -9999 -9999 -9999 -9999 -9999 -9999 -9999 -9999 -9999 -9999 -9999 -9999 -9999 -9999 -9999 -9999 -9999 -9999 -9999 -9999 -9999 -9999 -9999 -9999 -9999 -9999 -9999 -9999 -9999 -9999 -9999 -9999 -9999 -9999 -9999 -9999 -9999 -9999 -9999 -9999 -9999 -9999 -9999 -9999 -9999 -9999 -9999 -9999 -9999 -9999 -9999 -9999 -9999 -9999 -9999 -9999 -9999 -9999 -9999 -9999 -9999 -9999 -9999 7.813139 7.813139 7.813139 7.813139 7.813139 7.813139
-9999 -9999 -9999 -9999 -9999 -9999 -9999 -9999 -9999 -9999 -9999 -9999 -9999 -9999 -9999 -9999 -9999 -9999 -9999 -9999 -9999 -9999 -9999 -9999 -9999 -9999 -9999 -9999 -9999 -9999 -9999 -9999 -9999 -9999 -9999 -9999 -9999 -9999 -9999 -9999 -9999 -9999 -9999 -9999 -9999 -9999 -9999 -9999 -9999 -9999 -9999 -9999 -9999 20.98652 20.98652 20.98652 4.432297 4.828764 5.156931 5.156931 5.157867 5.507255 5.553102 7.813139 7.813139 7.813139 7.813139 7.813139 7.813139 7.813139 7.813139 7.813139
-9999 -9999 -9999 -9999 -9999 -9999 -9999 -9999 -9999 -9999 -9999 -9999 -9999 -9999 -9999 -9999 -9999 -9999 -9999 -9999 -9999 -9999 -9999 -9999 -9999 -9999 -9999 -9999 -9999 -9999 -9999 -9999 -9999 -9999 -9999 -9999 -9999 -9999 -9999 -9999 -9999 -9999 -9999 21.53591 21.53591 24.94693 25.19495 25.19495 25.19495 -9999 -9999 -9999 -9999 20.98652 20.98652 20.98652 8.645206 4.157921 5.181516 5.242634 5.481374 5.546136 5.556422 7.637426 7.813139 7.813139 7.813139 7.813139 7.813139 7.813139 7.813139 7.813139
-9999 -9999 -9999 -9999 -9999 -9999 -9999 -9999 -9999 -9999 -9999 -9999 -9999 -9999 -9999 -9999 -9999 -9999 -9999 -9999 -9999 -9999 -9999 -9999 -9999 -9999 -9999 -9999 -9999 -9999 -9999 -9999 -9999 -9999 -9999 -9999 -9999 -9999 -9999 -9999 -9999 -9999 21.53591 21.53591 21.53591 24.66425 25.19495 25.19495 25.19495 25.19495 25.07886 21.19192 20.98652 20.98652 20.98652 20.6736 16.29285 32.21438 16.6149 5.546136 5.546136 5.546136 5.546136 6.852178 7.93741 7.833803 7.813139 7.813139 7.813139 7.813139 7.813139 7.813139
-9999 -9999 -9999 -9999 -9999 -9999 -9999 -9999 -9999 -9999 -9999 -9999 -9999 -9999 -9999 -9999 -9999 -9999 -9999 -9999 -9999 -9999 -9999 -9999 -9999 -9999 -9999 -9999 -9999 -9999 -9999 -9999 -9999 -9999 -9999 -9999 -9999 -9999 -9999 -9999 -9999 -9999 21.53591 21.53591 21.53591 24.34702 25.19495 25.19495 25.19495 25.19495 24.51453 21.02415 20.98652 20.98652 21.0171 30.94471 45.43866 49.77805 48.09074 28.10575 9.277298 8.86057 14.55574 98.50967 8.009575 7.828295 7.866323 10.67227 12.58881 13.55548 12.8887 12.53915
-9999 -9999 -9999 -9999 -9999 -9999 -9999 -9999 -9999 -9999 -9999 -9999 -9999 -9999 -9999 -9999 -9999 -9999 -9999 -9999 -9999 -9999 -9999 -9999 -9999 -9999 -9999 -9999 -9999 -9999 -9999 -9999 -9999 -9999 -9999 -9999 -9999 -9999 -9999 -9999 -9999 -9999 22.1259 21.7762 21.73898 25.14477 25.19495 22.79934 25.19495 25.19495 24.65461 32.14982 36.38946 30.22809 38.85452 58.94919 49.77805 49.77805 49.77805 49.35947 62.36226 104.1648 36.08831 204.8897 69.07056 31.95685 21.35339 23.99047 23.99047 23.99047 23.99047 23.96685
-9999 -9999 -9999 -9999 -9999 -9999 -9999 -9999 -9999 -9999 -9999 -9999 -9999 -9999 -9999 -9999 -9999 -9999 -9999 -9999 -9999 -9999 -9999 -9999 -9999 -9999 -9999 -9999 -9999 19.60816 -9999 -9999 -9999 -9999 -9999 -9999 -9999 -9999 -9999 35.88677 35.88677 23.86127 23.86127 23.8462 14.495 13.63535 13.98907 10.91686 19.26577 25.18534 25.19495 44.59401 61.36152 61.36152 61.36152 61.27985 51.08192 49.77024 49.34217 46.6639 121.2883 87.71181 117.5167 212.1905 212.1895 100.9666 29.12909 23.99047 23.99047 23.99047 23.99047 23.99047
-9999 -9999 -9999 -9999 -9999 -9999 -9999 -9999 -9999 -9999 -9999 -9999 -9999 -9999 -9999 -9999 -9999 -9999 -9999 -9999 -9999 -9999 -9999 33.07065 33.07065 33.07065 30.83735 19.60816 19.60816 19.60816 19.60816 19.60913 20.71892 20.71892 -9999 -9999 24.12353 35.88677 35.88677 35.88677 35.88677 26.87752 24.10151 24.50493 17.63532 10.04416 10.04416 10.04416 10.10978 15.21294 19.86104 54.51688 61.36152 58.91839 58.37039 57.64217 49.40173 49.15625 49.29715 57.22808 172.3436 204.2107 211.8321 212.1905 108.4736 47.96501 46.42689 31.80746 24.75589 23.99047 23.99047 31.0392
-9999 -9999 -9999 -9999 -9999 -9999 -9999 -9999 -9999 -9999 -9999 -9999 -9999 -9999 -9999 -9999 -9999 -9999 -9999 -9999 -9999 33.07065 33.07065 33.07065 33.07065 33.07065 25.19604 19.60816 19.60816 19.60816 19.60816 19.68122 20.71891 20.71892 20.71892 20.71892 21.23451 35.11301 35.88677 35.13872 29.96512 26.80988 26.7179 26.73575 23.34211 10.04416 10.04416 10.04416 10.04416 10.04416 10.04416 14.8976 20.49393 28.03358 33.51515 62.13623 59.99244 56.02189 62.09293 63.27037 186.3694 212.1905 179.3509 138.6258 53.16638 47.96501 44.43708 34.09446 33.01041 26.84642 33.92292 36.95951
-9999 -9999 -9999 -9999 -9999 -9999 -9999 -9999 -9999 -9999 -9999 -9999 -9999 -9999 -9999 -9999 -9999 -9999 -9999 -9999 -9999 33.07065 33.07065 33.07065 33.07065 33.07065 28.00263 19.60816 19.60816 19.60816 19.60816 19.86442 20.71892 20.71892 20.71892 20.71892 24.14781 35.71589 35.88677 33.96814 28.92743 28.39142 41.05849 45.37921 39.52752 20.60933 10.04416 10.04416 10.04416 10.04416 10.04416 10.04416 16.08163 25.66734 26.95543 40.55642 59.84698 65.32874 65.61974 84.71603 208.3846 186.8315 55.49788 47.96502 47.96502 47.96502 40.81421 33.57461 33.388 30.54172 28.41557 28.41557
-9999 -9999 -9999 -9999 -9999 -9999 -9999 -9999 -9999 -9999 -9999 -9999 -9999 -9999 -9999 -9999 -9999 -9999 -9999 -9999 33.07065 33.07065 33.07065 33.07065 33.07065 33.07065 29.85615 19.60816 19.60816 19.60816 16.789 16.23837 24.84872 27.42284 27.15609 20.99507 20.71892 30.58423 35.88677 35.88677 44.25253 62.16792 71.36807 71.36807 71.36807 64.88349 26.50996 13.41444 10.04416 10.04416 10.04416 10.04416 10.04416 14.05371 26.77938 26.96634 32.24717 48.19361 74.40369 76.49294 93.201 79.17419 61.12248 57.12576 49.12757 44.58512 33.97367 33.57461 33.57461 29.85541 28.60497 29.66155
-9999 -9999 -9999 -9999 -9999 -9999 -9999 -9999 -9999 -9999 -9999 -9999 -9999 -9999 -9999 -9999 -9999 -9999 -9999 33.07065 33.07065 33.07065 33.07065 33.07065 33.07065 33.07065 24.98891 19.60816 19.60816 19.60816 15.97779 25.88339 27.8898 29.45131 29.45131 25.2712 20.71938 24.26229 34.85874 35.88677 49.60026 70.78676 71.36807 71.36807 71.36807 71.36807 71.36807 34.26974 34.10144 49.76901 13.76822 10.06368 12.30884 13.9244 23.69625 33.89999 40.20704 40.20704 40.76918 70.64006 76.5789 72.66779 61.52174 60.87464 56.02707 47.51364 33.57461 33.57461 33.57442 30.13116 30.35886 31.11318
-9999 -9999 -9999 -9999 -9999 -9999 -9999 -9999 -9999 18.64412 18.64412 -9999 -9999 -9999 -9999 23.99267 23.99267 23.99267 24.25616 32.61946 33.07065 33.07065 33.07065 33.07065 33.07065 33.07065 27.94008 20.71785 20.27881 19.60816 30.30859 38.86028 34.29928 29.45131 29.45131 29.45131 51.66116 34.54027 28.28575 35.88677 36.01683 60.58194 59.34909 65.42371 56.5896 61.6485 67.06876 67.22036 44.01595 25.29895 13.90141 13.90816 14.17854 12.97082 15.2839 23.97987 39.53854 40.20704 40.31731 52.87498 56.52065 56.11912 39.39767 22.64851 33.33747 40.29035 29.87523 33.56814 33.57461 31.86991 27.72273 28.91286
-9999 -9999 -9999 -9999 4.458155 4.458155 -9999 -9999 18.64412 18.64412 18.64412 18.64412 18.64412 20.00664 23.99267 23.99267 23.99267 23.99267 23.97887 22.05441 22.77373 36.38639 56.7363 62.8665 56.58917 35.02903 45.6306 39.31812 38.84488 33.01083 46.51044 40.82824 53.74436 65.53548 29.54724 38.54567 59.48617 66.26795 61.84829 36.86684 37.07941 39.7455 39.78666 39.87813 44.01046 44.49237 49.70653 44.54363 30.5377 14.25087 14.24823 14.24823 13.93975 9.578157 13.92059 18.20761 29.33235 49.42902 52.47103 56.27866 56.41262 38.59718 17.23291 17.04632 19.27201 21.24737 21.24737 26.70053 26.5776 26.21657 27.11646 27.62968
4.458155 4.458155 4.458155 4.458155 4.458155 4.458155 16.44689 18.64412 18.64412 18.64412 18.68954 20.60297 21.52294 23.27628 23.99267 24.31544 26.20144 17.47119 14.21439 12.41121 12.41121 31.21629 74.75468 74.75468 74.75468 73.41987 110.9952 48.44466 39.83289 41.72213 51.71744 38.8844 53.2972 142.4915 115.3708 117.4466 62.03075 65.7631 66.99323 68.86047 55.57808 39.74158 39.78666 39.96145 43.17436 44.49237 44.40065 41.23182 37.68714 29.6459 31.42605 11.76713 10.23083 9.54318 15.11239 18.20761 22.6348 36.06186 41.34911 51.81104 35.07345 17.04632 17.06214 18.38641 20.85094 21.24737 21.24737 20.95399 18.73992 18.6267 18.75241 20.43262
4.458155 4.458155 4.458155 4.458155 4.458155 4.458155 14.9641 26.57435 55.07444 82.94814 104.8985 76.32224 23.99108 23.99267 23.99267 29.64272 32.12622 26.67584 12.41121 12.41121 12.41121 52.45401 74.75468 74.75468 74.75468 74.75468 76.52646 55.45276 41.49708 52.20341 62.71842 39.08521 40.9743 128.6359 142.5495 129.8652 69.84325 79.20504 74.80206 87.2987 74.3999 44.70831 66.65491 62.56048 49.5321 53.59468 59.64341 59.64894 43.10637 42.45013 24.36782 9.54318 9.54318 11.43943 18.18403 18.20761 18.20761 18.20761 18.27958 14.41526 13.99487 16.63026 18.13155 21.24737 21.13131 20.06162 19.8731 18.75176 18.82456 19.68995 20.18708 20.71027
4.458155 4.458155 4.458155 4.458155 4.458155 4.47238 54.87529 106.1261 108.8841 108.8841 91.97332 38.7747 23.94232 23.96665 24.19326 29.40145 32.12622 29.89008 24.70632 12.70036 12.41121 24.27662 52.791 74.75468 74.75468 74.75468 99.3343 119.5025 102.5633 106.8573 80.31801 72.46268 104.217 137.9328 142.5495 101.6134 61.59767 91.31544 93.66949 91.02769 86.5656 85.54794 85.48668 66.31599 56.31585 61.61292 67.16882 67.16882 69.33595 77.46867 77.8278 59.70724 16.08002 10.07171 13.70541 18.96804 18.20761 18.20761 15.60712 13.53648 13.53648 13.56282 14.04152 15.69438 28.94146 56.68373 25.70514 18.6267 18.90571 20.71697 20.71697 20.71697
4.458155 4.458155 4.458155 4.457203 4.434443 5.310771 36.03448 88.59106 41.81834 46.90585 24.36601 23.92819 23.92819 24.54993 28.5418 32.12622 32.12622 32.12622 30.62177 17.76654 12.41121 12.41121 14.7156 71.43449 74.75468 81.80087 110.4713 122.0699 122.7348 119.9175 93.63287 96.22356 116.9565 142.4377 142.5495 97.22527 63.55952 66.81998 71.9896 71.30599 84.93446 85.58765 85.58765 103.4429 56.55616 331.3073 205.5767 78.71407 78.67267 80.23264 80.23264 80.23264 77.86775 36.97315 17.01702 19.89346 19.75464 20.29053 28.05495 18.99163 20.63189 13.82686 14.44632 44.82517 60.69579 74.43216 -9999 -9999 -9999 -9999 20.71697 20.71697
4.458155 3.925418 3.866996 4.002249 3.509815 6.587918 15.08083 52.58011 16.97968 23.79803 23.92819 21.10644 20.17449 27.80915 31.78913 32.12622 32.04416 31.73756 31.38688 21.862 15.50855 19.68941 35.57346 62.92979 70.26513 70.94049 88.72804 99.1118 86.65176 90.99336 124.4217 131.1485 132.8363 134.959 137.2773 121.3078 65.29736 67.50498 68.16025 69.65018 76.17924 91.1394 159.2004 169.4223 423.1115 2898.269 3151.973 742.8539 92.10735 79.82173 65.46825 62.16568 43.42115 21.71691 21.67523 21.72163 21.73313 26.6428 38.37877 38.82558 42.73417 40.33948 38.80333 72.29691 70.09033 -9999 -9999 -9999 -9999 -9999 -9999 -9999
-9999 3.507813 3.507813 4.328073 5.711518 7.233802 7.233802 9.379375 9.881329 20.32812 22.80552 10.20948 15.43957 22.98241 25.03961 30.99224 31.45291 31.37413 31.20718 17.60218 16.4778 43.89263 69.25208 69.25208 69.25208 69.25208 77.78174 99.72603 85.6947 66.19955 70.869 112.7923 130.5561 131.1141 131.1141 95.81486 53.86899 56.56975 66.51827 74.5307 76.80088 97.59356 189.4907 213.3924 330.2307 5217.046 16780.23 4856.97 151.4828 99.45643 70.89988 56.4951 35.01194 32.98459 23.08765 21.97924 21.97924 21.97924 21.97924 28.63427 35.33942 36.07679 37.66199 40.70834 38.74976 39.39976 25.13322 -9999 -9999 -9999 -9999 -9999
8.629175 6.904625 7.021174 8.245472 9.580655 58.8085 16.0135 9.850901 10.40167 22.60021 24.90818 31.56722 30.55535 26.68517 28.02313 50.40785 59.75355 35.6764 22.60115 16.4778 16.4778 51.81842 69.25208 72.09425 70.04497 69.25208 69.25166 68.42326 64.2636 68.20406 117.4229 84.31756 98.8014 127.5602 120.6914 75.37378 53.86899 53.86899 56.11306 74.81012 74.71729 77.10052 99.44211 144.1512 175.2331 -9999 17283.27 9420.792 584.2939 303.7233 106.5201 74.21608 34.34345 28.71484 24.63861 23.08269 23.27413 22.70837 21.82409 24.25718 27.79791 27.59111 28.50955 23.02104 19.06452 20.84938 24.77028 29.96284 -9999 -9999 -9999 -9999
10.99163 13.95229 18.00951 18.81019 31.88536 246.2679 242.4938 31.82302 11.7491 25.90377 25.52069 27.88124 34.57086 97.02278 155.7214 156.3459 156.3459 95.98635 16.4778 16.47775 15.66383 32.72487 69.25209 98.59764 107.4926 82.36316 45.94007 46.35725 60.25338 118.6072 123.7677 104.647 80.00565 81.55891 70.12684 77.67289 56.02731 53.96275 53.87908 63.92529 74.0803 76.99618 77.39687 77.39687 77.39686 -9999 12954.66 3245.299 404.8958 180.543 143.1362 91.11464 36.77585 30.53134 23.93458 23.93458 23.81698 22.37016 18.89845 19.0969 19.50134 19.06452 19.06452 19.06452 20.04436 29.24076 30.89945 30.89945 30.89945 30.89945 -9999 -9999
17.343 35.59269 39.85152 40.84708 51.06864 109.934 279.0226 98.69006 47.72771 25.96539 20.78874 12.89432 31.5829 39.67564 107.6271 155.7731 156.3459 65.28157 13.57761 12.88923 12.5275 17.6858 69.36902 101.4894 124.7477 124.7477 106.6537 83.8596 120.9509 124.7407 111.0541 75.02221 58.18279 68.1626 55.1479 47.53636 51.60653 57.44169 56.16548 53.86899 69.61686 76.77863 77.39687 395.5581 484.1106 892.8356 367.8727 172.6494 149.2234 120.6503 50.63873 46.75313 38.4093 37.09122 24.07292 20.03612 17.15617 20.29569 18.89797 18.89797 18.97748 19.06452 19.06452 19.06452 18.76162 26.76496 30.89945 30.89945 30.89945 30.89945 30.89945 -9999
14.91599 23.71745 24.70445 47.13184 57.06194 56.05859 75.99915 58.90201 44.49064 25.0888 21.28466 17.78202 33.28302 39.6511 39.6511 83.07767 156.3459 126.2001 64.35812 83.99566 48.52747 50.54527 56.44139 78.27685 120.8706 124.7477 124.7477 124.7477 124.7477 108.94 26.77791 29.81008 27.63177 55.78556 42.08186 36.81056 44.87132 65.19019 66.21584 56.51389 57.4949 -9999 -9999 395.5581 486.299 526.3204 423.8639 120.6754 126.5 43.45824 38.4093 36.26599 21.64443 16.08778 17.10188 16.88675 18.58004 20.34462 19.17954 18.89797 19.07862 19.20387 19.06452 19.05709 16.64342 22.05711 28.45414 30.85237 -9999 -9999 -9999 -9999
8.329754 4.245489 29.62826 57.28486 50.82971 45.74389 45.73397 31.14791 23.04963 23.05839 23.05839 20.50839 14.22254 18.20999 22.01275 66.85323 125.8946 129.79 89.52755 138.2182 62.89681 37.98952 20.73547 20.73547 46.93657 67.44405 105.0852 124.7477 118.4041 26.3459 9.284801 14.021 17.06401 35.78146 35.70429 34.91223 41.36485 82.04453 97.88876 -9999 -9999 -9999 -9999 -9999 241.2518 87.56372 95.07163 113.9089 111.712 74.94109 38.4093 36.08544 17.47148 15.69735 15.69735 15.69735 16.64719 19.95261 20.78857 20.63459 20.78798 20.70042 19.80887 16.8567 15.79767 15.79767 17.38869 29.0198 30.89945 -9999 -9999 5.460505
4.520371 7.208235 38.47218 46.54779 45.74389 38.75077 43.90018 35.05779 20.38208 22.79122 20.57736 21.32071 21.4662 17.04287 7.414178 16.24273 23.88149 26.40005 24.10931 50.34325 20.73547 20.73547 20.73547 20.73547 20.73547 20.73547 92.55402 124.6196 62.10278 9.2848 9.2848 13.78986 32.11428 35.2272 32.39763 36.12222 53.507 38.43839 70.68588 33.19699 -9999 -9999 -9999 -9999 -9999 83.6953 83.6953 89.71885 99.36054 77.39168 46.35351 40.2083 22.11887 15.91948 18.56384 15.73343 15.86489 20.27812 20.78892 20.78892 20.78892 20.78892 19.91182 16.25204 15.79831 15.79767 15.79767 21.54059 30.84819 30.89945 30.89945 30.2767
4.245489 35.59062 44.46214 32.58709 32.6097 26.68931 23.22099 18.82852 18.71169 18.90821 19.29373 21.47372 21.47372 21.47372 55.61377 111.5403 80.98619 95.62605 53.4031 63.32076 30.73142 65.6147 38.35442 20.7469 20.73547 20.73547 30.07988 44.17619 9.2848 10.72936 13.79154 26.92056 29.08332 29.10893 29.57649 184.6654 239.3008 67.61273 44.5739 37.10699 -9999 -9999 -9999 -9999 -9999 83.6953 83.6953 83.6953 79.73668 74.97734 73.27108 57.13628 40.61491 40.59698 61.32375 101.6786 47.41454 20.78892 20.78892 20.78892 20.78892 20.78892 20.80847 22.05111 19.67694 15.79767 15.79767 15.79767 28.64208 30.89945 30.89945 30.89945
