GISdata/Popn density Spain 2015.asc
ncols        374
nrows        216
xllcorner    -9.958333333325
yllcorner    35.541666666674
cellsize     0.041666666667
NODATA_value  -9999
[rows 72 to 95 of 216, columns 54 to 107 of 374]
-9999 -9999 -9999 -9999 -9999 -9999 -9999 -9999 -9999 -9999 -9999 -9999 -9999 -9999 -9999 -9999 -9999 -9999 -9999 -9999 -9999 -9999 -9999 -9999 -9999 -9999 -9999 -9999 -9999 -9999 -9999 -9999 -9999 -9999 7.0565009117126465 5.62493896484375 5.4237260818481445 9.9799671173095703 7.0971970558166504 7.6846818923950195 7.9444990158081055 9.3107891082763672 54.092079162597656 99.723472595214844 268.81439208984375 312.17529296875 266.41259765625 287.230712890625 258.87149047851562 100.15609741210937 22.815549850463867 23.168909072875977 22.902200698852539 22.914310455322266
-9999 -9999 -9999 -9999 -9999 -9999 -9999 -9999 -9999 -9999 -9999 -9999 -9999 -9999 -9999 -9999 -9999 -9999 -9999 -9999 -9999 -9999 -9999 -9999 -9999 -9999 -9999 -9999 -9999 -9999 -9999 -9999 -9999 6.2917041778564453 6.4770441055297852 6.9459381103515625 6.430182933807373 10.624959945678711 5.7455320358276367 5.9107189178466797 6.7630658149719238 7.1600890159606934 7.6542072296142578 6.8479228019714355 191.76559448242187 259.36981201171875 328.67269897460937 244.30499267578125 48.093700408935547 46.767398834228516 16.022249221801758 18.411029815673828 23.032270431518555 24.07349967956543
-9999 -9999 -9999 -9999 -9999 -9999 -9999 -9999 -9999 -9999 -9999 -9999 -9999 -9999 -9999 -9999 -9999 -9999 -9999 -9999 -9999 -9999 -9999 -9999 -9999 -9999 -9999 -9999 -9999 -9999 -9999 -9999 -9999 6.2917041778564453 6.2917041778564453 6.1248831748962402 5.6434369087219238 5.3102707862854004 5.1487631797790527 4.8653459548950195 4.5128979682922363 4.228734016418457 5.2319421768188477 4.7540059089660645 3.723222017288208 10.605690002441406 14.883210182189941 53.782100677490234 27.578109741210938 32.560459136962891 24.894790649414063 18.798639297485352 21.683940887451172 16.321849822998047
-9999 -9999 -9999 -9999 -9999 -9999 -9999 -9999 -9999 -9999 -9999 -9999 -9999 -9999 -9999 -9999 -9999 -9999 -9999 -9999 -9999 -9999 -9999 -9999 -9999 -9999 -9999 -9999 -9999 -9999 -9999 5.3884129524230957 5.3906998634338379 6.1572580337524414 6.2917041778564453 7.5159659385681152 8.4407634735107422 5.7109389305114746 5.6701188087463379 5.7423782348632813 5.6731138229370117 4.1115999221801758 3.5529510974884033 3.5529510974884033 3.5529510974884033 8.8903923034667969 11.835769653320313 17.369039535522461 15.469300270080566 11.774370193481445 14.22836971282959 12.836150169372559 15.801819801330566 18.635749816894531
-9999 -9999 -9999 -9999 -9999 -9999 -9999 -9999 -9999 -9999 -9999 -9999 -9999 -9999 -9999 -9999 -9999 -9999 -9999 -9999 -9999 -9999 -9999 -9999 -9999 -9999 -9999 -9999 -9999 -9999 19.00602912902832 15.232600212097168 8.0476818084716797 5.5895419120788574 6.7029790878295898 10.510290145874023 7.4247918128967285 5.6043281555175781 5.7423782348632813 5.7423782348632813 5.7423782348632813 4.4513030052185059 3.2052929401397705 3.6764180660247803 3.5040950775146484 5.407404899597168 10.631199836730957 11.352510452270508 12.483830451965332 12.783459663391113 12.755640029907227 11.475839614868164 10.150019645690918 14.662989616394043
-9999 -9999 -9999 -9999 -9999 -9999 -9999 -9999 -9999 -9999 -9999 -9999 -9999 -9999 -9999 -9999 -9999 -9999 -9999 -9999 -9999 -9999 -9999 -9999 -9999 -9999 -9999 -9999 -9999 18.25408935546875 18.998109817504883 19.00602912902832 19.00602912902832 7.1453700065612793 5.3884129524230957 5.6477818489074707 4.2916340827941895 4.1897401809692383 5.8306670188903809 5.7790999412536621 4.0854687690734863 3.1270020008087158 3.9501359462738037 4.9062871932983398 4.551210880279541 3.1853981018066406 7.2444219589233398 11.626790046691895 10.727529525756836 11.586759567260742 13.233659744262695 12.522520065307617 10.309209823608398 11.553709983825684
-9999 -9999 -9999 -9999 -9999 -9999 -9999 -9999 -9999 -9999 -9999 -9999 -9999 -9999 -9999 -9999 -9999 -9999 -9999 -9999 -9999 -9999 -9999 -9999 -9999 -9999 28.223709106445312 9.027338981628418 9.026555061340332 9.5333194732666016 10.620050430297852 10.81659984588623 10.328269958496094 5.8877720832824707 5.3974342346191406 5.948483943939209 3.3175599575042725 4.2721161842346191 6.8825860023498535 6.8649849891662598 5.8093061447143555 5.4747958183288574 3.979640007019043 4.7197408676147461 4.8627018928527832 3.924839973449707 6.8878269195556641 11.288220405578613 10.562660217285156 7.4955549240112305 8.4762516021728516 9.0157690048217773 13.524279594421387 20.497299194335937
-9999 -9999 -9999 -9999 -9999 -9999 -9999 -9999 -9999 -9999 -9999 -9999 -9999 -9999 -9999 -9999 -9999 -9999 -9999 -9999 -9999 -9999 -9999 -9999 28.223709106445312 28.223709106445312 26.934579849243164 11.275919914245605 9.027338981628418 8.9583187103271484 8.8955135345458984 8.1287517547607422 5.8143692016601563 5.0620927810668945 5.247410774230957 5.3812360763549805 3.6318449974060059 9.0080223083496094 8.6123981475830078 6.8237991333007812 3.2968080043792725 2.4482340812683105 2.334662914276123 6.9743251800537109 6.3255071640014648 5.2601361274719238 5.6750378608703613 8.4552383422851562 7.3925929069519043 6.2025928497314453 8.0824317932128906 12.602219581604004 21.869649887084961 18.963869094848633
-9999 -9999 -9999 -9999 -9999 -9999 -9999 -9999 -9999 -9999 -9999 -9999 -9999 -9999 -9999 -9999 -9999 -9999 -9999 -9999 -9999 -9999 -9999 8.5338840484619141 16.221559524536133 19.64253044128418 18.220840454101563 10.987600326538086 6.1960592269897461 6.725092887878418 8.7657976150512695 6.8329510688781738 3.287971019744873 2.6633870601654053 5.0530228614807129 11.037150382995605 5.5722579956054687 2.9015130996704102 9.8286724090576172 13.534629821777344 9.50201416015625 6.8401908874511719 3.2055981159210205 7.6357359886169434 6.6054549217224121 6.1942601203918457 6.6754288673400879 6.0052719116210937 5.4384889602661133 5.4384889602661133 5.7174510955810547 5.2544798851013184 9.4539966583251953 7.1988568305969238
-9999 -9999 -9999 -9999 -9999 -9999 -9999 -9999 -9999 -9999 -9999 -9999 -9999 -9999 -9999 -9999 -9999 -9999 -9999 -9999 -9999 -9999 9.9855308532714844 9.2696142196655273 8.4995002746582031 5.7923049926757812 5.5962748527526855 8.4744110107421875 5.6311888694763184 4.631950855255127 4.9379868507385254 2.6711239814758301 3.0963759422302246 2.5433640480041504 2.7873790264129639 3.8226859569549561 2.7231199741363525 2.5668079853057861 2.7850310802459717 6.9844889640808105 12.16510009765625 12.623160362243652 6.2345600128173828 4.8047780990600586 5.1166019439697266 8.0372104644775391 6.8983879089355469 4.8757228851318359 4.6977639198303223 6.1398448944091797 7.0092439651489258 7.0205650329589844 5.4869298934936523 6.9810328483581543
-9999 -9999 -9999 -9999 -9999 -9999 -9999 -9999 -9999 -9999 -9999 -9999 -9999 -9999 -9999 -9999 -9999 -9999 -9999 -9999 -9999 -9999 10.937370300292969 10.937370300292969 10.88202953338623 8.4548883438110352 6.361058235168457 8.0490226745605469 6.7557411193847656 5.8658738136291504 3.6077721118927002 3.2722609043121338 4.6565389633178711 1.9478299617767334 1.3566950559616089 1.5138590335845947 1.4356709718704224 1.8796459436416626 2.6837100982666016 6.4277420043945313 13.490139961242676 13.53827953338623 9.7858915328979492 4.759401798248291 5.1847491264343262 14.524519920349121 9.3620719909667969 12.262299537658691 12.443129539489746 5.1086521148681641 8.7874603271484375 8.7740497589111328 12.666000366210938 8.2874116897583008
-9999 -9999 -9999 -9999 -9999 -9999 -9999 -9999 -9999 -9999 -9999 -9999 -9999 -9999 -9999 -9999 -9999 -9999 -9999 -9999 -9999 7.5147700309753418 8.2299823760986328 8.2382879257202148 10.966650009155273 11.669210433959961 6.4407138824462891 6.7576169967651367 6.9276080131530762 4.2084221839904785 14.092499732971191 18.063030242919922 1.1865990161895752 0.96360230445861816 0.90106457471847534 1.7043839693069458 5.3887100219726562 1.4185409545898437 3.6358249187469482 1.927839994430542 5.2784090042114258 11.531920433044434 5.5800628662109375 6.4913668632507324 7.5264158248901367 9.7987155914306641 9.734623908996582 15.346619606018066 17.1072998046875 21.235570907592773 16.980070114135742 15.29796028137207 12.82349967956543 10.777529716491699
-9999 -9999 -9999 -9999 -9999 -9999 -9999 -9999 -9999 -9999 -9999 -9999 -9999 -9999 -9999 -9999 -9999 -9999 9.9564485549926758 9.9564504623413086 9.1036863327026367 7.4113960266113281 7.4484372138977051 7.4343538284301758 7.6478219032287598 7.1464371681213379 6.4809889793395996 6.9809060096740723 6.5192179679870605 11.349040031433105 47.530479431152344 38.621578216552734 5.5837869644165039 1.5673400163650513 2.468364953994751 7.8867130279541016 4.1325960159301758 3.4338459968566895 7.2314357757568359 3.3998908996582031 2.0342190265655518 4.4477400779724121 6.5447959899902344 7.5102009773254395 6.7181940078735352 7.7913370132446289 9.491328239440918 52.123680114746094 96.721443176269531 80.452667236328125 34.409931182861328 19.05647087097168 18.232929229736328 13.236709594726563
-9999 -9999 -9999 -9999 -9999 -9999 -9999 -9999 -9999 -9999 -9999 -9999 -9999 -9999 -9999 -9999 -9999 -9999 -9999 9.9564504623413086 9.5050783157348633 7.3997502326965332 7.3997502326965332 15.057990074157715 17.731399536132813 10.301589965820312 4.3533778190612793 4.9696531295776367 5.3099188804626465 12.155520439147949 22.624879837036133 13.067379951477051 3.090919017791748 2.6677210330963135 3.2032089233398437 3.37723708152771 2.9037749767303467 6.5378451347351074 5.092796802520752 2.3383190631866455 2.4760000705718994 3.6689009666442871 11.054229736328125 13.740209579467773 7.0903739929199219 9.3769950866699219 14.687179565429688 639.42340087890625 2137.1640625 2292.97705078125 187.41789245605469 63.508380889892578 30.384170532226562 19.160749435424805
-9999 -9999 -9999 -9999 -9999 -9999 -9999 -9999 -9999 -9999 -9999 -9999 -9999 -9999 -9999 -9999 -9999 -9999 -9999 -9999 6.2784662246704102 5.8792109489440918 7.4402427673339844 22.547000885009766 25.516399383544922 14.022120475769043 2.7791719436645508 4.2059040069580078 5.1075658798217773 5.1118988990783691 3.7589259147644043 1.927137017250061 1.5824940204620361 4.525846004486084 3.9744970798492432 3.4652290344238281 2.4511899948120117 2.5472829341888428 2.2328848838806152 2.1918900012969971 1.381430983543396 2.6255578994750977 9.5255060195922852 12.955120086669922 8.9912729263305664 7.7195510864257812 9.7635345458984375 976.23468017578125 1871.54296875 691.44598388671875 374.72799682617187 30.166830062866211 26.470790863037109 19.305950164794922
-9999 -9999 -9999 -9999 -9999 -9999 -9999 -9999 -9999 -9999 -9999 -9999 -9999 -9999 -9999 -9999 -9999 -9999 -9999 -9999 5.5408492088317871 5.5412149429321289 5.4762849807739258 7.7098159790039062 13.753310203552246 4.6878070831298828 2.0325920581817627 3.9894919395446777 5.8858828544616699 12.644760131835938 7.4956159591674805 1.9262219667434692 4.2429890632629395 5.3825750350952148 4.7112698554992676 6.1735420227050781 2.6225399971008301 1.2939779758453369 1.1058429479598999 2.0808119773864746 2.2650558948516846 2.611968994140625 3.2158420085906982 5.0839629173278809 6.188629150390625 7.7736120223999023 13.010479927062988 16.692930221557617 21.318300247192383 23.440580368041992 50.922130584716797 27.20751953125 13.644069671630859 16.679359436035156
-9999 -9999 -9999 -9999 -9999 -9999 -9999 -9999 -9999 -9999 -9999 -9999 -9999 -9999 -9999 -9999 -9999 -9999 -9999 -9999 -9999 4.2596769332885742 4.9921879768371582 6.1947040557861328 5.9536547660827637 4.6902928352355957 5.7438302040100098 2.4582231044769287 4.9179720878601074 14.278420448303223 14.492730140686035 3.7372128963470459 7.9142827987670898 6.2474989891052246 3.242185115814209 4.5585360527038574 6.0847392082214355 1.7098579406738281 3.2318708896636963 6.2975201606750488 5.8850321769714355 8.161168098449707 7.1097588539123535 6.6756000518798828 7.1878461837768555 4.6159200668334961 5.5382981300354004 8.4902324676513672 10.038060188293457 13.672300338745117 49.81024169921875 65.871063232421875 62.966571807861328 56.775478363037109
-9999 -9999 -9999 -9999 -9999 -9999 -9999 -9999 -9999 -9999 -9999 -9999 -9999 -9999 -9999 -9999 -9999 -9999 -9999 -9999 -9999 3.7538299560546875 3.0592958927154541 5.0592951774597168 6.3422718048095703 6.8598461151123047 4.8209428787231445 3.2037758827209473 3.0812339782714844 4.947350025177002 7.899055004119873 3.7399380207061768 5.2537698745727539 9.4673624038696289 11.324190139770508 13.143790245056152 16.310600280761719 10.086230278015137 4.7216129302978516 4.6176037788391113 4.5743799209594727 6.2993001937866211 8.1025867462158203 7.9263110160827637 6.3482937812805176 2.9787659645080566 2.9683210849761963 4.5818772315979004 6.4239091873168945 5.1713008880615234 3.1724300384521484 23.269620895385742 84.711051940917969 45.844768524169922
-9999 -9999 -9999 -9999 -9999 -9999 -9999 -9999 -9999 -9999 -9999 -9999 -9999 -9999 -9999 -9999 -9999 -9999 -9999 -9999 -9999 6.053168773651123 5.6037240028381348 5.3418288230895996 4.9190812110900879 4.0256028175354004 2.6503520011901855 2.6987340450286865 3.1507010459899902 5.159296989440918 5.588533878326416 5.348635196685791 5.0264668464660645 6.5023832321166992 9.6965951919555664 16.732170104980469 13.95481014251709 6.9472599029541016 4.994020938873291 4.1198601722717285 4.0217270851135254 4.9756331443786621 5.2229747772216797 5.7779459953308105 5.9202561378479004 4.8897280693054199 3.0027339458465576 3.5344040393829346 4.1142630577087402 4.1251811981201172 4.3239169120788574 24.037519454956055 12.663379669189453 15.208319664001465
-9999 -9999 -9999 -9999 -9999 -9999 -9999 -9999 -9999 -9999 -9999 -9999 -9999 -9999 -9999 -9999 -9999 -9999 -9999 -9999 -9999 7.6420879364013672 6.4677062034606934 4.9388618469238281 4.2870841026306152 1.8832099437713623 2.2836360931396484 1.873682975769043 1.6915789842605591 3.5864980220794678 6.1461639404296875 6.1461639404296875 5.0470261573791504 2.827949047088623 6.8818621635437012 9.9152097702026367 12.710149765014648 11.342619895935059 5.2124900817871094 3.6432349681854248 2.7312119007110596 3.4809238910675049 3.4060359001159668 4.1028628349304199 5.3509211540222168 4.6958580017089844 2.5231730937957764 4.3046689033508301 4.519556999206543 9.036712646484375 10.38794994354248 14.526619911193848 11.443510055541992 6.2214021682739258
-9999 -9999 -9999 -9999 -9999 -9999 -9999 -9999 -9999 -9999 -9999 -9999 -9999 -9999 -9999 -9999 -9999 -9999 -9999 -9999 -9999 7.6420869827270508 6.711209774017334 3.8768789768218994 3.4379510879516602 2.4487459659576416 2.1962571144104004 19.20060920715332 37.283641815185547 24.010480880737305 22.549360275268555 24.010379791259766 8.4311513900756836 5.7128620147705078 3.9266769886016846 4.297551155090332 5.5767879486083984 9.0759515762329102 10.573260307312012 9.7496318817138672 5.5465922355651855 2.4242579936981201 2.6126139163970947 3.06734299659729 2.8105599880218506 2.3601489067077637 4.7480077743530273 5.3624329566955566 5.2409591674804687 10.317959785461426 14.612549781799316 4.7972769737243652 13.763139724731445 6.2852768898010254
-9999 -9999 -9999 -9999 -9999 -9999 -9999 -9999 -9999 -9999 -9999 -9999 -9999 -9999 -9999 -9999 -9999 -9999 -9999 -9999 -9999 4.0440578460693359 4.056394100189209 4.8433938026428223 5.8979511260986328 3.9543778896331787 5.1059989929199219 46.85955810546875 49.307521820068359 49.307521820068359 49.307521820068359 17.167270660400391 8.7306480407714844 8.7275238037109375 5.0355958938598633 4.082420825958252 5.3777980804443359 12.836810111999512 12.246749877929688 5.9957180023193359 3.3259460926055908 2.9424369335174561 4.2804827690124512 2.8825669288635254 2.872797966003418 5.4523420333862305 9.2251729965209961 11.723440170288086 3.8046019077301025 5.7678818702697754 5.3500251770019531 5.2744460105895996 12.714940071105957 6.0304732322692871
-9999 -9999 -9999 -9999 -9999 -9999 -9999 -9999 -9999 -9999 -9999 -9999 -9999 -9999 -9999 -9999 -9999 -9999 -9999 -9999 22.65464973449707 21.17803955078125 14.387310028076172 6.7555079460144043 4.7698421478271484 2.9640069007873535 10.050080299377441 47.144718170166016 49.307521820068359 49.307521820068359 49.307521820068359 11.231749534606934 4.6669511795043945 6.5043249130249023 6.7303380966186523 4.8921809196472168 5.7167482376098633 5.7011909484863281 5.8993449211120605 5.5721921920776367 12.847260475158691 13.510530471801758 18.890640258789063 10.407939910888672 5.1569490432739258 6.6413040161132812 3.4019169807434082 42.384258270263672 42.214321136474609 17.03632926940918 3.3584558963775635 2.2267899513244629 7.2580089569091797 6.7813940048217773
-9999 -9999 -9999 -9999 -9999 -9999 -9999 -9999 -9999 -9999 -9999 -9999 -9999 -9999 -9999 -9999 -9999 -9999 -9999 -9999 22.65464973449707 22.65464973449707 21.961599349975586 4.1345691680908203 2.6577680110931396 2.2953429222106934 2.4718489646911621 35.4022216796875 43.717918395996094 48.700820922851562 45.161449432373047 12.536020278930664 4.3669910430908203 5.3403191566467285 5.9661450386047363 7.1859598159790039 7.1422481536865234 5.0131349563598633 5.4685888290405273 4.5173177719116211 3.6955280303955078 14.143610000610352 20.07295036315918 21.331209182739258 7.6783380508422852 11.260499954223633 9.7133808135986328 20.476299285888672 67.271522521972656 43.532341003417969 7.4600090980529785 7.0352110862731934 7.2938618659973145 4.4900970458984375
