GISdata/Popn density Ireland 2015.asc
ncols         144
nrows         120
xllcorner     -11
yllcorner     51
cellsize      0.0416666666667
NODATA_value  -9999
[rows 60 to 89 of 120, columns 67 to 133 of 144]
12.24821 13.58244 14.1995 24.84498 67.36935 73.06804 48.47469 33.34842 41.93064 25.70435 24.02639 21.0941 30.99115 22.53442 14.93802 11.0262 9.447749 11.70093 13.79979 34.34163 50.87953 43.20241 30.46128 30.58564 27.13986 85.52459 271.6224 87.54646 23.24815 23.26154 87.49216 56.60107 23.92509 24.90417 38.32198 69.3735 37.25417 27.25883 25.5807 122.241 167.7046 266.4606 438.1924 341.5298 200.3764 74.13382 872.0036 1248.377 525.7994 463.5027 463.5027 -9999 463.5027 463.5027 -9999 -9999 -9999 -9999 -9999 -9999 -9999 -9999 -9999 -9999 -9999 -9999 -9999
9.329159 11.92557 18.98133 28.36399 113.7806 207.9762 532.4719 206.6948 69.49228 39.90712 33.95116 21.51938 19.75843 24.06276 21.09346 17.56701 23.42793 24.736 20.73503 23.82786 25.45131 98.68512 34.68129 20.68472 20.44109 91.51243 99.11922 33.53785 31.31523 28.55503 53.16528 75.13495 85.36471 63.8515 35.43812 31.56172 30.34486 30.0988 29.02098 33.32729 190.6977 247.4992 250.4058 195.244 142.9214 85.70984 487.5268 825.0007 655.5673 1043.492 1423.342 -9999 -9999 -9999 -9999 -9999 -9999 -9999 -9999 -9999 -9999 -9999 -9999 -9999 -9999 -9999 -9999
11.28988 11.40809 14.31517 22.03333 36.80371 77.75198 241.9503 191.4289 31.59372 32.79958 43.40905 71.53065 47.03605 24.8906 24.39388 19.59211 35.71687 29.7659 17.47581 20.1668 52.3248 174.4081 108.0574 11.23844 24.60445 26.47798 24.2069 15.3496 23.72443 32.75553 35.31689 34.72495 45.41204 52.18236 48.59285 64.86542 285.8476 214.8627 216.0386 243.688 418.7923 565.9459 3504.297 3218.831 882.3319 1607.834 2236.247 2593.677 2996.104 2109.211 856.1738 648.5852 -9999 -9999 -9999 -9999 -9999 -9999 -9999 -9999 -9999 -9999 -9999 -9999 -9999 -9999 -9999
61.51389 27.01405 17.13908 17.14557 17.69387 41.8084 20.6553 17.66245 18.99593 16.39067 22.54418 47.28532 15.71886 51.24121 86.20853 42.16301 30.26716 42.71622 18.8307 13.24997 20.78319 14.83403 14.19393 43.77275 64.48219 35.56479 27.90826 231.1155 141.2775 45.37942 52.32458 32.43158 28.29045 33.01026 39.71289 55.27067 78.18582 160.6917 278.7889 786.6984 953.4444 709.5914 11268.02 5434.659 2374.615 3346.966 9665.606 3684.3 1896.874 1387.361 648.5852 648.5852 -9999 -9999 -9999 -9999 -9999 -9999 -9999 -9999 -9999 -9999 -9999 -9999 -9999 -9999 -9999
100.2029 14.98003 15.74489 10.95372 8.846331 8.815676 11.33426 15.74385 15.77444 16.65964 23.16024 28.2683 21.63265 41.68694 50.34776 33.57086 36.76551 46.23448 33.51421 18.65784 14.22856 29.67406 29.32131 26.86292 15.65767 31.75354 35.31141 79.32269 74.18423 46.19981 59.00082 62.18118 47.93653 56.6046 64.01059 295.705 173.7747 189.5142 328.3077 443.8627 111.6405 130.9379 1965.463 1584.149 1808.393 3991.722 4654.983 3107.827 3352.273 3435.816 4705.796 -9999 -9999 -9999 -9999 -9999 -9999 -9999 -9999 -9999 -9999 -9999 -9999 -9999 -9999 -9999 -9999
11.4931 8.241426 6.343804 8.760435 10.14605 12.39556 18.32794 19.63982 20.77097 31.57165 29.16878 16.54171 14.40653 20.63975 29.85467 51.29875 293.6022 628.2912 26.57802 26.99067 39.33692 48.04246 36.46997 8.727734 5.819807 16.25051 20.33493 18.41456 40.34443 19.34646 24.43283 67.68662 68.19408 129.5387 147.2999 161.1895 337.6726 518.0005 338.4567 79.26264 89.3959 123.2368 600.3983 1845.393 1833.378 2302.219 1690.642 1432.383 1790.374 2571.878 2084.073 1987.796 -9999 -9999 -9999 -9999 -9999 -9999 -9999 -9999 -9999 -9999 -9999 -9999 -9999 -9999 -9999
15.651 13.37916 8.468302 8.551754 6.273862 11.91035 18.76102 23.4575 22.93993 18.65339 16.54785 8.424454 12.49261 21.32585 26.98369 49.8922 41.02525 26.48615 25.02156 25.11754 37.09954 31.51001 9.557048 16.25 18.55609 17.69011 17.77459 38.87451 87.13052 73.31261 38.18048 40.49506 41.15995 85.53501 58.57913 82.90749 842.5699 1015.749 151.4522 125.2627 37.54849 63.64195 44.54075 39.33855 170.9124 154.4242 185.1905 428.1904 412.7188 666.6313 1996.38 -9999 -9999 -9999 -9999 -9999 -9999 -9999 -9999 -9999 -9999 -9999 -9999 -9999 -9999 -9999 -9999
16.74426 13.59221 8.686992 11.36773 12.16747 65.22633 58.10334 15.78708 12.52813 9.178091 23.26007 46.37123 26.55948 15.22441 16.53708 16.84225 21.91577 20.94136 18.61182 18.83443 16.12507 20.87898 17.1163 31.22673 54.36396 37.3433 23.02462 16.61574 49.09208 58.68533 60.55133 96.99789 187.0733 1297.512 354.6018 71.88448 285.925 334.5868 39.50819 38.17773 56.17796 46.98336 35.56083 24.53364 106.0938 58.96825 82.90752 139.2576 104.856 513.4293 1455.873 532.7124 -9999 -9999 -9999 -9999 -9999 -9999 -9999 -9999 -9999 -9999 -9999 -9999 -9999 -9999 -9999
9.513874 8.176062 4.239847 7.788647 13.04831 24.44262 8.678578 4.909087 6.345068 7.898909 14.89546 20.35999 12.33989 10.50056 14.76341 17.45957 15.87186 9.407228 12.57384 17.79017 16.52287 39.48001 64.61839 76.23803 253.6992 110.6284 69.65342 102.117 68.35654 62.12441 235.4778 245.0431 180.6356 186.581 99.4057 65.96004 48.01109 51.39605 66.0397 74.57327 64.3419 28.4614 36.40134 54.5876 47.18815 15.78719 10.22402 11.58904 65.12056 528.2205 336.1 1175.31 -9999 -9999 -9999 -9999 -9999 -9999 -9999 -9999 -9999 -9999 -9999 -9999 -9999 -9999 -9999
12.1221 8.714225 7.633425 9.180416 9.597708 23.70128 75.65487 234.549 22.94818 12.29203 13.23298 11.45066 11.06549 7.273014 9.624006 18.02694 6.794405 5.288445 13.42868 20.74251 94.77699 206.4994 51.74339 35.4 29.89414 35.19181 30.74625 61.15564 59.16783 32.90207 81.92798 63.06324 64.96971 75.62237 84.54633 46.55448 30.13054 35.23336 57.73446 58.74386 26.94207 9.477914 8.97765 15.61117 12.68556 5.534131 10.62648 22.56529 19.1029 67.84328 130.3817 148.0024 125.1535 -9999 -9999 -9999 -9999 -9999 -9999 -9999 -9999 -9999 -9999 -9999 -9999 -9999 -9999
16.89393 12.78556 11.04556 10.59436 11.1018 12.25592 16.66659 31.88057 18.35952 18.25562 15.20981 6.434695 6.490905 8.154105 6.450883 8.001778 14.14831 16.86566 16.34721 17.62955 22.561 143.2807 263.4179 49.32435 27.06769 17.10352 18.44862 22.51791 28.79062 21.36656 26.73608 29.78774 35.26839 44.90913 29.43619 45.7376 57.33513 31.90709 29.36618 18.0589 10.35006 9.695786 8.495405 13.38475 13.40424 7.175142 22.28862 35.25395 55.57697 92.40409 76.18824 77.89285 77.90721 -9999 -9999 -9999 -9999 -9999 -9999 -9999 -9999 -9999 -9999 -9999 -9999 -9999 -9999
30.30287 28.47336 10.84398 10.47298 10.95725 12.07536 17.76487 17.57959 16.70042 13.27972 10.26558 6.849457 4.667057 5.778568 6.436081 10.70953 15.05434 57.11887 44.14002 15.59612 38.20981 578.2863 471.738 46.22095 59.08514 64.50972 17.01971 21.11239 28.39107 66.41254 30.79956 18.11116 24.3118 37.22149 30.514 21.0454 34.4126 32.29956 24.12804 10.72619 3.975506 3.984472 8.430568 16.54225 16.72099 16.24198 15.78398 27.51104 31.18307 36.86689 61.85963 203.1507 -9999 -9999 -9999 -9999 -9999 -9999 -9999 -9999 -9999 -9999 -9999 -9999 -9999 -9999 -9999
9.562283 21.3173 27.20493 10.01755 14.87245 12.06195 22.10981 30.30345 25.24005 53.65171 32.43577 11.48544 8.816657 8.881079 10.56933 17.0299 15.93773 42.65337 25.31742 21.59923 20.94746 22.40999 13.96501 15.3254 16.29161 18.82147 18.72173 23.29125 39.24766 495.7789 36.93127 18.60628 20.54772 32.85239 23.13885 37.0297 31.73917 18.3216 13.78417 6.462667 4.861876 4.185515 3.149905 4.857167 8.055225 11.56975 20.88763 29.11054 41.54771 57.76529 82.61387 538.0054 812.2421 262.4294 -9999 -9999 -9999 -9999 -9999 -9999 -9999 -9999 -9999 -9999 -9999 -9999 -9999
20.58849 16.50953 10.78638 13.31506 13.31935 9.90085 13.11211 17.21933 50.76567 93.49412 108.6079 70.99787 12.68639 23.87397 27.47313 21.18706 15.17518 14.54558 18.82206 29.12683 39.59834 26.41223 16.08489 15.4779 7.820937 12.14429 22.93767 32.91917 31.11371 24.23545 25.37499 15.53798 17.67923 23.39701 19.58162 72.57712 84.68005 16.47087 15.43866 13.15502 7.38154 6.796695 5.068283 4.267322 5.072659 12.00563 39.70562 61.61727 46.75027 36.74836 46.3835 132.4639 155.2714 -9999 -9999 -9999 -9999 -9999 -9999 -9999 -9999 -9999 -9999 -9999 -9999 -9999 -9999
66.38647 20.17365 13.18981 13.395 16.13377 19.99627 11.17439 11.54324 12.67403 16.67473 25.05866 9.779442 9.037546 13.62689 14.93839 14.52541 15.31271 13.48579 19.65117 48.58236 59.81641 38.74949 14.41532 12.74655 18.05671 27.26745 18.19589 14.27008 19.81017 22.2965 109.705 23.01746 37.54729 37.50031 26.39228 19.5296 57.6182 40.60287 23.94633 17.63544 18.09686 10.61432 8.860558 6.745368 12.71553 26.48662 36.70083 49.05816 32.3426 28.62469 34.06469 28.71042 26.1521 -9999 -9999 -9999 -9999 -9999 -9999 -9999 -9999 -9999 -9999 -9999 -9999 -9999 -9999
264.9225 37.75854 17.86355 14.88427 15.64569 16.61668 7.08227 7.076046 11.07741 12.61836 13.45029 15.01447 16.39753 19.73131 32.97726 34.6117 18.5717 17.39861 22.01662 32.71632 38.51922 19.13957 25.12049 48.33216 38.63285 37.59023 25.91984 18.75768 29.78471 94.76256 576.7228 692.485 39.33555 30.06062 17.46459 17.52178 20.51014 24.91304 31.00601 30.56338 24.76989 12.31647 10.9983 13.02585 32.9938 48.12963 33.1734 43.9348 33.12157 25.59768 24.42454 33.78783 -9999 -9999 -9999 -9999 -9999 -9999 -9999 -9999 -9999 -9999 -9999 -9999 -9999 -9999 -9999
25.42036 24.62436 18.93321 16.98631 15.4461 8.767962 9.554386 11.1135 45.02182 67.15685 15.53804 15.63297 14.23704 10.18584 16.27296 30.41161 23.9407 21.3895 14.85051 20.01531 28.17002 36.12628 20.49148 64.45086 58.05492 37.70356 27.53363 20.51889 31.3139 69.74416 332.0731 268.868 40.42653 22.83825 29.48163 183.4024 24.26745 17.90105 17.56359 14.14328 25.01694 27.70859 16.05572 12.32994 14.01636 25.44819 19.73638 20.99949 211.6656 513.3502 26.08453 -9999 -9999 -9999 -9999 -9999 -9999 -9999 -9999 -9999 -9999 -9999 -9999 -9999 -9999 -9999 -9999
15.03555 7.353643 10.61429 13.30119 10.97284 23.99881 27.32313 15.94221 48.5836 45.87497 16.01501 13.8561 12.96772 8.420295 21.01466 25.34148 13.31704 14.24939 10.53945 10.96139 21.30353 27.78069 16.63545 30.85711 40.65118 19.14694 11.61038 10.70368 14.32651 22.87903 37.68621 34.36103 32.63682 29.53549 27.08166 27.63912 13.81857 12.99901 11.86921 15.97109 22.27982 24.83405 24.07614 19.53178 21.86999 32.07413 41.47674 33.84175 121.9088 389.8359 -9999 -9999 -9999 -9999 -9999 -9999 -9999 -9999 -9999 -9999 -9999 -9999 -9999 -9999 -9999 -9999 -9999
8.137197 5.358368 6.766695 8.304387 15.45794 32.01016 31.90079 21.62608 20.26575 27.32015 19.56649 14.20527 11.75185 11.78338 30.63033 43.23169 28.22676 15.0324 28.49993 39.7694 31.10466 24.75084 23.79536 25.62941 23.51705 18.38534 12.00242 18.81626 32.98254 50.53817 63.55723 29.08768 21.26396 25.80091 42.24946 25.40411 18.6492 23.04568 14.5292 23.04847 38.34639 39.82298 25.8988 24.87744 21.44143 28.60529 42.6492 44.79603 38.92765 32.23288 -9999 -9999 -9999 -9999 -9999 -9999 -9999 -9999 -9999 -9999 -9999 -9999 -9999 -9999 -9999 -9999 -9999
11.18148 9.613025 9.314661 9.451861 12.52705 15.67451 16.85789 17.18746 49.7486 527.8921 51.00936 23.72137 31.1757 15.69769 16.58632 16.96139 10.21484 9.03798 14.44598 20.35036 20.51049 45.50178 116.2028 194.5279 78.20242 22.53178 18.66441 29.24057 40.78302 142.3549 78.2596 21.88815 21.62264 22.05359 20.94428 19.92249 29.65392 24.532 16.63588 17.12402 33.64112 27.80683 36.28534 31.21684 53.35706 358.5397 265.1924 89.6974 78.2935 -9999 -9999 -9999 -9999 -9999 -9999 -9999 -9999 -9999 -9999 -9999 -9999 -9999 -9999 -9999 -9999 -9999 -9999
6.63562 6.353693 9.876807 12.82937 11.98822 11.92063 16.54767 38.19454 42.59964 48.37139 40.14444 33.35518 35.22877 15.85645 19.72653 17.94387 13.04529 12.66174 22.6464 19.55581 17.74881 156.1284 752.4249 485.1151 102.6845 23.55852 31.32639 33.79592 48.8846 31.09776 25.55048 23.67488 15.32591 15.13359 16.97526 15.9893 19.07084 66.65714 53.64781 17.39067 17.61441 31.53447 42.14107 32.1497 59.95795 105.2925 87.94435 89.21699 -9999 -9999 -9999 -9999 -9999 -9999 -9999 -9999 -9999 -9999 -9999 -9999 -9999 -9999 -9999 -9999 -9999 -9999 -9999
17.85255 22.38951 17.28257 15.83976 16.56443 15.89992 25.49632 30.31462 28.92672 25.55886 17.54403 20.93915 44.64252 17.07915 18.25468 19.38949 16.10896 16.31445 16.78636 20.57762 22.26469 39.86031 46.93566 47.58949 41.47051 37.05835 41.15823 25.24056 26.41516 26.9881 28.51952 27.39952 18.08862 5.466269 9.458274 10.14828 12.81603 24.21909 24.81486 19.74815 55.3065 49.5966 27.86016 19.47279 34.95633 53.3656 56.5289 61.6681 45.79933 -9999 -9999 -9999 -9999 -9999 -9999 -9999 -9999 -9999 -9999 -9999 -9999 -9999 -9999 -9999 -9999 -9999 -9999
27.89039 19.1945 23.21993 28.00574 28.23163 21.0668 19.46197 16.60166 16.56301 19.94882 13.0438 14.96337 34.79049 26.84654 12.58591 20.30638 21.89111 12.17937 13.64652 88.39534 22.05771 19.18844 30.96118 53.05974 48.18486 25.64578 23.53392 28.48547 40.80714 35.42825 18.54087 15.34074 10.29911 11.25756 18.84317 17.13754 19.60341 23.40386 32.43466 30.83775 41.39262 32.81212 23.32999 22.49717 24.10246 28.87244 37.65749 34.89653 29.66954 -9999 -9999 -9999 -9999 -9999 -9999 -9999 -9999 -9999 -9999 -9999 -9999 -9999 -9999 -9999 -9999 -9999 -9999
23.7414 19.18488 20.63882 19.15594 26.49936 24.2295 31.98669 198.9 30.20085 12.86042 13.74427 15.31587 20.01747 20.1794 21.58291 19.91001 29.07031 30.27623 23.91506 44.65037 20.10176 20.64299 30.33722 35.13284 45.62548 57.13246 57.14253 21.57708 17.6462 20.07975 37.53551 28.8016 10.93378 14.52167 17.90413 20.09081 22.00235 22.24566 81.80381 343.8601 147.8593 34.18161 21.80997 28.58079 25.51092 37.43621 36.85697 26.09477 -9999 -9999 -9999 -9999 -9999 -9999 -9999 -9999 -9999 -9999 -9999 -9999 -9999 -9999 -9999 -9999 -9999 -9999 -9999
123.3258 236.0142 21.78088 20.1983 21.17116 27.01394 29.25268 25.65104 21.31531 22.32772 20.1175 22.53717 77.41172 24.9806 14.25431 13.56621 16.77312 19.14494 15.61404 15.79756 16.8226 18.46816 16.33267 21.48422 25.40906 15.47146 15.34492 25.01299 26.19703 20.3827 20.7444 15.29533 12.77025 12.46385 16.00743 24.63831 27.66815 32.61057 136.6582 258.9253 104.5753 29.04727 40.46773 45.61537 30.75481 39.63906 39.57328 -9999 -9999 -9999 -9999 -9999 -9999 -9999 -9999 -9999 -9999 -9999 -9999 -9999 -9999 -9999 -9999 -9999 -9999 -9999 -9999
27.98574 26.86123 26.60188 26.74622 28.06098 15.9495 17.14024 19.60037 20.45915 21.51934 21.75692 28.29416 25.14861 13.25378 13.77798 15.34515 17.14391 16.62367 17.18418 15.38728 12.50625 11.07123 12.29436 19.92371 19.36225 13.39794 9.584892 13.52224 16.51403 25.19232 52.04001 33.20584 26.99436 22.26392 26.73112 28.17525 30.01924 38.60375 38.02146 40.5982 42.16626 39.02329 40.60175 42.8344 39.06707 29.23896 -9999 -9999 -9999 -9999 -9999 -9999 -9999 -9999 -9999 -9999 -9999 -9999 -9999 -9999 -9999 -9999 -9999 -9999 -9999 -9999 -9999
11.79812 11.22945 9.038065 9.128682 24.93847 37.3073 44.41607 90.60074 101.6112 88.17669 114.3135 109.4781 97.98888 59.05158 27.24116 22.76413 21.30903 11.7535 21.43358 19.65014 35.53167 26.42814 16.7855 21.83057 21.1692 12.49233 8.670716 16.8373 18.91358 37.98917 447.3398 96.99036 27.53844 29.38201 23.93851 24.88416 22.74283 31.62243 42.32685 40.00986 37.1056 35.83445 91.29353 42.12086 36.83062 -9999 -9999 -9999 -9999 -9999 -9999 -9999 -9999 -9999 -9999 -9999 -9999 -9999 -9999 -9999 -9999 -9999 -9999 -9999 -9999 -9999 -9999
10.01559 12.61387 8.279184 7.516122 13.06171 46.26669 67.53679 77.23129 27.55516 54.52379 106.247 340.5301 519.2871 52.6256 9.84333 16.90313 18.4674 22.48445 142.9735 320.558 31.40008 45.7526 23.38131 20.52236 39.35133 25.4298 22.84368 26.07817 26.47253 31.02335 37.31064 28.43964 21.62415 23.79353 22.56249 21.52098 20.0357 25.83332 42.31119 64.98637 132.5701 877.5382 166.545 60.74964 32.55827 -9999 -9999 -9999 -9999 -9999 -9999 -9999 -9999 -9999 -9999 -9999 -9999 -9999 -9999 -9999 -9999 -9999 -9999 -9999 -9999 -9999 -9999
9.527193 14.65233 10.84135 8.090222 7.732206 13.0939 18.71446 28.21306 31.05564 40.37666 21.89925 21.73902 13.98874 11.127 3.772388 4.322485 11.29384 16.70896 21.98048 22.65345 29.5981 35.69629 38.63903 45.12976 53.117 46.89062 37.27861 24.16802 31.13091 26.77595 23.07855 20.81305 24.74855 30.86219 30.5943 24.86644 31.31899 48.08214 52.70467 86.49311 158.1649 565.9777 439.5287 93.97307 93.97307 -9999 -9999 -9999 -9999 -9999 -9999 -9999 -9999 -9999 -9999 -9999 -9999 -9999 -9999 -9999 -9999 -9999 -9999 -9999 -9999 -9999 -9999
61.69031 19.60615 18.11663 14.36131 13.75518 13.62715 8.693971 12.30177 15.50208 21.36238 15.95994 15.21211 13.38824 6.241064 3.498584 2.897885 7.822294 12.36767 17.89248 20.12269 43.87585 43.88889 44.58144 51.52732 54.36421 607.4352 832.3655 244.525 64.18479 52.38781 44.00634 20.67341 27.91098 33.35071 37.16632 28.27014 27.84136 36.86375 32.42481 56.54785 72.65812 60.3501 79.92497 90.01755 112.5319 141.9784 -9999 -9999 -9999 -9999 -9999 -9999 -9999 -9999 -9999 -9999 -9999 -9999 -9999 -9999 -9999 -9999 -9999 -9999 -9999 -9999 -9999
