GISdata/Popn density Latvia 2015.asc
ncols         216
nrows         96
xllcorner     20
yllcorner     55
cellsize      0.0416666666667
NODATA_value  -9999
[rows 29 to 57 of 96, columns 66 to 131 of 216]
-9999 -9999 -9999 -9999 -9999 -9999 -9999 -9999 -9999 -9999 -9999 -9999 -9999 -9999 -9999 -9999 -9999 -9999 -9999 -9999 -9999 -9999 -9999 -9999 -9999 -9999 -9999 -9999 -9999 -9999 -9999 -9999 -9999 -9999 -9999 -9999 -9999 -9999 223.5997 39.7252 8.629687 8.629687 8.629687 8.629687 8.629687 8.097599 6.725319 6.666786 6.66024 6.666786 71.60836 82.42079 6.794446 8.652131 10.6463 9.250405 7.222517 8.74441 11.16993 8.325686 9.468412 10.62156 11.38223 12.04281 12.02246 11.79481
-9999 -9999 -9999 -9999 -9999 -9999 -9999 -9999 -9999 -9999 -9999 -9999 -9999 -9999 -9999 -9999 -9999 -9999 -9999 -9999 -9999 -9999 -9999 -9999 -9999 -9999 -9999 -9999 -9999 -9999 -9999 -9999 -9999 -9999 -9999 -9999 -9999 -9999 154.0896 19.23385 8.629687 8.629687 8.629687 8.615839 8.33682 7.027117 7.014266 6.915382 6.82235 6.802627 6.826399 8.675269 11.4429 10.9416 10.99146 11.35246 12.73965 14.49132 14.49132 11.14437 10.04435 10.04435 10.18853 11.68178 11.97775 11.88934
-9999 -9999 -9999 -9999 -9999 -9999 -9999 -9999 -9999 -9999 -9999 -9999 -9999 -9999 -9999 -9999 -9999 -9999 -9999 -9999 -9999 -9999 -9999 -9999 -9999 -9999 -9999 -9999 -9999 -9999 -9999 -9999 -9999 -9999 -9999 -9999 -9999 -9999 8.629687 8.629686 8.629686 8.60984 8.577475 7.966183 7.141074 7.097586 7.018414 7.018414 7.018414 7.018414 12.81991 14.8604 14.8604 13.63228 12.8215 12.55476 14.24489 14.48523 13.08851 10.07532 10.04435 10.04435 10.08718 11.82263 11.97775 10.78123
-9999 -9999 -9999 -9999 -9999 -9999 -9999 -9999 -9999 -9999 -9999 -9999 -9999 -9999 -9999 -9999 -9999 -9999 -9999 -9999 -9999 -9999 -9999 -9999 -9999 -9999 -9999 -9999 -9999 -9999 -9999 -9999 -9999 -9999 -9999 -9999 -9999 -9999 8.629687 8.629686 7.997752 7.800076 7.82455 7.863552 7.800039 7.685214 7.465698 7.584407 7.464347 9.371736 12.29094 13.59488 14.8604 13.56854 13.65568 12.93127 11.40613 12.97199 13.04194 11.44266 10.09526 10.04435 10.71535 17.01061 12.20144 13.66002
-9999 -9999 -9999 -9999 -9999 -9999 -9999 -9999 -9999 -9999 -9999 -9999 -9999 -9999 -9999 -9999 -9999 -9999 -9999 -9999 -9999 -9999 -9999 -9999 -9999 -9999 -9999 -9999 -9999 -9999 -9999 -9999 -9999 -9999 -9999 -9999 -9999 -9999 8.629686 8.629687 8.07364 7.799896 7.799896 7.799896 7.799896 7.799896 7.79991 9.218719 11.34977 12.5259 12.5259 11.71737 10.70174 9.332951 9.277608 9.327291 9.269129 19.2909 20.16883 13.38528 12.71817 12.75475 22.24787 33.9605 27.83135 32.49148
-9999 -9999 -9999 -9999 -9999 -9999 -9999 -9999 -9999 -9999 -9999 -9999 -9999 -9999 -9999 -9999 -9999 -9999 -9999 -9999 -9999 -9999 -9999 -9999 -9999 -9999 -9999 -9999 -9999 -9999 -9999 -9999 -9999 -9999 -9999 -9999 -9999 -9999 11.28485 10.86473 11.6478 11.89471 7.948878 7.799896 8.47913 9.858489 11.25627 12.5259 12.5259 12.5259 12.5002 8.972604 8.52165 8.27177 8.761258 9.269129 9.273159 24.46347 29.77529 20.1546 17.33125 17.57216 24.15214 267.2163 347.327 30.79105
25.67527 25.67527 -9999 -9999 -9999 -9999 -9999 -9999 -9999 -9999 -9999 -9999 -9999 -9999 -9999 -9999 -9999 -9999 -9999 -9999 -9999 -9999 -9999 -9999 -9999 -9999 -9999 -9999 -9999 -9999 -9999 -9999 -9999 -9999 -9999 -9999 -9999 -9999 16.88464 16.88464 16.88464 16.88169 16.21565 11.45559 11.3219 11.4594 240.5206 514.4221 42.56261 8.355877 8.553229 7.685023 7.679622 7.679622 7.680897 8.657179 9.387522 11.85911 17.44045 17.48838 17.48838 17.48838 18.13164 915.5326 961.8162 73.35271
25.67527 25.67527 25.67527 25.67527 -9999 -9999 -9999 -9999 -9999 -9999 -9999 -9999 -9999 -9999 -9999 -9999 -9999 -9999 -9999 -9999 -9999 -9999 -9999 -9999 -9999 -9999 -9999 -9999 -9999 -9999 -9999 -9999 -9999 -9999 -9999 -9999 -9999 -9999 -9999 16.88464 16.88464 16.88464 16.88464 14.35945 11.48408 11.4594 77.43999 10.97552 8.662653 8.940684 8.422346 7.679623 7.679623 7.758256 8.171784 8.593296 9.084252 15.49462 17.25447 17.39721 17.4668 17.45555 17.48838 17.94591 18.13978 18.13978
15.54524 24.04612 25.67527 25.67527 25.67527 -9999 -9999 -9999 -9999 -9999 -9999 -9999 -9999 -9999 -9999 -9999 -9999 -9999 -9999 -9999 -9999 -9999 -9999 -9999 -9999 -9999 -9999 -9999 -9999 -9999 -9999 -9999 -9999 -9999 -9999 -9999 -9999 -9999 -9999 16.88464 16.88464 16.8598 15.72075 14.89175 12.52373 11.4594 11.4594 11.4594 11.43012 11.26961 10.40825 8.010494 8.336081 8.701733 8.767962 8.767962 8.767962 10.40865 15.44874 16.59928 16.95532 17.08317 17.2665 27.46391 35.68752 25.50245
11.20327 14.34345 21.70113 25.6398 20.6718 18.26428 19.43378 20.7607 -9999 -9999 -9999 -9999 -9999 -9999 -9999 -9999 -9999 -9999 -9999 -9999 -9999 -9999 -9999 -9999 -9999 -9999 -9999 -9999 -9999 -9999 -9999 -9999 -9999 -9999 -9999 -9999 -9999 -9999 -9999 15.51058 15.26237 14.87036 14.56304 14.56304 14.56498 13.41526 12.97592 11.03727 11.09566 11.11229 10.71044 10.11944 9.469925 9.12562 8.767963 8.768929 10.13901 10.56963 10.84467 10.83583 12.54583 12.51108 14.705 36.80844 45.58816 45.58463
13.4232 15.45058 15.46565 16.13303 18.38839 18.45881 20.36726 20.7607 20.7607 20.7607 -9999 -9999 -9999 -9999 -9999 -9999 -9999 -9999 -9999 -9999 -9999 -9999 -9999 -9999 -9999 -9999 -9999 -9999 -9999 -9999 -9999 -9999 -9999 -9999 -9999 -9999 -9999 -9999 -9999 21.8136 14.60971 14.56304 14.56304 14.56779 16.00961 16.68583 16.46284 10.84899 10.60963 10.60963 10.59959 10.54771 10.54004 10.33757 9.001905 9.211151 10.60037 10.60037 10.60037 61.40089 42.8639 40.35707 43.23188 47.26679 48.85899 50.54724
15.46565 15.46561 14.69854 12.87109 15.57812 19.48452 18.96953 20.18628 20.88157 21.17028 -9999 -9999 -9999 -9999 -9999 -9999 -9999 -9999 -9999 -9999 -9999 -9999 -9999 -9999 -9999 -9999 -9999 -9999 -9999 -9999 -9999 -9999 -9999 -9999 -9999 -9999 -9999 -9999 -9999 47.49152 23.16097 13.04167 11.68451 12.56258 16.60802 15.63467 11.83966 10.60963 10.60963 10.60963 10.62375 12.81737 10.64379 10.54004 10.50718 10.40674 10.5987 10.60037 10.60037 579.1645 727.5931 296.0977 41.94315 41.60391 52.25456 44.88421
13.88134 12.55235 12.08609 12.08556 11.64071 8.973058 8.678876 13.21335 20.67926 21.28082 21.28082 -9999 -9999 -9999 -9999 -9999 -9999 -9999 -9999 -9999 -9999 -9999 -9999 -9999 -9999 -9999 -9999 -9999 -9999 -9999 -9999 -9999 -9999 -9999 -9999 -9999 -9999 -9999 -9999 461.544 134.2297 20.87354 9.26803 9.277493 11.25766 15.76852 15.2137 10.6893 11.64719 14.57645 18.73593 21.55264 16.96728 10.54153 15.51897 18.73829 16.39772 17.74988 18.30894 22.06421 45.0984 15.58125 10.45386 10.45386 11.77107 12.80375
12.21093 13.7844 13.41831 12.65962 12.42949 9.627924 8.678876 9.054821 7.519637 20.0615 21.28082 -9999 -9999 -9999 -9999 -9999 -9999 -9999 -9999 -9999 -9999 -9999 -9999 -9999 -9999 -9999 -9999 -9999 -9999 -9999 -9999 -9999 -9999 -9999 -9999 -9999 -9999 -9999 47.49152 126.5741 30.6672 16.06021 9.26803 9.26803 9.26803 11.75245 17.26486 19.8839 21.61743 21.61743 21.61743 22.47108 20.5933 18.52296 79.65595 62.3118 19.73052 20.67148 22.083 22.05829 22.08006 20.90322 14.85585 10.45386 10.45386 10.75536
12.33332 15.39828 16.17259 16.17259 14.66085 8.981096 6.97926 6.471463 8.100124 20.5974 21.28082 21.28082 -9999 -9999 -9999 -9999 -9999 -9999 -9999 -9999 -9999 -9999 -9999 -9999 -9999 -9999 -9999 -9999 -9999 -9999 -9999 -9999 -9999 -9999 -9999 -9999 50.67778 50.67778 43.28498 26.36252 21.30496 12.05198 9.26803 9.26803 9.601952 17.06727 20.88038 21.61743 21.61743 60.46877 196.0502 35.89988 30.11766 23.43642 19.15414 19.15414 19.15414 19.20908 14.99832 9.744869 8.7519 9.88662 9.85467 8.968037 10.02357 10.30444
13.44118 16.90809 19.49906 18.50859 11.59147 6.439756 6.439756 7.415769 13.48321 20.95143 21.28082 21.28082 -9999 -9999 -9999 -9999 -9999 -9999 -9999 -9999 -9999 -9999 -9999 -9999 -9999 -9999 -9999 -9999 -9999 -9999 -9999 -9999 -9999 -9999 -9999 50.67778 50.67778 50.48629 39.95794 37.99525 37.99525 27.94025 9.26803 13.00992 14.54777 12.05668 20.93534 26.0857 25.85292 247.7394 310.6036 78.41334 30.24129 25.47847 18.50904 18.70137 19.05659 17.67038 10.24131 7.071674 7.501163 7.839164 7.97381 7.982339 7.338217 6.814841
22.45185 24.0896 24.0896 22.54716 14.82965 13.5175 9.621246 7.21811 8.893883 9.453559 12.63661 20.58397 21.28082 -9999 -9999 -9999 -9999 -9999 -9999 -9999 -9999 -9999 -9999 -9999 -9999 -9999 -9999 -9999 -9999 -9999 -9999 -9999 702.0397 50.67778 50.67778 50.67778 45.96319 40.64794 37.99525 37.99525 37.99525 36.37582 249.1363 75.57093 31.45906 31.45011 31.45906 31.36566 18.57952 10.76547 16.8645 27.35777 30.24129 20.98229 7.930242 7.994493 8.40667 6.821363 6.635032 6.635032 6.635032 6.614362 6.525506 6.537175 6.459507 6.403077
76.10898 26.22128 19.85193 18.74487 18.73194 18.71499 12.0162 9.339753 9.339753 9.339753 9.339753 12.72737 17.45337 19.78423 21.28082 43.72908 -9999 -9999 -9999 -9999 -9999 -9999 -9999 -9999 -9999 -9999 -9999 -9999 -9999 -9999 2237.88 2237.88 2184.241 1230.792 387.2797 30.11935 37.88234 37.99525 32.49622 28.66454 24.92296 20.59233 50.48235 20.81884 24.46897 19.90303 21.73497 17.04527 10.90049 10.7369 10.7369 15.1175 18.68561 16.27423 9.796205 7.949223 7.709477 6.813921 6.635032 6.635032 6.635032 6.648371 6.701877 6.573784 6.41281 6.403077
242.8544 73.54594 20.32089 18.44338 17.95522 12.38001 12.16119 15.9036 14.32591 11.55792 11.28172 13.35139 13.61438 14.89489 16.19466 30.41657 46.45871 46.56285 46.56285 -9999 -9999 -9999 -9999 -9999 -9999 -9999 -9999 493.2605 1869.866 2237.88 2237.88 2237.88 2237.88 2237.88 1940.513 805.9313 373.4314 24.02978 19.66911 19.65458 19.51832 19.42718 17.88498 16.50532 16.50532 15.71457 11.84679 10.7369 10.73718 10.7369 10.8062 15.39518 17.71264 17.71264 17.71003 14.39392 10.47929 7.083726 6.743092 6.963063 7.023069 7.094975 7.134397 7.134132 6.520991 5.612363
24.0896 18.96102 13.58043 15.05923 15.34614 14.24049 16.28627 18.22663 184.7458 793.9 425.1628 13.61438 13.61438 13.61438 13.61438 13.61438 24.85082 81.36024 211.907 467.0164 493.2605 493.2605 493.2605 493.2605 363.5737 406.3896 447.0097 399.7941 459.1708 866.5121 2109.43 2237.88 2237.88 2237.88 2237.88 2237.88 2124.847 748.8297 28.0628 17.13661 16.51792 16.50532 16.50532 16.50532 16.50532 16.50532 16.47777 15.99107 16.07505 14.94243 15.95248 17.71264 17.71264 17.71264 17.71264 17.71264 17.71264 10.65243 7.123846 7.134396 7.285429 8.205445 7.858099 7.134396 7.171947 9.818191
23.83595 22.68403 16.80296 14.17018 13.77951 13.97884 17.6876 18.22663 150.868 184.8906 61.14614 14.07475 13.80351 13.68874 13.61438 13.78074 14.06976 170.0805 344.5793 393.4585 335.6167 273.2396 276.1107 203.3058 107.5074 49.3346 31.74441 28.98591 157.9011 1351.102 1681.792 2235.416 2237.88 2237.88 2237.88 1764.956 298.5521 116.6626 115.8038 58.39185 35.96533 16.51022 16.50532 16.50532 16.50532 16.50532 16.50532 16.50532 16.31161 15.98368 16.52929 16.7063 15.80857 16.13416 15.83688 16.46528 16.22708 14.31282 11.65249 8.198196 9.051881 9.359545 9.24002 7.709942 8.103755 8.254313
21.76101 24.0896 24.0896 22.89713 15.6707 15.53113 17.9019 15.78939 13.48918 12.51391 13.86487 15.48977 15.48977 15.47991 15.33468 15.09702 14.58856 13.70948 11.62472 11.62698 12.07945 12.73715 22.89061 28.93548 28.98591 28.98591 51.11198 71.24797 83.89866 83.89866 69.09303 679.3621 1608.345 883.3524 1153.183 1599.126 94.6998 25.26199 332.3255 34.29939 23.17958 20.79827 20.43137 20.00182 18.52119 18.8972 19.43122 17.12622 14.53138 14.47896 14.47896 14.47896 14.47896 14.47896 13.76493 14.43903 15.04119 15.40182 15.50928 13.83187 9.823869 9.359546 9.260545 8.586122 8.254313 8.254313
9.915598 13.81601 16.48617 16.13703 15.56749 15.54609 15.61057 15.45416 13.43834 12.50244 13.23998 15.38724 15.48977 15.39902 13.99544 10.18353 10.17491 9.706804 9.302055 10.70576 9.302051 9.307069 12.86144 27.13981 28.98591 28.98591 55.8123 67.37698 54.91206 33.71887 15.17609 16.61009 116.3572 147.976 45.76451 168.3483 596.8373 234.4467 720.3421 241.0783 22.02079 137.4555 44.21459 22.14839 22.14839 22.29229 23.96742 23.92141 22.00628 19.05141 14.55745 14.45999 12.6956 11.62897 10.46984 10.76141 12.62471 13.79876 14.07313 13.59107 11.07663 10.42968 9.378471 9.377175 9.006528 8.706902
7.468762 8.984413 9.921226 10.87322 15.87438 15.85954 16.30045 14.09227 11.18396 10.34544 11.80194 12.0132 11.37532 10.84714 10.19737 10.20006 10.19721 10.12003 9.487383 19.15104 146.0252 13.96927 9.30205 12.70622 21.14398 21.30267 19.52102 164.7468 322.2463 16.48833 15.17445 15.17445 16.92785 42.60329 48.95441 48.86271 46.01245 45.10397 29.42181 13.68791 13.19108 109.8096 83.80656 352.2389 1241.975 742.5809 27.09993 27.09993 25.42202 20.17335 16.23487 15.76915 15.02481 12.84564 11.45005 11.40158 13.58758 13.68285 13.68285 13.68285 13.68285 11.68861 9.607539 9.462132 9.462132 9.425119
6.487637 8.653461 15.28448 16.6867 18.03682 18.03682 18.03682 14.99125 10.23345 10.23345 10.21359 10.17491 10.17491 10.20523 10.33638 10.35138 10.35138 10.35138 10.32369 12.47623 23.84149 26.61953 9.30205 9.30205 13.70744 15.17445 15.17445 184.6329 352.3832 15.17445 24.32465 32.17408 40.43609 48.95441 48.95441 47.65453 34.43753 22.39457 18.60492 29.02112 17.48332 13.74359 12.68548 5.898013 18.05415 18.32112 26.58144 46.34014 20.08445 16.37127 21.96085 22.31945 20.11184 20.11184 20.11184 17.93534 13.6863 13.37116 13.14317 13.15537 13.64731 13.3061 10.83315 10.45658 10.79535 10.33119
6.487636 8.911876 17.89611 17.68856 17.72228 17.27113 17.53896 17.94092 12.95269 10.19983 10.69036 11.15421 10.56518 10.41763 10.34778 10.35138 11.88436 13.60291 14.09412 14.20602 14.26509 13.32305 13.47469 26.02978 26.62899 24.24251 27.654 29.66615 25.32689 24.16749 37.42204 36.77232 35.6665 34.29636 38.56709 21.29669 16.83732 14.65307 17.80526 105.0433 52.77886 14.65329 12.41155 6.552174 7.039585 6.202729 57.06683 142.31 164.618 317.8756 36.37676 39.07345 34.08179 23.79395 23.40088 31.51148 29.6173 18.70415 12.81705 12.81359 12.73742 16.08583 14.90717 12.82232 12.54749 12.52863
7.842071 9.657907 13.434 12.37899 12.37899 12.45111 13.4719 15.21865 15.26371 12.88512 13.00083 13.74096 13.73864 13.57057 16.87016 22.7338 23.24267 18.1331 14.20602 14.20602 16.1922 264.8248 286.4473 537.1055 563.0529 82.459 31.89236 22.58043 17.8897 19.76497 15.37528 23.94552 21.41522 16.40161 22.32344 24.70243 24.07356 18.37762 14.62801 15.11263 15.61089 16.90018 17.17337 17.03766 15.42277 8.879826 6.354435 6.895564 7.139995 8.513518 12.69234 34.17611 32.23239 25.50592 29.96827 38.15195 40.1322 39.36314 21.59369 14.27012 15.39345 25.04868 25.7023 25.33257 25.2165 23.58461
8.062703 8.062703 8.992068 9.458982 11.91202 12.25155 12.91936 13.79744 14.38367 19.16854 24.9315 22.01705 392.9821 107.2547 25.32582 25.37391 25.54598 22.88473 22.32033 23.05539 21.13259 336.3931 864.9327 972.0544 739.5412 50.14667 30.83716 17.43205 11.60215 11.60215 17.14874 26.92443 30.55977 30.37126 30.55977 30.55977 30.55977 30.55977 29.02637 18.27911 17.17337 17.17337 17.17337 16.96872 7.915614 7.200664 7.200664 7.200664 7.200664 7.200664 7.200664 14.87094 24.32657 25.50592 33.46555 40.1322 40.1322 35.17723 20.87117 14.48988 14.48988 24.11927 25.68723 23.20867 23.15785 25.7023
7.759658 7.053687 6.477013 6.281352 6.713745 6.704401 8.933258 13.80933 14.27027 16.95796 23.57717 27.82737 384.5848 117.2004 20.59074 21.64257 22.93247 23.18886 25.63813 25.99903 25.93735 25.102 434.2779 264.5199 31.1857 24.58204 24.92113 23.55809 18.98063 11.78674 16.01521 24.7924 30.44718 30.55977 30.55977 30.55977 30.55977 29.4809 17.33484 17.17337 17.17337 17.17337 17.17337 17.17337 14.46697 11.19316 8.356667 7.200663 7.200663 7.200663 7.200663 7.200663 7.81645 13.20506 17.145 113.6425 107.5541 9.627629 13.41989 360.744 237.798 18.28413 11.58464 6.699498 6.998134 12.48526
