GISdata/Popn density Spain 2015.asc
ncols        374
nrows        216
xllcorner    -9.958333333325
yllcorner    35.541666666674
cellsize     0.041666666667
NODATA_value  -9999
[rows 24 to 47 of 216, columns 108 to 161 of 374]
43.080070495605469 43.080070495605469 42.965080261230469 39.184158325195313 37.442581176757813 37.442581176757813 -9999 -9999 -9999 -9999 -9999 -9999 -9999 -9999 -9999 -9999 -9999 -9999 -9999 -9999 -9999 -9999 -9999 -9999 -9999 -9999 -9999 -9999 -9999 -9999 -9999 -9999 -9999 -9999 -9999 -9999 -9999 -9999 -9999 -9999 -9999 -9999 -9999 -9999 48.825981140136719 65.681968688964844 67.156791687011719 -9999 -9999 -9999 -9999 -9999 -9999 -9999
43.080070495605469 43.080070495605469 42.178249359130859 37.442581176757813 37.442581176757813 37.372119903564453 36.911018371582031 62.163448333740234 63.202110290527344 63.202110290527344 63.202110290527344 50.164649963378906 42.976600646972656 -9999 -9999 -9999 -9999 -9999 -9999 -9999 -9999 -9999 -9999 -9999 -9999 -9999 -9999 -9999 -9999 -9999 -9999 -9999 -9999 -9999 -9999 -9999 133.43850708007812 715.07568359375 4590.287109375 4717.490234375 4660.0439453125 90.467697143554688 90.467697143554688 66.949493408203125 51.205188751220703 69.508537292480469 174.30360412597656 526.39617919921875 870.5048828125 -9999 -9999 -9999 -9999 -9999
39.213481903076172 38.448440551757813 40.637081146240234 36.927391052246094 36.680740356445313 37.438671112060547 41.409130096435547 58.63262939453125 56.392910003662109 62.850208282470703 62.273509979248047 47.925670623779297 42.976600646972656 42.976600646972656 42.976600646972656 42.976600646972656 42.976600646972656 42.976600646972656 -9999 -9999 -9999 -9999 -9999 -9999 -9999 -9999 -9999 -9999 -9999 -9999 -9999 -9999 192.34159851074219 242.46760559082031 155.87930297851562 134.20669555664062 174.53199768066406 1012.343994140625 2687.44189453125 2370.7119140625 157.68040466308594 115.88700103759766 69.610481262207031 52.357891082763672 57.506618499755859 55.545249938964844 50.749488830566406 207.601806640625 827.211669921875 724.410888671875 31.055030822753906 197.60710144042969 -9999 -9999
27.820869445800781 25.75316047668457 26.601530075073242 26.40962028503418 26.201040267944336 34.115459442138672 35.717700958251953 29.45012092590332 25.617450714111328 30.169319152832031 35.542411804199219 42.86383056640625 42.976600646972656 42.976600646972656 42.976600646972656 42.976600646972656 42.976600646972656 42.976600646972656 42.976600646972656 42.976600646972656 43.001670837402344 43.174369812011719 44.072559356689453 46.471080780029297 65.479927062988281 96.960617065429688 88.549842834472656 80.499809265136719 61.711448669433594 47.509120941162109 49.566921234130859 70.821136474609375 133.28550720214844 216.77859497070312 233.88330078125 137.30889892578125 177.1387939453125 524.66912841796875 778.5435791015625 523.13177490234375 192.02510070800781 140.20660400390625 46.718849182128906 43.490070343017578 45.8668212890625 49.691539764404297 54.621139526367187 106.35679626464844 689.8740234375 326.75228881835937 32.322429656982422 147.78450012207031 196.82080078125 197.60710144042969
44.043910980224609 25.865989685058594 25.865989685058594 25.865989685058594 25.865989685058594 32.247058868408203 37.471481323242188 32.784931182861328 24.333490371704102 24.333490371704102 24.185600280761719 17.348499298095703 23.251909255981445 24.009000778198242 20.294769287109375 24.608699798583984 19.189760208129883 16.465969085693359 21.17765998840332 28.510940551757813 32.061359405517578 34.101119995117187 42.030189514160156 45.642200469970703 62.384479522705078 86.16436767578125 33.9598388671875 61.00238037109375 70.705642700195313 59.040950775146484 93.445297241210938 153.63969421386719 191.36349487304688 967.136474609375 867.0496826171875 136.80720520019531 128.78280639648437 117.11979675292969 90.354438781738281 57.681350708007813 87.658950805664063 113.4375 47.290210723876953 49.828670501708984 35.414218902587891 28.744270324707031 26.356100082397461 26.885139465332031 82.150161743164063 103.21659851074219 26.456520080566406 22.077350616455078 160.14970397949219 197.60710144042969
27.758220672607422 25.865989685058594 25.865989685058594 25.865989685058594 25.865989685058594 32.984798431396484 35.748809814453125 27.653379440307617 23.76038932800293 24.333490371704102 23.274129867553711 9.5773124694824219 9.1912307739257812 8.3151702880859375 8.3133344650268555 8.3133344650268555 7.3849449157714844 6.5415201187133789 6.5415201187133789 13.374309539794922 15.118539810180664 15.854269981384277 15.930020332336426 16.224039077758789 25.729650497436523 23.490039825439453 23.140960693359375 23.154390335083008 104.37519836425781 155.0325927734375 82.486427307128906 63.177700042724609 164.80880737304687 724.7841796875 873.1876220703125 59.344020843505859 72.339202880859375 105.81269836425781 115.00370025634766 70.788833618164063 56.253971099853516 35.933090209960938 31.806119918823242 33.174831390380859 13.363039970397949 16.251819610595703 22.004539489746094 41.73516845703125 48.42041015625 37.272079467773437 32.986358642578125 20.560129165649414 30.481430053710938 126.38059997558594
23.277280807495117 16.058399200439453 24.124399185180664 23.86775016784668 19.18096923828125 10.978919982910156 9.3116922378540039 6.4913082122802734 9.6119318008422852 18.087890625 24.322389602661133 19.191570281982422 9.3281478881835937 8.3809604644775391 8.3133344650268555 8.3133344650268555 8.2899560928344727 6.568091869354248 8.3032932281494141 10.583809852600098 5.436161994934082 7.0865888595581055 8.3997411727905273 8.2149782180786133 10.046870231628418 12.696089744567871 17.146219253540039 17.128889083862305 63.925861358642578 42.255741119384766 29.67548942565918 113.72679901123047 215.86039733886719 134.01310729980469 55.252811431884766 56.331310272216797 41.008480072021484 45.644241333007812 51.268199920654297 68.646942138671875 42.969470977783203 12.911379814147949 12.326959609985352 11.318610191345215 11.423250198364258 12.217160224914551 12.213489532470703 41.448749542236328 57.386741638183594 33.583541870117188 18.493370056152344 15.959750175476074 15.259610176086426 21.712989807128906
9.5719985961914062 5.4761481285095215 5.4924712181091309 5.4332900047302246 4.1049990653991699 2.903270959854126 3.0867009162902832 4.6916089057922363 5.1233429908752441 6.3493561744689941 13.39877986907959 22.575929641723633 9.8718986511230469 4.502655029296875 7.5148158073425293 8.3133344650268555 8.3133344650268555 7.7682881355285645 8.3302679061889648 9.3666210174560547 8.1492033004760742 6.6241159439086914 4.9498710632324219 4.8065290451049805 8.9954614639282227 10.36909008026123 11.01830005645752 11.751299858093262 12.973210334777832 13.260519981384277 14.032259941101074 15.423760414123535 52.299568176269531 106.21119689941406 74.201728820800781 36.372150421142578 39.819538116455078 36.002029418945313 31.670469284057617 33.833900451660156 36.510391235351563 18.666929244995117 8.644810676574707 8.4507341384887695 7.8780288696289062 6.8741588592529297 6.7716741561889648 7.9046640396118164 37.987358093261719 19.207920074462891 17.889749526977539 17.804830551147461 16.341049194335937 40.071331024169922
8.8233413696289062 5.4332571029663086 5.4332571029663086 5.4332571029663086 5.2946357727050781 3.4310190677642822 2.8988211154937744 2.8988211154937744 2.8988211154937744 4.3224830627441406 5.3860611915588379 3.7658529281616211 2.3915948867797852 2.3915948867797852 4.2685642242431641 7.5549221038818359 7.231719970703125 7.1658377647399902 6.4519610404968262 10.799690246582031 14.854160308837891 9.3084707260131836 6.7727041244506836 6.2097859382629395 10.132809638977051 9.0651445388793945 4.8529791831970215 11.474699974060059 10.168359756469727 10.161999702453613 11.826169967651367 19.366130828857422 19.629659652709961 20.720579147338867 18.738029479980469 26.444879531860352 38.964191436767578 35.3597412109375 17.04840087890625 29.624509811401367 37.922950744628906 28.031339645385742 9.4404611587524414 7.9989700317382813 6.8916230201721191 6.6385350227355957 6.6385350227355957 6.6385350227355957 12.846920013427734 17.889749526977539 17.879510879516602 16.658979415893555 14.301480293273926 178.83329772949219
6.3481869697570801 5.4332571029663086 5.4332571029663086 5.4332571029663086 5.4332571029663086 5.1256928443908691 3.0573599338531494 2.8988211154937744 2.9704608917236328 3.4454090595245361 3.4579319953918457 2.6363680362701416 2.3915948867797852 2.3915948867797852 3.1251130104064941 6.1981430053710937 6.1981430053710937 6.1981430053710937 6.2321691513061523 39.911579132080078 52.905670166015625 7.8270549774169922 7.6812119483947754 7.2245659828186035 7.6544709205627441 4.5747570991516113 4.4950628280639648 5.6225910186767578 3.8285589218139648 4.2877421379089355 4.316565990447998 17.660379409790039 22.025510787963867 23.699689865112305 23.576850891113281 23.100730895996094 14.095930099487305 8.7916574478149414 9.8493919372558594 10.208900451660156 10.471329689025879 10.471329689025879 11.616559982299805 13.102319717407227 11.869239807128906 10.593009948730469 8.6604433059692383 6.9469499588012695 8.3184642791748047 15.383520126342773 12.456769943237305 10.739910125732422 10.735050201416016 10.735050201416016
24.561670303344727 6.2419991493225098 4.9979171752929687 5.4297161102294922 5.3124260902404785 5.3139591217041016 3.1638350486755371 2.6825640201568604 2.6671431064605713 3.007472038269043 2.8830490112304687 2.3209381103515625 2.2287158966064453 2.1857030391693115 2.3089580535888672 5.1060190200805664 6.1839170455932617 6.262688159942627 6.5305190086364746 6.5590391159057617 7.0650491714477539 6.5140137672424316 6.9068751335144043 5.3456211090087891 2.6555290222167969 2.6924231052398682 3.0752780437469482 0.29703050851821899 0.011520559899508953 3.538301944732666 5.3336877822875977 8.6711053848266602 19.131879806518555 19.04231071472168 19.139619827270508 17.38385009765625 11.726260185241699 8.7446069717407227 9.5571279525756836 9.7262048721313477 9.5987224578857422 6.7751169204711914 10.07450008392334 10.656940460205078 12.264599800109863 13.108429908752441 10.480560302734375 7.8647990226745605 8.5248088836669922 10.735050201416016 10.735050201416016 10.735050201416016 10.735050201416016 10.592729568481445
24.510410308837891 20.016599655151367 3.3989300727844238 3.5097239017486572 3.4540460109710693 3.7228000164031982 3.315208911895752 3.9149630069732666 2.4764530658721924 2.0189869403839111 1.9313360452651978 1.9313360452651978 1.9293960332870483 1.7403119802474976 1.6903229951858521 1.6903229951858521 3.1061949729919434 6.0637612342834473 6.5590391159057617 6.5590391159057617 6.2524118423461914 4.8954048156738281 4.7958221435546875 4.2895669937133789 2.5572009086608887 3.046889066696167 2.7552421092987061 1.2479820251464844 5.772852897644043 6.7051301002502441 7.6394329071044922 23.833219528198242 18.420539855957031 8.4862689971923828 3.9460709095001221 5.7848720550537109 8.0053062438964844 8.4358882904052734 7.4802379608154297 3.8166220188140869 3.8849399089813232 3.2536530494689941 3.0512650012969971 3.0512650012969971 5.0338339805603027 12.217800140380859 10.523480415344238 7.2384810447692871 3.6219189167022705 2.6233139038085938 6.3140878677368164 8.4440088272094727 6.1184759140014648 3.7692630290985107
2.4645121097564697 2.6956839561462402 3.34700608253479 3.3899240493774414 3.3899240493774414 3.4172239303588867 3.7668600082397461 4.3123431205749512 3.8110389709472656 2.97340989112854 2.5659260749816895 4.3000102043151855 2.4935948848724365 1.6903229951858521 1.6903229951858521 1.6903229951858521 2.3018569946289062 5.9768218994140625 6.533991813659668 5.702247142791748 3.2424349784851074 3.2598819732666016 2.2968709468841553 2.2904078960418701 2.1952919960021973 3.8659861087799072 7.6243190765380859 7.6394329071044922 7.6394329071044922 7.6394329071044922 7.6394329071044922 340.73318481445312 49.463459014892578 8.784428596496582 7.6147141456604004 7.379889965057373 7.564119815826416 4.8051071166992188 3.7813200950622559 3.6097478866577148 3.5694661140441895 3.5095560550689697 3.0512650012969971 3.0512650012969971 3.0512650012969971 5.3385100364685059 8.2172050476074219 6.4249310493469238 5.0991811752319336 6.4644942283630371 3.9692840576171875 8.4131278991699219 2.9950680732727051 2.4075601100921631
2.4645121097564697 2.4645121097564697 4.3059821128845215 7.3918190002441406 5.5386819839477539 5.1121082305908203 4.1209449768066406 4.2469592094421387 4.7217769622802734 4.967134952545166 5.2442898750305176 3.9257500171661377 1.8799799680709839 1.6903229951858521 1.6903229951858521 2.4036619663238525 6.6306648254394531 5.4869999885559082 4.1686501502990723 5.5880570411682129 5.5127949714660645 2.3293430805206299 2.1952919960021973 2.3281769752502441 3.6926310062408447 3.2209150791168213 5.5643181800842285 6.6284089088439941 6.9451532363891602 7.6614909172058105 10.272740364074707 322.87789916992187 38.063018798828125 6.8959140777587891 5.2642731666564941 6.9525408744812012 10.93772029876709 3.7615509033203125 3.7616369724273682 3.7616369724273682 3.7268850803375244 3.576772928237915 3.3573429584503174 9.6164579391479492 19.273080825805664 20.364299774169922 19.613470077514648 18.503519058227539 19.661239624023437 20.694440841674805 20.569080352783203 20.699819564819336 9.1046628952026367 2.4075601100921631
2.4686570167541504 2.4893341064453125 6.9170389175415039 10.782959938049316 10.782959938049316 8.7192964553833008 4.7728428840637207 4.2680110931396484 4.2830591201782227 4.6063442230224609 4.8906941413879395 1.4903210401535034 1.752769947052002 1.6903229951858521 1.6903229951858521 3.9750781059265137 6.8836641311645508 4.7139120101928711 1.3781830072402954 1.8980770111083984 6.5149469375610352 5.1928620338439941 4.8657698631286621 6.0434727668762207 6.5149989128112793 5.9400839805603027 3.6979720592498779 7.0993680953979492 4.2737717628479004 11.851420402526855 16.693050384521484 25.364030838012695 34.246238708496094 6.4173488616943359 4.1340188980102539 3.7680130004882813 3.3800520896911621 3.0451159477233887 3.4590120315551758 3.386868953704834 3.7616369724273682 3.5667409896850586 3.0646750926971436 13.909279823303223 20.649740219116211 20.686800003051758 20.689899444580078 20.698030471801758 20.699819564819336 20.699819564819336 20.699819564819336 12.662380218505859 2.4188508987426758 3.1333799362182617
4.8710079193115234 5.6268348693847656 10.14507007598877 10.782959938049316 10.782959938049316 10.188719749450684 4.2983541488647461 4.2460789680480957 7.4032111167907715 14.322979927062988 6.3911089897155762 7.1940488815307617 6.6926169395446777 2.2682070732116699 3.3238999843597412 6.8348388671875 6.8836641311645508 6.8836641311645508 3.8240211009979248 5.7576909065246582 6.5168042182922363 6.5168042182922363 6.5168042182922363 6.3656978607177734 4.6595911979675293 7.006432056427002 9.9807424545288086 23.324550628662109 18.726520538330078 15.222769737243652 15.215339660644531 13.537440299987793 4.0107851028442383 3.3197789192199707 3.3455789089202881 3.3902590274810791 3.2693450450897217 2.8477959632873535 2.5276370048522949 2.1141979694366455 2.2686231136322021 1.897210955619812 1.4855289459228516 1.6309700012207031 18.796260833740234 20.686800003051758 14.812170028686523 16.954339981079102 11.985989570617676 13.424739837646484 7.6520447731018066 9.6136074066162109 3.184561014175415 3.7061409950256348
6.7977538108825684 6.3143620491027832 6.5317888259887695 9.4545755386352539 10.777029991149902 11.698360443115234 32.133159637451172 27.200540542602539 26.276350021362305 15.766550064086914 6.0334582328796387 6.1712298393249512 5.8537030220031738 5.5719671249389648 6.3963890075683594 6.8836641311645508 7.0483150482177734 8.7207164764404297 8.1861581802368164 6.115231990814209 5.5905342102050781 5.5746369361877441 6.007227897644043 5.363555908203125 6.5124402046203613 9.638524055480957 18.850740432739258 25.338979721069336 24.570379257202148 23.18998908996582 20.119329452514648 17.70421028137207 3.3649439811706543 3.3558449745178223 3.3967421054840088 3.4059910774230957 3.4059910774230957 2.8904740810394287 3.3542120456695557 0.64001160860061646 1.8812979459762573 2.7480370998382568 1.3905899524688721 2.5577108860015869 5.1009788513183594 7.9828958511352539 6.4753761291503906 4.3617210388183594 3.7975358963012695 7.9453377723693848 10.977049827575684 4.0015120506286621 4.9269599914550781 3.8248169422149658
7.1994309425354004 7.9261369705200195 6.3331789970397949 5.3169012069702148 6.0093240737915039 6.372169017791748 17.191999435424805 29.549339294433594 34.009349822998047 14.738459587097168 5.6136569976806641 5.8516697883605957 5.8516697883605957 50.259628295898437 53.207569122314453 87.233413696289063 16.659149169921875 10.451689720153809 10.442560195922852 6.5731191635131836 4.5961341857910156 4.5285720825195313 3.750938892364502 4.252439022064209 6.7093329429626465 16.459379196166992 22.985710144042969 25.454639434814453 25.611040115356445 23.435039520263672 9.4382314682006836 4.2818260192871094 4.1040019989013672 3.4059910774230957 3.0879039764404297 3.3888499736785889 3.4059910774230957 3.2428340911865234 3.3752191066741943 1.0671570301055908 0 0.34039831161499023 0.97435200214385986 1.5991109609603882 3.392348051071167 3.5924310684204102 3.5924310684204102 3.6129999160766602 7.6307029724121094 18.670560836791992 19.068349838256836 5.8068790435791016 5.752161979675293 5.6721701622009277
5.6002278327941895 5.7580199241638184 5.741034984588623 5.509091854095459 5.1816959381103516 5.1025218963623047 9.2312421798706055 29.878240585327148 27.010669708251953 5.0694389343261719 4.0990428924560547 5.7398638725280762 13.798500061035156 53.977531433105469 56.7440185546875 75.571792602539063 14.439849853515625 8.3744440078735352 5.0401391983032227 4.204862117767334 4.5802979469299316 4.4858779907226563 3.242448091506958 2.4923429489135742 4.5252728462219238 18.7783203125 25.44590950012207 25.611040115356445 21.577430725097656 12.809089660644531 8.6370744705200195 5.3547477722167969 5.0225658416748047 3.2998800277709961 2.9110689163208008 3.0130128860473633 2.6971979141235352 1.8859299421310425 1.7850840091705322 1.089387059211731 0.33019828796386719 0.12957559525966644 1.1503039598464966 1.3104989528656006 1.7097179889678955 2.67364501953125 3.0239229202270508 5.8600897789001465 8.774928092956543 6.25384521484375 7.636253833770752 7.1106619834899902 6.4305038452148437 5.8238320350646973
6.0076432228088379 5.6002278327941895 7.0163769721984863 7.5752630233764648 4.9898171424865723 4.9976768493652344 20.774419784545898 16.788480758666992 6.9919447898864746 2.0657041072845459 2.8508780002593994 4.2095170021057129 18.622869491577148 31.314599990844727 5.555387020111084 6.3126320838928223 4.7795901298522949 3.035336971282959 3.0301089286804199 3.026015043258667 3.2719829082489014 3.697429895401001 3.0304789543151855 3.0732569694519043 4.1382060050964355 9.6813554763793945 8.5781364440917969 19.131069183349609 20.512350082397461 22.960720062255859 13.541979789733887 3.5634810924530029 3.6419990062713623 3.2013969421386719 3.0860490798950195 2.7139179706573486 2.1581730842590332 1.6878999471664429 1.9284720420837402 1.9745559692382813 0.85642582178115845 0 0.13128159940242767 0.67108482122421265 1.3522770404815674 2.0732190608978271 3.5528929233551025 7.2520051002502441 8.0379114151000977 8.0130195617675781 8.0130195617675781 6.4265570640563965 5.2203178405761719 4.5620040893554687
9.3732318878173828 8.1601400375366211 8.6975307464599609 6.854423999786377 4.9488639831542969 4.9488639831542969 6.9815549850463867 5.6810331344604492 2.73909592628479 2.6806340217590332 3.0941998958587646 4.0275077819824219 4.3323259353637695 4.2979989051818848 3.7367711067199707 3.6676480770111084 3.4941558837890625 2.8384859561920166 3.3006210327148437 3.5892190933227539 3.7495579719543457 5.8200178146362305 5.9399662017822266 3.984882116317749 3.0731019973754883 2.9379720687866211 7.269071102142334 15.651519775390625 10.06112003326416 6.3988471031188965 2.8170640468597412 2.3060429096221924 2.3534409999847412 2.7861740589141846 2.8649640083312988 2.7068250179290771 2.6084520816802979 1.8429399728775024 1.8757630586624146 1.8579779863357544 0.51703298091888428 0.065814182162284851 0 0.55630487203598022 2.5977489948272705 3.4531929492950439 3.9341609477996826 7.5349559783935547 8.2443752288818359 7.9881339073181152 6.5102581977844238 5.2521347999572754 7.3737149238586426 6.4813199043273926
12.048150062561035 8.9904823303222656 7.9020190238952637 4.9521660804748535 4.9488639831542969 4.9608020782470703 5.5539360046386719 5.6764698028564453 4.1069931983947754 4.026400089263916 4.0275077819824219 4.3124418258666992 4.1283001899719238 3.9997329711914062 4.2674989700317383 4.2759380340576172 7.2192897796630859 4.7520408630371094 2.5248401165008545 3.9942560195922852 4.229733943939209 4.6106672286987305 4.3734049797058105 4.1120080947875977 2.6652579307556152 6.2253069877624512 13.737299919128418 17.50670051574707 9.6755218505859375 3.3537969589233398 3.4454550743103027 3.0506119728088379 2.0693759918212891 2.0129389762878418 1.9896910190582275 3.0905449390411377 2.9325640201568604 2.6984739303588867 1.5113279819488525 0.13101330399513245 0.073851622641086578 2.9832921028137207 3.1459081172943115 3.9231870174407959 2.9162890911102295 3.4486010074615479 4.1819348335266113 4.1753449440002441 6.4463272094726562 4.7605161666870117 4.592310905456543 4.0874838829040527 8.1666803359985352 7.9345002174377441
14.194250106811523 10.396089553833008 5.5609707832336426 4.9488639831542969 5.5479350090026855 7.6457839012145996 7.5494709014892578 7.6791348457336426 4.8516368865966797 4.2458391189575195 4.1238632202148437 4.084381103515625 3.7988650798797607 4.6136341094970703 5.6212639808654785 5.3621068000793457 11.803790092468262 18.307979583740234 9.7342109680175781 2.5078740119934082 3.8913559913635254 4.0317730903625488 3.9206008911132813 5.2257590293884277 5.079960823059082 6.4227118492126465 12.458559989929199 19.740659713745117 6.6924138069152832 3.4673659801483154 3.4673659801483154 3.8804910182952881 4.700221061706543 4.5156211853027344 4.5996408462524414 5.1279778480529785 5.1279778480529785 4.5076398849487305 3.3328390121459961 2.6331419944763184 4.038599967956543 4.4990568161010742 4.2252178192138672 4.0003361701965332 2.1573588848114014 1.5701509714126587 1.6659400463104248 2.7777349948883057 3.2162599563598633 3.1740729808807373 4.9941887855529785 25.418930053710938 5.4732041358947754 5.6039328575134277
15.90526008605957 15.376059532165527 10.544919967651367 7.4695138931274414 8.8460664749145508 8.9610204696655273 8.85107421875 6.6394448280334473 3.0694539546966553 4.6227021217346191 4.0994429588317871 3.8679289817810059 3.7988650798797607 4.4689340591430664 5.742034912109375 11.646769523620605 17.897859573364258 19.643619537353516 19.643619537353516 11.668660163879395 3.2780289649963379 3.0424530506134033 2.8075480461120605 3.1920320987701416 3.1793909072875977 4.4261188507080078 8.3156309127807617 18.407760620117188 5.7313108444213867 3.6115059852600098 3.4673659801483154 4.4224319458007812 5.1279778480529785 5.1279778480529785 5.1279778480529785 5.1279778480529785 4.9197978973388672 5.0070099830627441 4.5546360015869141 2.5337159633636475 4.3952240943908691 4.2753911018371582 4.2252178192138672 4.2252178192138672 4.2252178192138672 2.7668569087982178 0.94305700063705444 1.3368450403213501 2.1561110019683838 2.3567550182342529 21.924610137939453 62.370368957519531 47.403511047363281 2.7766520977020264
