GISdata/Popn density Italy 2015.asc
ncols         336
nrows         336
xllcorner     6
yllcorner     34
cellsize      0.0416666666667
NODATA_value  -9999
[rows 40 to 79 of 336, columns 0 to 89 of 336]
0 0 0 0 0 0 0 0 0 0 0 0 0 0 0 0 0 0 0 0 0 0 0 0 0 0 0 0 0 0 0 0 0 0 0 0 0 0 0 0 0 0 0 0 0 0 0 0 0 0 1.274396 50.06981 59.7377 145.7104 160.3983 106.8029 86.75085 86.43794 50.13947 0.4648795 0 0 0 0 0 0 0 0 0 0 0 0 0 0 0 0 0 0 26.02106 120.2082 855.6638 5344.276 1435.001 466.6483 349.4059 58.63556 6.14724 3.816223 11.9149 255.8977
0 0 0 0 0 0 0 0 0 0 0 0 0 0 0 0 0 0 0 0 0 0 0 0 0 0 0 0 0 0 0 0 0 0 0 0 0 0 0 0 0 0 0 0 0 0 0 0 0 1.369303 183.3161 278.2651 299.8935 313.7432 234.2141 152.8924 90.08833 150.5733 136.2977 0 0 0 0 0 0 0 0 0 0 0 0 0 0 0 0 0 0 0.5156108 453.5882 602.4226 742.9984 1143.031 1094.487 400.1667 231.6821 182.2047 121.6687 116.9278 123.9045 297.4164
0 0 0 0 0 0 0 0 0 0 0 0 0 0 0 0 0 0 0 0 0 0 0 0 0 0 0 0 0 0 0 0 0 0 0 0 0 0 0 0 0 0 0 0 0 0 0 0 0 0 34.06706 119.8743 96.60736 240.972 314.4039 339.3614 303.2316 207.7115 238.6868 158.5485 58.94617 0 0 0 0 0 0 0 0 0 0 0 0 0 0 0 0.8141949 72.79559 236.0002 338.8701 803.4035 894.2811 493.3044 278.9211 259.8215 181.3772 124.7501 157.949 476.7916 1098.824
0 0 0 0 0 0 0 0 0 0 0 0 0 0 0 0 0 0 0 0 0 0 0 0 0 0 0 0 0 0 0 0 0 0 0 0 0 0 0 0 0 0 0 0 0 0 0 0 0 0 0 16.13193 372.4677 1079.579 784.9417 1220.891 209.9304 297.6983 316.511 497.9278 238.9368 144.4453 0 0 0 0 0 0 0 0 0 0 0 0 0 3.906199 284.637 486.8654 243.4727 348.5913 561.7391 759.59 1772.225 1230.691 1089.401 679.1201 607.6275 2485.257 1140.587 1688.894
0 0 0 0 0 0 0 0 0 0 0 0 0 0 0 0 0 0 0 0 0 0 0 0 0 0 0 0 0 0 0 0 0 0 0 0 0 0 0 0 0 0 0 0 0 0 0 0 0 0 2.799107 34.13361 269.521 5581.485 2689.179 1253.035 869.0552 611.5933 412.4073 529.7698 333.2231 405.1754 144.3977 0 0 0 0 0 0 0 0 0 0 0 37.58504 225.8203 458.7894 802.4257 2815.658 3254.024 1122.835 3209.62 2804.283 1970.694 3505.631 4685.188 5404.987 1816.958 814.1697 1150.478
0 0 0 0 0 0 0 0 0 0 0 0 0 0 0 0 0 0 0 0 0 0 0 0 0 0 0 0 0 0 0 0 0 0 0 0 0 0 0 0 0 0 0 0 0 0 0 0 6.653231 33.45435 48.6987 93.33956 134.0608 2246.579 6621.434 2189.514 449.2061 454.8854 355.4394 442.9271 353.4359 185.6172 180.179 1025.02 536.436 114.1585 208.9194 66.49194 0 0 0 0 0 18.17182 249.8328 823.6528 641.472 1866.817 2414.947 674.8298 998.7318 2716.835 2065.354 1192.874 2229.742 2303.314 3142.747 1643.405 132.9495 325.131
0 0 0 0 0 0 0 0 0 0 0 0 0 0 0 0 0 0 0 0 0 0 0 0 0 0 0 0 0 0 0 0 0 0 0 0 0 0 0 0 0 0 0 0 0 0 0 0 23.43776 66.82957 66.82957 98.1496 250.7355 2153.08 3609.33 653.2098 551.5807 511.8375 388.1466 304.0973 171.546 134.5831 676.8365 1236.806 1153.394 901.1672 1036.601 384.7994 59.70557 0 0 0 124.6601 348.1589 1223.12 2111.925 1459.13 1340.464 769.429 3518.228 916.9023 604.5505 1017.211 896.2137 153.0917 89.00343 151.3074 151.8235 89.28474 136.1439
0 0 0 0 0 0 0 0 0 0 0 0 0 0 0 0 0 0 0 0 0 0 0 0 0 0 0 0 0 0 0 0 0 0 0 0 0 0 0 0 0 0 0 0 0 0 0 2.510899 61.20982 106.1132 156.6777 142.6993 165.7243 1471.885 1647.042 1166.823 761.6918 841.5688 454.3288 181.5407 266.4825 135.8557 231.8248 1114.508 141.9728 898.1562 5929.741 448.4221 0.003543794 0 0 0 409.1535 813.3419 1877.755 2843.666 1913.355 3299.152 183.7154 2569.988 1137.652 994.059 853.7773 1001.738 458.0681 115.3992 439.1452 179.4541 231.9284 232.7098
0 0 0 0 0 0 0 0 0 0 0 0 0 0 0 0 0 0 0 0 0 0 0 0 0 0 0 0 0 0 0 0 0 0 0 0.03544223 0.003645692 6.460867 7.039225 74.98048 13.68631 0 0 0 0 14.90521 116.2112 123.5566 132.9734 140.827 386.846 204.8177 165.6801 499.4208 880.8781 787.8506 964.7244 1480.376 1037.414 582.4974 3624.863 2667.929 2815.763 203.8221 685.225 7478.328 6030.438 2058.606 2649.537 14.26211 0 2370.896 1245.583 1601.662 903.529 1979.872 2493.492 1208.687 657.0648 2141.71 1796.349 1361.665 1340.335 982.3575 235.2364 136.7399 326.4987 675.6052 494.5898 238.8961
0 0 0 0 0 0 0 0 0 0 0 0 0 0 0 0 0 0 0 0 0 0 0 0 0.886519 6.272341 0 0 0 0 0.2305621 1.197052 0 0 4.630076 18.35489 21.35057 12.7874 237.1487 297.2328 179.6332 10.93001 4.574178 0.1997527 0 5.266325 113.4172 127.9251 100.1018 106.3816 170.4841 139.0032 88.65577 311.3451 369.0653 315.6549 730.5634 3243.42 5201.104 8963.928 4910.976 12885.49 1437.554 2476.477 2920.304 3277.811 4901.876 5908.686 6526.767 2190.324 0 0 864.1071 1827.864 2026.751 569.1502 1358.729 2474.139 1693.799 2261.913 3823.016 2535.205 1716.2 1105.567 622.2645 146.1104 173.394 1301.264 996.26 621.1898
0 0 0 0 0 0 0 0 0 0 0 0 0 0 0 0 0 0 0 0 0 0 0 0 96.79133 197.9352 9.574778 2.948045 2.210806 56.30408 32.90638 48.53045 34.02995 17.67253 24.74557 25.25383 48.387 208.4443 297.456 297.456 200.2114 145.3528 127.6351 49.12649 44.77934 91.84025 114.5199 47.29768 36.43947 60.25157 97.08842 83.8223 66.90121 83.64707 559.0763 353.3436 389.8866 4791.198 6294.327 4439.313 1830.804 194.6047 5130.913 7088.829 6256.111 4601.105 2907.51 4729.99 4655.744 7551.915 2200.255 0 0 802.3258 2492.812 1249.4 1483.446 1057.431 1957.2 1756.091 2561.606 9102.471 5603.517 952.2838 248.6341 144.1898 962.848 1767.05 1397.402 1026.461
0 0 0 0 0 0 0 0 0 0 0 0 0 0 0 0 0 0 0 0 0 38.73954 78.91003 176.7833 271.8067 277.6423 102.0104 74.6387 101.5259 167.9244 183.7602 102.5536 195.0099 70.65903 57.62487 376.1102 596.8931 195.3831 289.389 178.5503 163.1372 154.271 139.153 90.05108 89.84069 112.3156 93.9778 48.76633 42.14488 79.90205 127.3349 110.0838 93.78506 264.9772 1012.476 900.9553 1194.938 4821.529 4492.396 873.9097 1248.772 2839.888 1999.354 9832.251 8683.443 9244.69 11331.17 17446.46 11271.22 8985.918 3769.574 646.6335 1042.047 10889.7 1842.643 2185.983 3457.259 3820.977 6866.955 6911.057 11438.5 13659.16 16006.45 4550.712 1409.698 871.3987 1543.016 2632.765 2165.885 1036.575
0 0 0 0 0 0 0 0 0 0 0 0 0 0 0 0 0 0 0 9.408664 79.04448 225.7541 274.0773 282.9128 355.2618 352.977 193.0994 79.31261 145.5107 252.2427 516.15 615.6324 587.0394 434.394 668.3168 835.2756 739.3488 229.765 588.3475 656.5386 154.5519 163.2 162.9941 159.7965 118.54 67.06871 57.7297 71.71149 89.40456 105.6219 163.1566 134.5961 600.9906 1073.038 1016.916 720.8711 685.4756 2523.627 1593.875 1476.394 3680.57 1505.514 3448.572 5816.881 6406.604 3911.999 11489.5 20049.58 20129.48 13374.46 11560.34 11321.02 10983.58 22972.11 22181.5 8326.483 10520.49 14217.93 6134.506 8782.62 7499.731 9944.926 14332.22 2461.555 3558.435 4291.434 3058.97 3354.492 3363.704 2099.257
0 0 0 0 0 0 0 0 0 0 0 0 0 0 0 0 0 0 0 92.78768 210.9219 252.3032 368.6479 412.2206 598.6663 435.8823 251.4379 230.1137 1490.798 2501.729 7371.871 7362.967 3281.643 918.5563 918.4062 807.437 834.7448 496.8148 1285.041 2196.803 1617.602 220.3362 220.176 175.4217 162.3185 68.21091 62.56813 30.53705 113.36 214.7289 396.6464 430.3528 1645.292 2984.51 2942.97 783.9921 1762.7 4683.058 3702.893 3401.838 9516.36 4117.435 6245.037 5600.335 5335.904 5120.995 9488.972 14719.69 14973.19 14573.83 9096.865 16472.03 14661.18 18853.96 23954.8 14310.5 9918.594 12475.08 12177.82 12591.21 10359.73 7928.09 12230.8 6293.582 4070.933 6310.526 8139.818 8021.086 7023.683 9305.019
0 0 0 0 0 0 0 0 0 0 0 0 0 0 0 0 0 0 0 57.04866 77.73619 77.53503 232.846 522.4101 539.2696 393.4772 259.7618 328.0537 1218.213 2088.26 4418.317 11400.56 4350.214 893.8189 639.5753 464.8892 610.3748 827.045 1446.305 2039.031 1526.67 312.3495 291.7975 215.2827 175.9656 174.2538 630.7872 293.8248 857.291 1053.757 2045.712 1085.281 632.565 3033.723 4480.007 2158.599 1223.089 3352.729 7388.608 5550.585 4193.851 6621.82 5914.543 7353.19 5768.41 5941.178 8848.561 15524.26 10345.54 12806.54 9840.205 9409.078 13765.99 14827.63 14821.63 19399.7 15575.74 15996.23 16414.49 15698.57 8179.768 12137.25 12027.73 8938.798 7118.353 13026.83 22003.12 23742.11 26735.45 17204.36
0 0 0 0 0 0 0 0 0 0 0 0 0 0 0 0 0 0 0 1.639689 35.20663 60.86989 77.59288 149.9306 288.9803 259.4838 253.9764 368.5448 907.5664 869.7626 1283.859 1794.377 1613.749 1049.711 518.1863 393.9893 352.4993 514.945 340.1992 640.4373 1958.178 592.9891 347.8379 197.3607 181.3026 429.5372 322.2104 136.2427 1769.445 785.0483 2062.9 2276.822 1785.021 1563.097 2690.097 3783.827 3795.468 2187.478 5150.538 7402.221 3908.533 2542.828 5085.609 6483.257 6828.396 8086.029 20887.78 24214.84 12257.93 11973.41 9691.725 9220.769 12844 17335.94 15422.56 23103.08 28011.92 29891.07 16460.95 14690.5 12272.23 15968.63 17311.01 14160.81 15731.36 20476.13 23306.35 36127.04 34496.35 25685.63
0 0 0 0 0 0 0 0 0 0 0 0 0 0 0 0 0 0 0 0 0 3.090996 32.31647 37.4826 90.72501 107.387 272.1258 125.0911 180.8057 530.9583 622.683 630.2003 416.6183 151.8983 304.1245 352.8661 326.0941 166.0334 213.4575 572.8354 1442.512 698.8736 524.1982 320.3933 250.8504 236.6335 4518.468 5767.208 1136.28 1264.13 920.8768 3287.988 2539.452 593.8074 627.2302 1763.992 3085.534 2922.559 2545.245 2245.622 2542.203 1785.261 3308.353 3526.806 5107.874 12522.41 20890.01 28061.76 24146.25 18221.55 16554.86 14117.74 22337.32 19914.23 22404.15 39320.31 41796.31 39558.48 28764.02 23004.99 19599.15 22851.65 13810.45 11492.28 12790.41 16103.46 26185.33 23093.58 13720.48 13093.66
0 0 0 0 0 0 0 0 0 0 0 0 0 0 0 0 0 0 0 0 0 0 0 10.35141 24.8081 24.8081 40.87039 58.02183 19.72059 153.0045 255.932 101.1322 101.1056 101.1056 101.1056 147.434 116.0998 84.01475 93.92742 82.58298 308.4796 1170.955 1438.427 3266.929 869.4907 950.177 2355.134 7544.921 7782.385 6052.906 2387.266 2076.236 3770.025 1197.767 1460.063 1785.338 3572.547 3101.937 2363.227 1576.231 1359.942 1578.535 3968.632 4823.615 4335.354 7490 10118.77 25156.18 34558.11 36534.14 35328.17 17240.92 22217.24 31160.35 35353.91 40694.7 44151.24 51665.25 52205.94 38627.8 19888.11 16243.14 14335.08 15819.88 16066.04 18400.03 19691.62 10021.04 8737.227 8320.665
0 0 0 0 0 0 0 0 0 0 0 0 0 0 0 0 0 0 0 0 0 0 0 4.648081 24.82652 24.72935 24.23927 23.48145 16.22141 16.14754 49.63535 101.1807 101.1807 100.7426 79.73334 26.50488 23.12766 16.46863 126.7316 249.0945 337.271 906.3634 943.8134 975.6506 946.3412 870.0211 1220.984 2500.396 9783.844 12635.38 11763.65 5348.38 7241.854 2480.763 1926.671 835.9566 1329.898 1725.939 2605.865 1589.809 894.1107 1545.01 2918.013 3384.956 3820.349 5199.579 8862.603 10330.46 18668.21 28841.08 30067.36 21287.71 28875.29 40299.14 42184.22 46263.32 65653.77 69556.21 57052.23 43829.36 25886.36 20569.64 12817.69 13576.35 13915.29 9330.452 13318.19 8346.433 6876.857 7274.273
0 0 0 0 0 0 0 0 0 0 0 0 0 0 0 0 0 0 0 0 0 0 0 1.538895 23.79426 24.37307 24.19742 19.73579 16.15951 16.15951 50.73233 78.29626 138.0992 94.73115 39.81166 39.57808 30.28696 27.89627 70.67731 142.5948 258.3416 202.5513 435.5987 1307.159 3117.763 2023.332 1285.139 2533.252 4312.618 6110.38 5015.94 4503.953 4086.211 1442.644 907.4946 458.6898 784.7639 1249.768 1314.516 513.6063 605.9144 1386.032 3177.233 3467.329 3863.199 8878.094 6294.941 8282.704 10871.41 11945.5 16819.88 20546.09 26489.41 34160.85 62938.43 74521.05 87738.46 86310.92 65462.54 35979.25 26089.28 24699.67 17214.22 10423.19 12361.72 10596.18 11467.42 6722.976 6538.365 10104.56
0 0 0 0 0 0 0 0 0 0 0 0 0 0 0 0 0 0 0 0 0 0 0 0 1.266787 12.65716 20.33571 20.26841 19.25217 20.46449 24.77686 26.60919 135.9293 172.0918 61.42596 29.34987 42.22867 83.31683 129.4051 184.9585 633.6335 712.482 634.471 2417.976 8089.442 7791.916 2909.19 1285.864 1335.098 1625.408 1392.25 857.1979 617.3839 678.0234 422.5362 319.6047 524.5938 789.6309 1079.615 1040.664 950.5889 4276.139 13356.09 8445.416 7076.019 5359.168 5145.688 4971.277 10113.8 11907.38 13567.67 21547.8 24255.46 53189.6 87616.05 87678.87 87678.87 87678.87 47904.32 26661.93 8420.385 9494.359 10948.11 3742.032 3518.372 5080.93 7669.278 6540.713 6511.334 3323.838
0 0 0 0 0 0 0 0 0 0 0 0 0 0 0 0 0 0 0 0 0 0 0 0 0 0 5.184737 18.3327 21.81564 21.89908 22.73904 24.94577 82.76838 172.4718 144.9193 37.13868 216.0025 1897.29 1509.612 1247.409 521.3243 2455.198 1722.266 2980.794 6688.824 9312.928 2973.967 2048.907 1810.134 1622.429 1143.538 928.3237 510.4706 487.4353 480.8419 320.7232 322.9982 570.5305 1081.865 1050.804 2725.042 9994.138 13996.82 13996.82 11180.8 6876.743 6253.212 7680.825 10097.58 8860.456 8032.29 4308.99 8175.998 51066.71 69818.68 85704.58 87743.7 86088.8 38389.63 13155.25 10455.4 9154.327 3299.765 2904.296 4215.129 5131.28 4271.465 4013.625 4758.112 2875.296
0 0 0 0 0 0 0 0 0 0 0 0 0 0 0 0 0 0 0 0 0 0 0 0 0 0 0 0.700811 19.33907 23.73235 24.79826 91.71345 153.2943 170.0742 172.5991 207.6279 505.5565 571.8652 4206.178 5538.989 3143.961 2493.492 2136.989 1380.062 2740.532 4347.352 1400.456 1310.504 1368.691 1779 2052.904 2354.583 1799.71 1853.717 1046.401 271.6382 277.4453 892.8334 1251.074 773.6908 529.8474 6144.859 9702.772 6657.245 3699.949 2126.367 2737.104 2762.479 6593.03 8486.321 6898.667 7851.264 5079.287 7447.986 25212.27 34574.19 63410.4 35839.84 19869.12 11775.26 9585.348 10000.57 5676.25 4960.043 4943.883 6982.243 7089.556 5011.905 8568.106 5709.572
0 0 0 0 0 0 0 0 0 0 0 0 0 0 0 0 0 0 0 0 0 0 0 0 0 0 0 11.52717 25.29965 30.56604 42.11026 223.35 276.5509 339.167 477.9332 852.6074 1419.467 2248.36 2125.445 2995.312 4082.296 3800.006 2431.149 1974.12 1525.143 2091.965 1443.747 963.7831 964.5087 1107.26 1368.986 1523.852 1953.408 977.3459 756.5291 762.2668 3677.161 4393.449 4368.576 1443.178 554.6295 886.0073 1033.485 1366.812 1293.86 1419.419 2049.587 3961.165 7168.257 6612.054 1142.134 2978.731 4975.968 4433.506 7553.592 15938.31 18657.84 10565.7 5345.301 19982.77 12147.68 7495.293 4952.593 3489.905 6460.632 4507.773 6311.476 9954.038 11487.46 7908.637
0 0 0 0 0 0 0 0 0 0 0 0 0 0 0 0 0 0 0 0 0 0 0 0 0 0 4.211717 23.61215 24.38934 40.66561 139.6483 205.5691 555.9175 600.8719 518.2358 984.5178 1307.373 1647.807 1978.101 3105.474 4389.118 5267.366 2218.93 3231.717 2031.026 2095.091 1888.36 1184.284 1902.183 995.4003 719.7035 772.251 968.3934 790.4308 352.1437 1043.092 4824.895 7102.626 7009.131 4838.774 1627.674 1292.545 1929.92 1819.496 1334.818 3714.141 3410.317 9831.524 9892.975 9838.279 5272.287 4753.451 10031.25 2420.818 7415.12 4264.703 6421.708 7279.764 4269.348 3164.318 5819.445 7356.887 7820.895 12019.53 13529.98 2942.005 2272.52 2452.235 3012.541 3148.193
0 0 0 0 0 0 0 0 0 0 0 0 0 0 0 0 0 0 0 0 0 0 0 0 0 0 0 22.29218 26.57956 38.12032 98.70269 245.887 345.1474 570.4472 1382.512 4965.815 4472.498 5415.518 2617.531 2723.678 2821.432 4723.362 3786.566 2841.809 2557.249 2493.024 2357.612 1792.639 2305.875 1171.597 997.1619 884.307 1055.792 874.0306 355.5577 571.0452 969.575 1759.9 1773.731 895.4385 1046.811 1038.567 1230.139 857.6131 2120.936 3703.503 3710.601 4452.224 4271.073 4954.386 4035.504 5449.019 3739.829 2191.089 5850.563 3356.15 3793.687 5230.799 4327.488 3337.793 5890.586 6426.305 4158.132 5993.103 6037.802 2504.104 1597.631 1197.554 2006.879 1974.763
0 0 0 0 0 0 0 0 0 0 0 0 0 0 0 0 0 0 0 0 0 0 0 6.729754 62.1726 52.83847 20.23562 28.76217 29.09881 29.46204 48.3634 103.8797 198.6049 207.4276 478.7599 1855.096 3861.852 8221.338 11326.78 4915.319 4180.603 2942.962 3804.562 3456.991 4050.825 5529.02 4159.164 3086.045 1941.914 1853.081 1476.573 1870.551 1044.869 1361.835 1017.121 891.3229 659.6252 603.5493 833.9338 777.2162 549.1783 439.6221 409.9872 1030.397 1353.752 2683.962 3392.411 2324.178 1956.655 1697.256 2500.856 1166.212 1296.104 2431.909 7754.779 11626.64 10193.39 3278.811 3859.122 2802.619 3664.793 7931.334 4779.457 2231.987 2333.157 2159.958 3491.027 2230.633 3361.946 2355.099
0 0 0 0 0 0 0 0 0 0 0 0 0 0 0 0 0 0 0 0 0 4.463002 96.87061 533.5447 328.1171 298.3141 410.659 1050.983 1033.242 686.2877 594.947 539.1427 699.0408 727.6171 995.0049 1245.203 2156.707 5578.877 9953.484 8946.611 7277.124 5290.252 7103.523 8165.598 8462.416 5172.5 4222.896 2181.46 2149.306 1903.375 1769.458 2050.509 882.8026 1273.873 1111.485 1343.754 1170.787 1132.459 1375.16 1539.603 1632.289 860.8779 665.6592 720.8128 778.4001 685.7883 722.1433 813.5955 1345.347 2512.47 2964.607 2363.783 1441.885 975.4297 6739.439 13638.51 14619.97 8034.895 2722.163 2427.402 2455.85 1847.944 4650.649 5360.584 3962.525 2783.546 5147.411 6900.535 6317.911 2918.462
0 0 0 0 0 0 0 0 0 0 0 0 0 0 0 0 93.58595 115.9093 224.0624 165.3814 36.12244 148.7167 283.2985 400.502 872.6092 3183.982 3919.892 2267.072 1463.826 1934.423 1002.18 1149.154 2125.536 2348.315 2318.987 2007.184 4320.074 5264.161 22357.15 24968.01 29661.7 20384.27 20825.79 14325.52 5474.391 1805.985 1659.911 1542.604 2119.083 1849.23 849.0614 567.5823 784.9293 817.886 592.3746 942.0768 1445.408 2896.668 5122.799 5036.308 2573.135 869.0753 736.5854 913.1961 1029.196 444.6554 992.481 840.5787 524.1057 1190.421 1891.98 2075.152 1933.405 1599.366 4688.199 4313.302 4323.672 2549.463 2968.844 2681.142 1918.862 1015.937 1571.744 2355.599 2137.597 2130.842 1344.63 2819.28 6033.44 4202.928
0 0 0 0 0 0 0 0 0 0 0 0 0 0 0 202.3237 313.5999 314.6276 320.2686 379.663 234.8339 132.6671 99.16394 501.1458 589.5977 782.9297 432.7107 1622.738 927.4079 1877.48 4681.83 2756.44 5660.528 7239.591 5392.507 6053.722 17107.57 15583.91 37907.16 72178.17 82354.91 75506.02 20050.51 6549.75 4633.171 1510.609 1160.51 910.1415 948.5837 1079.625 833.2869 758.9095 922.1813 973.3851 721.1713 827.7528 1171.092 2005.423 3901.464 5083.632 2398.933 1739.674 982.8009 825.2777 1211.813 2743.325 1855.763 886.467 754.2991 2999.581 2201.905 1000.749 1503.717 1100.651 1999.612 3366.505 1654.059 1573.772 3192.371 3735.702 1285.502 1089.597 2203.132 1966.43 885.462 2166.497 1032.147 2309.471 2772.669 2401.109
0 0 0 0 0 0 0 0 0 0 0 0 0 0 0 59.54462 312.5481 400.119 479.1104 495.7302 325.658 221.5251 108.2304 174.5488 156.3209 295.7547 339.5532 1010.808 964.3918 987.5021 1814.33 1925.943 4212.484 6784.345 7421.733 10024.48 21800.07 29082.01 50380.89 82402.01 82415.02 79687.04 23937.4 4024.765 3864.307 1660.281 1343.284 1313.335 730.2402 1112.898 1208.615 844.4398 584.4857 1031.605 1572.078 905.9718 773.9058 1189.295 2450.966 1982.82 994.4358 1467.548 1964.056 1453.093 593.746 1325.39 1434.948 1053.365 778.5179 1495.862 1489.286 1179.335 3192.665 2036.884 2191.608 1980.923 1662.057 4184.71 5390.477 5388.962 1710.036 2958.121 3957.551 2266.891 2238.654 3863.837 2761.994 6851.062 7878.604 6944.148
0 0 0 0 0 0 0 0 0 0 0 0 0 0 0 2.843741 155.4093 278.5925 422.5631 460.9604 761.7257 505.4414 72.69746 73.77174 116.6635 155.3553 188.6786 217.2825 894.2262 2381.074 3416.646 3450.617 3197.148 4001.224 6578.291 14064.12 12492.34 16836.25 58202.3 70693.8 48035.15 22537.46 6306.891 8831.559 7753.656 2563.638 1758.337 2039.588 1120.3 993.4886 1417.58 781.1306 1139.847 803.4797 1201.235 866.9033 718.7627 841.3834 973.4723 1020.738 1406.915 2345.569 4617.607 5035.875 2447.21 946.9891 751.8492 842.7693 1004.048 1903.043 1252.652 6185.984 7516.805 4745.838 2954.412 3449.738 1827.87 1505.759 1972.693 1634.927 1470.472 2519.572 2296.998 1987.073 2059.941 1979.339 4515.659 10400.91 10014.97 10385.17
0 0 0 0 0 0 0 0 0 0 0 0 0 0 0 0 0 6.401839 101.2713 128.0517 360.8464 310.6917 70.77999 45.57037 54.62259 99.38167 197.011 890.2579 1870.532 1457.525 1970.689 2466.032 1995.79 2521.149 5333.451 6120.681 7621.549 10259.43 26699.71 24638.15 12312.4 14351.57 8903.172 9337.125 5870.104 1728.071 1733.663 1610.664 1090.637 1021.439 1416.025 2663.455 2063.592 3208.031 1929.119 1114.536 932.5334 770.6172 914.439 642.377 1322.473 2778.773 4861.719 4430.111 1180.254 896.3435 1281.77 1320.284 1656.466 1682.021 1507.191 5997.052 6615.799 2425.321 1385.679 1716.611 548.1026 654.0566 627.1556 1666.339 1222.489 1179.011 1815.678 1130.315 1065.1 1095.273 2179.305 2762.658 2950.212 3295.031
0 0 0 0 0 0 0 0 0 0 0 0 0 0 0 0 0 7.693677 184.2676 114.7709 182.375 235.8166 117.9394 62.61085 45.28984 52.12592 141.0286 206.8557 1032.171 1594.493 3053.758 4517.437 2588.927 2485.432 2759.268 4031.083 4490.346 4818.077 5493.801 7076.839 7084.095 7173.989 7574.99 3816.86 1769.843 1759.082 1750.36 1609.895 1928.188 1504.499 3997.621 6513.35 6476.75 6138.51 4302.944 1645.011 1480.44 1140.522 926.068 677.8909 2097.677 5576.076 5576.098 5001.732 3377.597 3294.923 2012.453 2330.76 2588.962 2290.436 1647.779 1766.896 2340.337 1527.925 876.7881 592.4785 370.2216 372.7567 374.4513 693.217 764.7041 814.3523 780.8129 389.6044 727.7865 650.0924 1876.216 2099.019 2200.505 1992.831
0 0 0 0 0 0 0 0 0 0 0 0 0 0 0 0 0 0.006705048 60.33878 106.4204 108.4453 57.088 47.40365 53.91897 53.08239 53.58826 131.6823 197.3075 159.8287 1767.705 4108.767 7148.479 7152.625 6432.974 2475.151 2209.693 1928.41 1971.469 2585.31 2461.962 2820.124 3488.387 3643.22 2181.247 1779.451 1568.873 1506.831 1548.25 2007.73 2227.906 3463.54 6518.073 6518.073 6491.681 3987.049 2286.937 1310.887 1259.668 1238.383 937.4814 3052.529 5580.142 5580.067 5345.014 5580.142 5580.142 5219.411 3358.281 3358.281 2919.107 1763.168 1102.333 1754.013 1966.304 833.7438 296.618 292.2056 347.0273 519.0458 658.2544 282.5918 589.5377 256.1466 238.0201 491.3385 705.7877 1967.292 1456.19 1579.084 1780.813
0 0 0 0 0 0 0 0 0 0 0 0 0 0 0 0 0 0 0 7.163628 53.77579 76.40408 26.93891 31.52178 50.98906 60.95254 186.4882 491.1958 1131.802 1211.724 2760.224 3860.918 5561.185 2688.346 1323.299 1916.887 1931.307 1577.62 1906.43 2518.894 3660.935 3796.46 3563.472 2350.163 1540.412 1053.135 1329.159 1907.408 2272.228 2455.499 2123.228 2228.052 3983.522 3864.449 2324.017 1430.461 1166.429 1028.058 873.7284 679.9335 2155.408 2953.297 1826.057 1333.177 1509.751 3763.034 2942.567 3309.165 2764.905 1946.407 1091.795 704.5766 455.8565 547.2899 735.6461 487.8307 441.5403 453.2385 547.3437 405.8775 241.6466 257.4844 360.5243 385.5414 364.0035 690.0063 1484.805 1567.438 1373.306 678.9071
0 0 0 0 0 0 0 0 0 0 0 0 0 0 0 0 0 0 0 0 0 0 0 0 57.27583 90.57516 104.3536 271.6724 2239.528 4093.862 3505.304 2276.877 1670.494 1579.171 1529.751 1542.103 1536.779 1517.167 1293.392 1999.851 3296.164 2675.686 1988.632 1029.306 952.4037 1291.255 2187.932 3258.264 3397.677 2774.541 1507.311 2021.817 2131.916 1867.98 1865.321 1533.558 1137.422 1437.879 977.4543 628.4343 1059.073 1130.436 1280.481 1111.735 875.8119 2274.778 2089.942 2509.451 2649.274 619.8311 433.8466 297.6117 315.7031 383.7204 375.5445 433.6755 763.6816 659.2623 316.1146 310.4246 427.4335 501.6536 412.1358 297.9119 330.8995 343.9477 416.2102 626.856 482.3711 623.9767
0 0 0 0 0 0 0 0 0 0 0 0 0 0 0 0 0 0 0 0 0 0 0 0.03751952 52.67705 91.22301 192.0046 354.2712 893.6558 2752.75 1738.343 1664.655 1575.684 1506.887 1373.213 1239.598 2287.602 1940.048 972.0907 2712.563 2836.901 1886.994 2283.791 2522.65 1922.52 1322.488 1111.045 1931.616 2677.468 3225.898 2113.154 2440.521 2288.708 1656.104 1695.557 2941.997 4537.947 2899.021 780.3367 839.9244 1216.202 646.5464 613.4318 887.258 1462.99 2824.991 5281.356 5853.467 3337.861 823.1265 767.2551 581.9792 349.0546 492.5093 226.5518 187.4407 582.2328 292.2014 204.3738 442.3974 511.3011 476.2035 286.9914 195.0137 327.1341 325.7874 334.914 381.777 439.5368 651.7174
0 0 0 0 0 0 0 0 0 0 0 0 0 0 0 0 0 0 0 0 0 0 0 0 19.48784 78.44886 169.5382 220.0958 773.1099 1198.476 1282.769 1297.87 1282.888 1273.05 1176.107 1333.868 2394.608 932.2181 692.638 733.6945 1670.026 1924.23 4479.744 6495.155 4823.039 2877.262 2633.58 4428.861 5663.611 4105.913 2051.817 1900.633 1435.551 1576.085 5009.379 3558.501 1648.003 805.378 1144.827 1060.538 1363.634 1170.068 635.1978 916.9962 995.8854 1290.653 2955.515 4719.754 4247.784 1973.846 1302.552 777.6718 436.251 263.0213 243.4174 187.7004 187.9666 185.0504 205.2274 246.8436 288.6839 284.6466 190.968 183.7766 199.8947 203.3184 274.8313 290.3349 180.0469 170.0182
0 0 0 0 0 0 0 0 0 0 0 0 0 0 0 0 0 0 0 0 0 0 0.03622533 12.37896 16.72773 19.90765 49.65983 46.48532 44.97764 684.5341 774.1783 1094.233 1219.742 1213.72 1449.157 2929.205 2460.203 998.7255 1130.916 2043.177 1963.745 1602.237 3884.907 4606.968 5442.422 4680.332 2804.312 4899.687 7900.968 6237.46 946.3907 1004.995 993.3467 1604.647 2242.903 940.4591 906.5042 1272.342 5708.902 6598.075 2279.814 1478.383 1261.957 1431.431 2056.246 1617.657 1163.268 1251.397 2302 3365.028 818.8683 276.3739 174.767 203.1035 175.1833 170.9657 167.7533 118.8399 156.4741 141.2091 138.4275 183.2233 153.3218 144.7144 141.2289 153.8438 181.3626 178.0613 166.2705 165.3846
