GISdata/Popn density Slovenia 2015.asc
ncols         96
nrows         48
xllcorner     13
yllcorner     45
cellsize      0.0416666666667
NODATA_value  -9999
[rows 0 to 31 of 48, columns 0 to 71 of 96]
-9999 -9999 -9999 -9999 -9999 -9999 -9999 -9999 -9999 -9999 -9999 -9999 -9999 -9999 -9999 -9999 -9999 -9999 -9999 -9999 -9999 -9999 -9999 -9999 -9999 -9999 -9999 -9999 -9999 -9999 -9999 -9999 -9999 -9999 -9999 -9999 -9999 -9999 -9999 -9999 -9999 -9999 -9999 -9999 -9999 -9999 -9999 -9999 -9999 -9999 -9999 -9999 -9999 -9999 -9999 -9999 -9999 -9999 -9999 -9999 -9999 -9999 -9999 -9999 -9999 -9999 -9999 -9999 -9999 -9999 -9999 -9999
-9999 -9999 -9999 -9999 -9999 -9999 -9999 -9999 -9999 -9999 -9999 -9999 -9999 -9999 -9999 -9999 -9999 -9999 -9999 -9999 -9999 -9999 -9999 -9999 -9999 -9999 -9999 -9999 -9999 -9999 -9999 -9999 -9999 -9999 -9999 -9999 -9999 -9999 -9999 -9999 -9999 -9999 -9999 -9999 -9999 -9999 -9999 -9999 -9999 -9999 -9999 -9999 -9999 -9999 -9999 -9999 -9999 -9999 -9999 -9999 -9999 -9999 -9999 -9999 -9999 -9999 -9999 -9999 -9999 -9999 -9999 -9999
-9999 -9999 -9999 -9999 -9999 -9999 -9999 -9999 -9999 -9999 -9999 -9999 -9999 -9999 -9999 -9999 -9999 -9999 -9999 -9999 -9999 -9999 -9999 -9999 -9999 -9999 -9999 -9999 -9999 -9999 -9999 -9999 -9999 -9999 -9999 -9999 -9999 -9999 -9999 -9999 -9999 -9999 -9999 -9999 -9999 -9999 -9999 -9999 -9999 -9999 -9999 -9999 -9999 -9999 -9999 -9999 -9999 -9999 -9999 -9999 -9999 -9999 -9999 -9999 -9999 -9999 -9999 -9999 -9999 -9999 -9999 -9999
-9999 -9999 -9999 -9999 -9999 -9999 -9999 -9999 -9999 -9999 -9999 -9999 -9999 -9999 -9999 -9999 -9999 -9999 -9999 -9999 -9999 -9999 -9999 -9999 -9999 -9999 -9999 -9999 -9999 -9999 -9999 -9999 -9999 -9999 -9999 -9999 -9999 -9999 -9999 -9999 -9999 -9999 -9999 -9999 -9999 -9999 -9999 -9999 -9999 -9999 -9999 -9999 -9999 -9999 -9999 -9999 -9999 -9999 -9999 -9999 -9999 -9999 -9999 -9999 -9999 -9999 -9999 -9999 -9999 -9999 -9999 20.21889
-9999 -9999 -9999 -9999 -9999 -9999 -9999 -9999 -9999 -9999 -9999 -9999 -9999 -9999 -9999 -9999 -9999 -9999 -9999 -9999 -9999 -9999 -9999 -9999 -9999 -9999 -9999 -9999 -9999 -9999 -9999 -9999 -9999 -9999 -9999 -9999 -9999 -9999 -9999 -9999 -9999 -9999 -9999 -9999 -9999 -9999 -9999 -9999 -9999 -9999 -9999 -9999 -9999 -9999 -9999 -9999 -9999 -9999 -9999 -9999 -9999 -9999 -9999 -9999 -9999 -9999 -9999 -9999 -9999 -9999 -9999 24.12174
-9999 -9999 -9999 -9999 -9999 -9999 -9999 -9999 -9999 -9999 -9999 -9999 -9999 -9999 -9999 -9999 -9999 -9999 -9999 -9999 -9999 -9999 -9999 -9999 -9999 -9999 -9999 -9999 -9999 -9999 -9999 -9999 -9999 -9999 -9999 -9999 -9999 -9999 -9999 -9999 -9999 -9999 -9999 -9999 -9999 -9999 -9999 -9999 -9999 -9999 -9999 -9999 -9999 -9999 -9999 -9999 -9999 -9999 -9999 -9999 -9999 -9999 -9999 -9999 -9999 -9999 -9999 -9999 -9999 -9999 -9999 62.49054
-9999 -9999 -9999 -9999 -9999 -9999 -9999 -9999 -9999 -9999 -9999 -9999 -9999 -9999 -9999 -9999 -9999 -9999 -9999 -9999 -9999 -9999 -9999 -9999 -9999 -9999 -9999 -9999 -9999 -9999 -9999 -9999 -9999 -9999 -9999 -9999 -9999 -9999 -9999 -9999 -9999 -9999 -9999 -9999 -9999 -9999 -9999 -9999 -9999 -9999 -9999 -9999 -9999 -9999 -9999 -9999 -9999 -9999 -9999 -9999 -9999 -9999 -9999 -9999 -9999 -9999 107.723 35.19069 33.5147 72.68525 110.5126 45.58307
-9999 -9999 -9999 -9999 -9999 -9999 -9999 -9999 -9999 -9999 -9999 -9999 -9999 -9999 -9999 -9999 -9999 -9999 -9999 -9999 -9999 -9999 -9999 -9999 -9999 -9999 -9999 -9999 -9999 -9999 -9999 -9999 -9999 -9999 -9999 -9999 -9999 -9999 -9999 -9999 -9999 -9999 -9999 -9999 -9999 -9999 -9999 -9999 -9999 -9999 -9999 -9999 -9999 -9999 -9999 -9999 -9999 -9999 -9999 -9999 -9999 65.68798 55.65743 161.3344 137.5866 173.1783 90.56233 67.25014 54.36195 77.71561 82.54404 375.8252
-9999 -9999 -9999 -9999 -9999 -9999 -9999 -9999 -9999 -9999 -9999 -9999 -9999 -9999 -9999 -9999 -9999 -9999 -9999 -9999 -9999 -9999 -9999 -9999 -9999 -9999 -9999 -9999 -9999 -9999 -9999 -9999 -9999 -9999 -9999 -9999 -9999 -9999 -9999 -9999 -9999 -9999 -9999 -9999 -9999 -9999 46.93309 45.87705 19.41426 12.0942 17.82476 21.61089 21.9015 17.96167 26.5848 22.19074 12.50578 19.7752 24.63955 25.55686 26.89169 53.76332 91.16222 103.9642 108.0087 77.01408 67.58739 56.32216 68.53674 61.83201 66.03557 104.5211
-9999 -9999 -9999 -9999 -9999 -9999 -9999 -9999 -9999 -9999 -9999 -9999 -9999 -9999 -9999 -9999 -9999 -9999 -9999 -9999 -9999 -9999 -9999 -9999 -9999 -9999 -9999 -9999 -9999 -9999 -9999 -9999 -9999 -9999 -9999 -9999 -9999 -9999 -9999 -9999 -9999 -9999 -9999 -9999 13.72784 14.8742 43.2204 63.92473 272.5031 36.9333 53.2522 208.7023 128.9185 229.3775 63.3677 40.90882 26.43855 24.72159 15.64177 23.55936 26.38961 20.73448 98.49461 227.3443 153.9276 96.23763 75.57774 127.9538 88.43403 90.78831 55.62284 51.07563
-9999 -9999 -9999 -9999 -9999 -9999 -9999 -9999 -9999 -9999 -9999 -9999 -9999 -9999 -9999 -9999 -9999 -9999 -9999 -9999 -9999 -9999 -9999 -9999 -9999 -9999 -9999 -9999 -9999 -9999 -9999 -9999 -9999 -9999 -9999 -9999 -9999 -9999 -9999 -9999 -9999 -9999 -9999 33.53964 39.83842 120.2959 350.9197 274.439 109.7643 83.77164 50.49862 24.36258 18.25147 11.14002 20.37861 27.0065 15.67382 81.59102 31.13309 153.9546 223.7443 226.5159 843.8184 1791.17 696.8492 121.9254 72.99872 118.3088 102.2896 73.41753 86.8852 68.51887
-9999 -9999 -9999 -9999 -9999 -9999 -9999 -9999 -9999 -9999 -9999 -9999 -9999 -9999 -9999 -9999 22.61485 23.81508 27.13068 12.59093 2.610029 10.17609 10.83531 10.7528 -9999 -9999 -9999 -9999 -9999 -9999 -9999 -9999 -9999 -9999 -9999 -9999 -9999 -9999 -9999 -9999 -9999 4.984377 2.829051 13.8343 239.4554 110.1152 67.75039 263.394 37.95145 303.2051 214.2987 43.09276 21.91681 6.643082 32.56765 21.84308 13.10415 76.57264 21.38074 84.60476 152.7564 62.4164 935.1345 1078.646 995.6558 239.7717 134.4481 86.06689 70.94258 54.71395 61.07148 61.28827
-9999 -9999 -9999 -9999 -9999 -9999 -9999 -9999 -9999 -9999 -9999 -9999 -9999 -9999 -9999 -9999 22.61485 24.38839 29.08091 20.18322 11.40879 13.651 16.01917 20.42106 83.57796 28.59652 89.28671 126.9223 -9999 -9999 -9999 -9999 -9999 -9999 -9999 -9999 -9999 -9999 -9999 -9999 4.984377 4.760118 3.137075 32.79669 106.9441 29.5854 4.082141 11.98557 27.79841 172.9185 143.4059 69.64585 25.3547 30.19545 40.682 24.7821 5.915963 6.533367 7.063037 9.011662 11.44757 20.72692 97.42477 264.1107 275.5992 196.8812 145.1664 80.58385 77.13557 81.14114 42.27932 68.20744
-9999 -9999 -9999 -9999 -9999 -9999 -9999 -9999 -9999 -9999 -9999 -9999 -9999 0.8846749 0.7442861 2.066837 13.6016 15.86949 25.86214 23.04705 16.87555 18.09082 13.11798 31.73085 477.0232 533.5042 169.3143 58.84946 26.58453 17.53635 19.30107 18.13376 4.686697 4.026381 5.740641 15.06116 15.06116 -9999 2.036093 4.535756 7.297613 5.547926 4.913195 3.951122 17.0537 10.07975 8.19793 11.48147 25.85087 52.64218 36.79949 54.11887 75.13143 39.31304 28.1287 20.57621 17.38264 13.91782 19.55324 13.83873 34.64972 47.42754 174.2643 138.4457 148.3472 104.7307 102.3733 157.5804 396.6226 459.6485 114.8434 76.01302
-9999 -9999 -9999 -9999 -9999 -9999 -9999 -9999 -9999 -9999 -9999 -9999 2.751269 2.89225 2.448088 1.124835 1.067923 1.036732 1.037661 9.1409 16.03843 10.41673 4.520072 5.216171 14.22227 94.22381 242.3934 185.6371 56.31116 48.71951 50.32654 49.68496 8.221379 4.623726 6.145551 10.6692 15.06116 13.49002 2.036093 6.877354 6.989214 10.02456 11.35828 9.894415 7.22355 10.92958 12.73614 55.97009 167.2357 171.401 156.8792 40.16739 37.29722 31.95266 31.08916 51.77604 88.75976 136.967 141.2549 111.1638 145.314 453.366 135.0036 126.5548 109.3518 57.46715 88.16933 126.7473 312.2307 238.3867 108.678 129.8915
-9999 -9999 -9999 -9999 -9999 -9999 -9999 -9999 -9999 -9999 1.795986 1.100971 11.48358 49.37873 11.30603 1.780229 2.251319 1.357336 2.00471 6.130825 8.140438 11.79949 6.835311 3.432089 2.302051 109.4704 223.1933 314.3289 456.2582 45.26133 286.4011 468.2971 34.19969 13.16623 6.414454 5.000113 8.877957 3.034391 0.991941 3.030565 3.947356 37.77076 16.95594 57.73984 51.76265 19.05747 75.44704 122.6264 140.363 311.363 1096.425 482.7261 69.99384 99.57655 69.80619 52.9852 74.78556 228.3405 398.3859 106.6628 66.88701 70.41332 70.34639 58.26337 59.94421 110.6346 91.63897 55.23949 57.24515 91.39056 52.37595 88.39706
-9999 -9999 -9999 -9999 -9999 -9999 -9999 -9999 -9999 11.50255 11.04321 13.24797 21.44027 18.23254 7.650312 2.373193 2.396076 2.148 1.386386 7.169656 8.463105 14.75901 29.83913 29.41886 10.89306 8.676192 25.39636 17.70698 130.7742 137.8997 152.5571 167.604 96.84876 105.2862 93.31965 8.57606 6.489156 0.8037948 0.3129164 1.376912 8.640131 15.03547 11.5514 37.19836 55.97598 80.56163 214.0976 31.46633 135.8569 117.4225 67.04128 65.46809 83.32469 75.10207 118.2352 143.3726 39.52242 30.16166 67.356 110.0505 100.1833 160.3898 114.5609 56.4887 47.84793 32.10306 26.21039 27.5748 41.61662 27.43494 39.60311 51.61234
-9999 -9999 -9999 -9999 -9999 -9999 -9999 -9999 -9999 11.85969 13.3357 11.61345 18.63726 40.06139 23.87579 6.966103 4.509968 3.445739 0.7890771 0.6895083 7.89782 24.24102 124.5534 43.52243 5.115295 5.325644 9.024899 12.64175 53.05282 31.8488 88.40776 302.0711 693.5153 331.1598 186.5479 168.1597 46.22539 30.13328 157.021 30.0865 29.90391 18.31744 17.03356 45.54647 28.34332 46.33588 32.20177 32.25876 82.93105 263.3746 244.7631 252.1544 211.0413 200.9526 390.7327 280.3859 58.86232 93.64992 73.6515 49.52769 67.97181 64.14331 61.213 63.20982 41.96906 36.59033 34.01194 31.56756 28.51172 14.3817 29.76121 -9999
-9999 -9999 -9999 -9999 -9999 -9999 -9999 -9999 -9999 9.143425 10.03736 11.32329 14.39968 57.71838 43.2949 19.82716 24.99623 9.402191 2.558187 3.927685 6.123824 7.419925 5.008943 30.3369 13.80083 10.6621 56.56725 150.2735 82.56531 57.88609 40.57485 384.8914 1072.639 593.6667 183.6654 107.6936 99.35331 115.9497 775.4986 348.1381 86.64368 49.33488 58.15866 19.65873 13.91751 27.2238 63.04597 52.69652 68.67375 73.98637 235.8527 248.7912 300.4193 747.1604 1296.409 297.5269 113.5955 267.7395 131.8343 81.42262 201.4419 117.2711 130.5805 435.5332 145.9858 123.2161 34.96997 34.49994 -9999 -9999 -9999 -9999
-9999 -9999 -9999 -9999 -9999 -9999 -9999 -9999 -9999 -9999 6.726466 -9999 -9999 11.53982 28.46451 30.78831 37.00117 270.621 38.31745 6.913086 7.886821 11.36317 13.95804 28.06019 11.57779 13.01877 24.73995 35.8903 28.46655 44.69884 79.18681 669.736 257.282 139.0776 147.0126 144.2241 174.7524 304.4454 524.4048 102.2856 85.0008 55.76735 53.52425 42.7703 25.24486 48.62307 44.91425 37.75698 28.84993 76.96162 37.54437 51.02806 57.96825 103.7941 51.13869 51.86352 67.26247 152.7725 121.1586 54.0518 52.29365 57.98355 68.89297 54.55276 -9999 -9999 88.76722 -9999 -9999 -9999 -9999 -9999
-9999 -9999 -9999 -9999 -9999 -9999 -9999 -9999 -9999 -9999 -9999 -9999 -9999 -9999 7.847938 9.32287 15.30297 54.2639 58.30516 36.6912 20.49956 15.84208 22.41311 65.25657 30.75791 23.46604 22.94859 31.8649 64.98199 36.51624 45.04645 295.18 106.7846 516.2828 330.5327 346.4238 196.9217 347.7836 1236.751 174.8086 146.5162 141.9929 71.98529 39.0769 47.592 57.99751 176.7378 410.8779 488.9546 669.976 295.799 79.20877 83.5134 243.9625 84.81815 43.48585 36.71193 61.48458 52.76352 44.68101 43.50463 41.65096 75.26577 -9999 -9999 -9999 -9999 -9999 -9999 -9999 -9999 -9999
-9999 -9999 -9999 -9999 -9999 -9999 -9999 -9999 -9999 -9999 -9999 -9999 -9999 6.720921 22.44082 69.33015 30.09591 20.70975 15.9608 25.77715 21.40847 16.26699 25.66412 86.01539 39.19062 27.18251 69.1243 131.66 63.08912 21.52912 17.66382 12.25865 20.72753 74.92114 711.1342 1359.267 1230.268 1098.758 596.4958 151.0289 113.4128 93.60857 91.19439 72.00989 41.14789 39.36574 30.06014 54.86131 166.0191 70.32841 79.57384 29.60848 71.32089 38.70649 29.39591 22.64021 17.76527 55.41296 49.73689 37.67717 40.27217 44.56832 44.36295 49.21711 -9999 -9999 -9999 -9999 -9999 -9999 -9999 -9999
-9999 -9999 -9999 -9999 -9999 -9999 -9999 -9999 -9999 -9999 -9999 28.56601 17.3943 6.516316 60.07003 84.66505 17.24698 15.02158 14.48882 9.861684 7.590059 12.07831 13.33771 18.71096 64.77346 24.46639 199.4947 46.61644 39.29282 31.16519 32.05214 91.26051 55.30476 130.6232 992.3669 1457.227 1457.227 1457.227 1365.042 346.3091 19.59851 30.81594 35.31525 343.4252 266.9265 28.17774 14.20656 14.98685 24.61513 21.9115 33.35479 82.25356 174.0273 66.21644 36.97568 29.07845 21.04603 21.41673 18.77296 20.65509 31.836 52.25036 27.93846 51.9249 49.02948 57.56195 -9999 -9999 -9999 -9999 -9999 -9999
-9999 -9999 -9999 -9999 -9999 -9999 -9999 -9999 -9999 -9999 -9999 78.63481 77.29783 78.06421 23.79349 36.14976 24.25615 21.1453 12.39829 3.065511 3.156968 5.130815 9.374809 29.00022 244.043 46.4108 71.76895 30.82416 44.71751 51.03423 71.77424 148.4822 176.9207 282.8194 722.2367 1234.638 1295.247 958.9334 436.1253 41.82232 26.66673 33.66166 21.155 43.94034 63.23717 52.05251 20.59617 32.75251 21.63959 13.36716 19.0123 35.80033 44.53965 40.35809 104.135 374.0104 59.00493 43.3515 44.44147 218.1489 52.5033 36.44334 17.85884 31.8764 48.29023 48.78037 -9999 -9999 -9999 -9999 -9999 -9999
-9999 -9999 -9999 -9999 -9999 -9999 -9999 -9999 -9999 -9999 -9999 62.54857 166.8752 107.6771 56.68008 693.8702 100.6247 23.07637 16.05615 10.22597 14.6046 9.529337 4.359125 14.18849 153.3712 61.60599 24.50879 39.46655 57.13609 78.53445 203.059 207.9783 141.7625 183.4009 184.6259 65.494 258.4795 354.6643 223.761 345.8555 116.6303 68.39807 40.39468 56.48899 49.12209 45.09595 27.65489 43.19759 27.37966 83.66533 70.79147 52.87498 98.3168 23.40218 23.21134 43.85881 56.3525 53.14401 47.23631 223.6568 78.10696 52.16258 44.35197 52.11098 43.49162 42.88789 -9999 -9999 -9999 -9999 -9999 -9999
-9999 -9999 -9999 -9999 -9999 -9999 -9999 -9999 -9999 -9999 -9999 -9999 -9999 -9999 277.5051 968.4507 151.0884 120.1167 40.23286 22.56118 30.74208 39.03273 15.68083 8.079099 29.0492 32.03233 23.38557 54.44624 59.08274 192.5347 387.6487 101.9722 127.7582 85.701 28.37281 40.01215 122.211 135.4631 128.2403 244.8313 117.2043 106.3458 62.67095 223.813 133.0125 84.21379 59.06334 54.33892 75.92072 104.3075 39.40744 76.99493 37.53505 36.37173 39.15956 38.78083 49.75961 58.01611 61.75254 300.9436 134.8651 70.17376 232.2859 54.50142 56.79826 43.86914 -9999 -9999 -9999 -9999 -9999 -9999
-9999 -9999 -9999 -9999 -9999 -9999 -9999 -9999 -9999 -9999 -9999 -9999 -9999 -9999 309.1933 247.7739 169.3728 186.597 99.96812 53.08562 107.8539 403.8249 87.47358 48.60526 25.82719 7.012891 6.36858 11.69481 71.36649 162.3157 170.0509 11.25921 88.68366 33.51175 23.58107 20.08386 34.85389 38.07854 68.82918 47.56806 56.04555 39.04376 47.02154 73.47499 32.77994 29.93341 32.50169 70.73998 236.0695 59.04966 40.46766 36.79896 18.63764 62.34502 74.91555 73.85197 37.15854 22.92378 42.30153 68.01711 68.36956 70.46046 253.4529 100.5004 108.4049 -9999 -9999 -9999 -9999 -9999 -9999 -9999
-9999 -9999 -9999 -9999 -9999 -9999 -9999 -9999 -9999 -9999 -9999 -9999 -9999 66.74418 35.86563 37.90681 45.25835 26.32564 57.87033 72.03299 70.28943 123.3869 137.2075 93.37522 14.63187 18.47549 16.38004 8.189512 21.27418 18.24655 24.96597 18.07261 7.441786 16.66092 19.25353 14.22469 7.942963 32.74582 58.75755 89.59042 79.79218 33.34613 21.34245 51.76495 50.38296 34.06133 36.43364 36.74795 22.3527 55.74291 78.45676 86.44303 47.84884 112.3635 74.03984 96.05724 146.9261 65.98511 71.13887 54.15908 34.05401 29.62034 26.68809 43.14966 132.4423 -9999 -9999 -9999 -9999 -9999 -9999 -9999
-9999 -9999 -9999 -9999 -9999 -9999 -9999 -9999 -9999 -9999 -9999 -9999 -9999 -9999 27.19678 23.92219 22.571 37.81191 41.99729 29.51471 37.994 28.75457 65.12611 60.96865 1.665017 5.558336 13.88393 34.71637 23.30546 61.61977 37.64627 162.6221 146.9124 57.8788 20.99485 20.88023 10.16942 11.99952 45.21323 57.81973 28.93003 35.56252 18.34605 32.47027 22.73109 23.7007 66.38921 64.84687 18.97499 25.41414 100.9183 581.6028 597.7974 104.5943 58.68741 79.61157 48.84161 19.77921 27.88574 22.13445 14.03467 -9999 17.22416 70.16721 -9999 -9999 -9999 -9999 -9999 -9999 -9999 -9999
-9999 -9999 -9999 -9999 -9999 -9999 -9999 -9999 -9999 -9999 -9999 -9999 -9999 -9999 -9999 -9999 29.52905 21.91826 21.96764 44.10866 45.87159 22.72846 15.95079 25.69147 13.72058 19.505 29.94679 62.6748 97.92071 241.6226 158.3662 50.87884 58.48338 68.92316 47.16553 26.65742 33.43649 19.07342 41.49404 49.16229 75.40731 64.29968 53.98688 10.17817 11.10063 13.2034 4.474664 5.865755 44.70398 152.9982 89.99587 191.4229 282.5942 74.46245 49.85056 28.23649 16.92937 4.583532 -9999 -9999 -9999 -9999 -9999 -9999 -9999 -9999 -9999 -9999 -9999 -9999 -9999 -9999
-9999 -9999 -9999 -9999 -9999 -9999 -9999 -9999 -9999 -9999 -9999 -9999 -9999 -9999 -9999 -9999 -9999 -9999 31.59365 65.19311 173.477 47.82584 28.50904 10.63589 15.0449 22.71119 8.307353 37.4524 78.53628 13.7472 25.69759 13.11463 4.106434 3.964596 23.04988 102.8345 11.60126 22.79773 27.44361 27.31597 89.14393 179.5651 56.08662 13.1361 4.601122 3.221222 1.472381 0.2052341 23.52896 47.79466 34.45368 41.53471 32.80868 29.88789 7.650361 55.8255 10.41843 -9999 -9999 -9999 -9999 -9999 -9999 -9999 -9999 -9999 -9999 -9999 -9999 -9999 -9999 -9999
-9999 -9999 -9999 -9999 -9999 -9999 -9999 -9999 -9999 -9999 -9999 -9999 -9999 -9999 -9999 -9999 -9999 -9999 -9999 312.1877 166.8468 99.50482 50.62883 91.54939 13.74399 18.15009 9.542201 33.87581 135.3635 40.17394 7.646215 6.051154 8.227313 6.286231 16.02635 48.31981 14.58507 15.01999 22.44949 10.81579 5.20858 26.95403 42.17183 28.79084 57.26445 19.52233 1.524827 0.2113678 0.09854686 6.957828 12.30145 14.51158 14.88634 23.37033 58.38063 51.49438 39.16129 30.44907 -9999 -9999 -9999 -9999 -9999 -9999 -9999 -9999 -9999 -9999 -9999 -9999 -9999 -9999
